0.0773
23 2301
587 233 220
70
1 109 0  41 1  63 1 3
2 80 0  53 1  39 1 3
3 115 0  45 1  47 1 1
4 107 0  53 1  44 1 1
5 52 1  76 1  64 1 2
6 41 1  88 0  47 1 1
7 99 0  68 0  24 1 1
8 69 0  52 0  20 1 1
9 117 0  88 1  54 1 1
10 51 1  35 1  60 1 1
11 115 0  91 0  20 1 3
12 85 1  51 1  52 1 2
13 99 1  57 1  67 1 2
14 114 0  66 1  34 1 2
15 70 1  42 1  44 1 2
16 89 1  52 1  72 1 2
17 79 1  99 1  66 1 3
18 106 0  76 0  37 1 2
19 49 1  30 1  66 0 2
20 38 1  47 1  46 1 3
21 120 0  63 1  47 1 2
22 98 0  45 1  56 1 1
23 116 1  79 1  77 1 2
24 70 0  84 0  24 1 1
25 81 0  30 1  48 1 2
26 54 1  43 1  78 1 3
27 89 0  73 0  20 1 1
28 81 1  74 1  46 1 3
29 54 0  47 1  26 1 3
30 32 1  57 1  74 0 3
31 52 1  61 1  65 1 2
32 118 0  32 1  48 1 2
33 100 0  74 1  38 1 2
34 46 1  73 1  66 1 3
35 34 1  40 1  38 1 1
36 65 1  43 1  56 1 1
37 42 1  69 0  26 1 1
38 53 1  41 1  74 1 2
39 44 1  32 1  23 1 1
40 67 0  75 0  26 1 2
41 106 1  90 1  67 1 1
42 48 0  83 0  24 1 2
43 55 1  63 1  53 1 2
44 105 0  36 1  80 0 1
45 65 1  86 1  60 1 2
46 118 1  67 1  78 1 1
47 89 0  34 1  66 1 3
48 44 1  94 0  71 1 2
49 114 0  86 1  50 1 2
50 81 1  90 1  49 1 2
51 62 1  54 1  37 1 3
52 56 1  91 0  44 1 2
53 40 1  26 1  41 1 2
54 117 0  49 1  31 1 1
55 56 1  84 1  79 1 1
56 105 0  60 0  30 1 6
57 54 1  70 1  67 1 2
58 68 0  28 1  67 0 2
59 109 1  58 1  58 1 2
60 36 1  31 1  50 1 3
61 108 0  55 1  31 1 1
62 53 1  46 1  51 1 1
63 51 1  27 1  75 0 3
64 44 1  31 1  64 0 2
65 50 1  63 1  64 1 2
66 34 1  46 1  33 1 1
67 70 1  89 1  68 1 2
68 58 1  68 1  58 1 1
69 95 0  33 1  55 1 3
70 69 1  65 1  64 1 1
(79,116,186) ; (0,0,0)
(99,66,213) ; (488,0,0)
(106,165,138) ; (481,68,0)
(100,114,153) ; (0,119,0)
(91,115,151) ; (79,0,0)
(143,68,140) ; (345,0,0)
(67,118,78) ; (100,115,0)
(49,162,120) ; (432,71,0)
(187,106,90) ; (245,127,0)
(78,108,43) ; (167,125,0)
(65,122,138) ; (170,0,0)
(79,56,127) ; (353,68,0)
(110,63,176) ; (235,0,0)
(54,62,111) ; (235,63,0)
(58,58,109) ; (295,68,0)
(76,100,74) ; (167,133,43)
(65,69,64) ; (100,164,78)
(66,49,60) ; (100,115,78)
(120,47,126) ; (312,185,90)
(117,54,129) ; (315,131,90)
(66,99,129) ; (245,133,90)
(58,58,109) ; (295,68,109)
(51,60,35) ; (235,63,111)
(75,67,52) ; (167,166,117)
(75,27,51) ; (167,139,117)
(47,162,100) ; (433,71,120)
(75,54,92) ; (356,68,127)
(102,85,52) ; (481,148,138)
(53,80,39) ; (530,68,138)
(46,74,81) ; (484,68,138)
(32,44,23) ; (100,120,138)
(64,118,48) ; (170,0,138)
(34,46,33) ; (132,118,138)
(136,67,28) ; (352,0,140)
(65,56,43) ; (100,177,142)
(51,53,46) ; (235,63,146)
(84,70,68) ; (79,0,151)
(88,41,47) ; (79,70,151)
(68,114,66) ; (0,119,153)
(31,108,55) ; (68,125,153)
(31,36,50) ; (100,128,161)
(63,64,50) ; (425,0,168)
(73,66,46) ; (352,0,168)
(69,26,42) ; (167,140,168)
(73,66,46) ; (167,167,169)
(34,38,40) ; (132,126,171)
(107,53,44) ; (235,0,176)
(53,80,39) ; (530,68,177)
(64,44,31) ; (100,189,185)
(55,95,33) ; (0,0,186)
(64,44,31) ; (170,0,186)
(57,74,32) ; (170,44,186)
(96,83,24) ; (487,150,190)
