0.0823
37 3701
587 233 220
70
1 112 0  100 0  37 1 3
2 49 1  96 0  37 1 1
3 85 0  69 0  26 1 2
4 68 1  75 1  74 1 5
5 56 1  99 0  35 1 2
6 118 0  29 1  54 1 2
7 40 1  90 0  62 1 2
8 119 0  28 1  60 0 4
9 108 0  60 1  31 1 2
10 93 1  70 1  50 1 1
11 30 1  95 0  77 0 2
12 118 0  46 1  52 1 1
13 45 1  32 1  60 1 1
14 101 0  61 1  32 1 1
15 52 1  43 1  51 1 1
16 96 1  58 1  66 1 1
17 60 1  44 1  35 1 1
18 52 1  74 0  33 1 1
19 86 0  44 1  27 1 3
20 54 1  29 1  75 0 2
21 54 1  54 1  80 1 2
22 83 1  83 1  71 1 3
23 46 1  81 1  72 1 3
24 58 1  94 1  50 1 4
25 37 1  98 0  63 1 3
26 107 1  67 1  56 1 2
27 93 0  39 1  55 1 3
28 76 0  77 0  29 1 2
29 112 0  42 1  57 1 1
30 81 1  49 1  65 1 1
31 119 0  53 0  22 1 3
32 88 1  54 1  72 1 1
33 98 0  46 1  49 1 3
34 77 0  74 0  25 1 2
35 63 1  84 1  50 1 1
36 100 0  42 1  22 1 1
37 76 0  45 1  37 1 2
38 72 1  82 1  76 1 2
39 34 1  95 0  59 1 2
40 55 1  43 1  60 1 3
41 55 1  64 1  48 1 2
42 51 0  60 0  24 1 1
43 40 1  85 0  78 1 4
44 38 1  53 1  71 1 1
45 78 0  34 1  76 0 1
46 56 1  45 1  65 1 1
47 75 0  60 0  25 1 4
48 54 1  82 0  33 1 3
49 90 0  41 1  42 1 2
50 73 1  92 1  61 1 1
51 64 0  42 1  25 1 3
52 105 1  58 1  57 1 2
53 67 0  76 0  25 1 2
54 111 0  78 1  46 1 1
55 100 0  73 0  27 1 2
56 115 0  41 1  73 1 1
57 106 0  58 1  37 1 1
58 98 1  60 1  78 1 2
59 84 0  57 0  26 1 2
60 72 1  50 1  41 1 1
61 96 0  80 1  44 1 2
62 81 0  54 1  40 1 2
63 85 0  47 1  24 1 2
64 30 1  34 1  24 1 1
65 36 1  82 0  47 1 1
66 82 1  64 1  64 1 2
67 73 0  31 1  78 0 2
68 38 1  63 1  47 1 2
69 37 1  97 0  27 1 3
70 73 1  51 1  59 1 1
(174,50,94) ; (0,0,0)
(120,183,106) ; (0,50,0)
(72,76,214) ; (515,0,0)
(249,83,125) ; (338,150,0)
(137,150,100) ; (378,0,0)
(68,74,75) ; (519,76,0)
(175,100,111) ; (120,133,0)
(97,81,125) ; (120,50,0)
(94,50,128) ; (174,0,0)
(108,60,62) ; (270,0,0)
(41,90,84) ; (297,143,0)
(46,81,144) ; (217,50,0)
(115,73,41) ; (263,60,0)
(112,67,107) ; (266,60,41)
(106,58,152) ; (272,0,62)
(61,73,143) ; (526,76,75)
(40,85,132) ; (298,148,84)
(38,47,126) ; (0,0,94)
(64,50,126) ; (38,0,94)
(72,50,41) ; (102,0,94)
(93,55,117) ; (421,0,100)
(82,64,64) ; (432,55,100)
(75,29,54) ; (439,119,100)
(43,55,60) ; (378,0,100)
(54,88,72) ; (378,55,100)
(66,96,113) ; (0,134,106)
(64,82,64) ; (0,50,106)
(53,119,112) ; (66,111,106)
(55,60,110) ; (64,50,106)
(175,98,49) ; (120,133,111)
(76,78,92) ; (509,152,125)
(163,80,62) ; (346,150,125)
(95,77,30) ; (120,50,125)
(85,48,47) ; (174,0,128)
(65,49,81) ; (102,0,135)
(46,81,72) ; (217,50,144)
(99,56,70) ; (279,60,148)
(75,29,54) ; (439,119,154)
(56,45,65) ; (120,50,155)
(45,32,60) ; (120,95,155)
(38,71,53) ; (176,50,155)
(100,73,27) ; (120,156,160)
(43,52,51) ; (378,0,160)
(100,22,42) ; (120,134,160)
(68,95,59) ; (220,134,160)
(82,36,47) ; (432,55,164)
(64,25,42) ; (450,91,164)
(60,75,50) ; (0,50,170)
(54,86,44) ; (378,55,172)
(76,37,45) ; (174,0,175)
(95,77,30) ; (414,151,187)
(100,73,27) ; (120,156,187)
(52,74,33) ; (362,154,187)
