0.0738
52 5201
587 233 220
70
1 38 1  26 1  69 0 2
2 68 1  88 1  57 1 2
3 36 1  93 0  54 1 4
4 116 0  41 1  49 1 1
5 72 1  99 1  52 1 1
6 73 1  81 0  37 1 2
7 103 0  81 1  44 1 3
8 69 0  61 0  20 1 1
9 44 1  70 1  54 1 3
10 101 0  34 1  75 0 2
11 35 1  83 0  80 0 1
12 78 1  86 1  54 1 3
13 49 1  60 1  73 1 3
14 42 1  64 1  61 1 2
15 71 1  59 1  68 1 3
16 45 1  45 1  44 1 1
17 39 1  26 1  58 0 1
18 41 1  73 1  70 1 1
19 66 1  42 1  35 1 5
20 87 0  27 1  32 1 2
21 42 1  78 0  27 1 3
22 118 0  36 1  65 1 1
23 110 0  41 1  73 1 3
24 96 0  71 0  27 1 1
25 100 0  57 1  29 1 2
26 95 1  85 1  78 1 1
27 52 1  68 0  28 1 1
28 110 1  94 1  58 1 2
29 77 1  50 1  75 1 1
30 72 1  56 1  80 1 2
31 30 1  40 1  45 1 3
32 104 0  62 0  24 1 1
33 97 1  65 1  53 1 1
34 31 1  26 1  44 1 1
35 48 1  53 1  30 1 3
36 82 1  83 1  45 1 2
37 66 1  96 0  45 1 2
38 109 1  73 1  56 1 1
39 70 1  82 1  80 1 1
40 108 0  61 0  30 1 2
41 57 0  50 0  21 1 4
42 32 1  93 0  57 1 1
43 80 0  38 1  48 1 3
44 39 1  72 1  53 1 1
45 66 1  84 1  47 1 2
46 75 0  46 1  24 1 2
47 81 1  56 1  67 1 2
48 38 1  71 1  37 1 1
49 67 0  30 1  43 1 1
50 57 1  76 1  43 1 1
51 30 1  27 1  47 1 3
52 52 1  59 1  65 1 2
53 120 1  92 1  80 1 2
54 42 1  98 0  27 1 3
55 65 0  31 1  32 1 2
56 41 1  77 1  47 1 2
57 72 1  39 1  70 1 3
58 106 0  80 1  52 1 2
59 79 0  74 0  27 1 2
60 55 1  62 1  55 1 2
61 112 1  74 1  76 1 2
62 87 1  67 1  54 1 1
63 54 1  76 1  58 1 2
64 117 0  99 1  58 1 2
65 39 1  29 1  20 1 3
66 39 1  78 0  77 1 2
67 60 1  92 1  72 1 1
68 47 1  51 1  32 1 2
69 78 0  34 1  54 1 1
70 67 0  84 0  20 1 3
(120,184,80) ; (0,0,0)
(110,58,217) ; (477,0,0)
(115,172,132) ; (472,61,0)
(120,49,73) ; (0,184,0)
(68,59,213) ; (409,0,0)
(315,81,154) ; (157,152,0)
(86,149,78) ; (120,0,0)
(37,81,73) ; (120,152,0)
(72,93,206) ; (400,59,0)
(117,58,219) ; (292,0,0)
(84,67,154) ; (206,0,0)
(110,41,219) ; (290,58,0)
(106,52,160) ; (294,100,0)
(83,82,125) ; (206,67,0)
(80,48,144) ; (0,185,73)
(30,48,146) ; (80,185,73)
(37,81,73) ; (120,152,73)
(80,72,56) ; (120,0,78)
(79,74,27) ; (120,72,78)
(118,133,88) ; (0,0,80)
(77,50,75) ; (0,134,80)
(32,51,94) ; (77,133,80)
(76,74,112) ; (120,72,105)
(82,77,47) ; (206,67,125)
(108,61,30) ; (472,172,132)
(62,110,85) ; (518,61,132)
(42,98,81) ; (476,61,132)
(73,70,80) ; (120,0,134)
(35,66,42) ; (120,167,146)
(84,78,27) ; (388,152,154)
(202,75,34) ; (157,155,154)
(28,68,52) ; (360,162,154)
(84,61,64) ; (206,0,154)
(76,43,57) ; (0,141,155)
(100,49,60) ; (300,103,160)
(100,29,57) ; (480,204,162)
(93,32,57) ; (487,172,162)
(72,99,52) ; (0,0,168)
(41,116,49) ; (72,0,168)
(67,30,43) ; (0,99,168)
(75,46,48) ; (206,67,172)
(53,30,48) ; (206,114,172)
(27,30,47) ; (259,114,172)
(31,44,26) ; (77,140,174)
(53,72,39) ; (419,158,181)
(26,58,39) ; (393,172,181)
(29,20,39) ; (390,152,181)
(32,65,31) ; (120,168,188)
(87,54,32) ; (157,176,188)
(78,20,29) ; (157,156,188)
(32,65,31) ; (327,165,188)
(79,74,27) ; (244,156,188)
