0.0793
86 8601
587 233 220
70
1 73 1  37 1  46 1 2
2 64 1  68 1  57 1 1
3 107 0  40 1  21 1 1
4 66 0  34 1  27 1 3
5 69 1  42 1  48 1 5
6 101 0  28 1  29 1 1
7 118 0  39 1  33 1 1
8 98 0  36 1  73 0 3
9 110 0  34 1  47 1 1
10 106 1  73 1  54 1 2
11 79 0  39 1  26 1 2
12 103 0  30 1  75 0 1
13 78 0  53 1  33 1 1
14 36 1  92 0  31 1 2
15 80 1  71 1  55 1 1
16 72 1  79 1  59 1 3
17 94 1  80 1  76 1 1
18 76 1  67 1  44 1 2
19 112 0  49 1  33 1 2
20 58 0  39 1  27 1 2
21 103 1  81 1  76 1 3
22 99 0  97 0  44 1 2
23 38 1  88 0  80 0 2
24 118 0  61 0  25 1 3
25 76 1  98 1  53 1 1
26 49 1  57 1  29 1 1
27 52 1  62 1  77 1 2
28 97 0  41 1  67 1 2
29 61 0  61 0  21 1 1
30 102 1  92 1  78 1 1
31 89 0  75 1  42 1 1
32 30 1  38 1  55 1 3
33 103 0  74 1  40 1 1
34 113 0  88 1  54 1 1
35 96 0  91 1  47 1 2
36 110 0  56 1  48 1 4
37 79 0  29 1  68 0 3
38 56 1  58 1  59 1 3
39 72 1  78 1  76 1 2
40 116 0  37 1  24 1 2
41 100 0  27 1  59 0 1
42 72 0  35 1  68 1 3
43 68 1  66 1  44 1 1
44 100 1  72 1  65 1 2
45 66 1  61 1  79 1 1
46 88 1  94 1  65 1 1
47 62 1  89 1  64 1 1
48 54 1  71 1  71 1 2
49 34 1  52 1  52 1 1
50 86 0  42 0  21 1 1
51 91 0  54 1  42 1 3
52 50 0  25 1  57 0 4
53 31 1  27 1  25 1 5
54 43 1  49 1  71 1 4
55 46 1  65 1  79 1 2
56 87 0  90 0  22 1 1
57 111 0  64 0  31 1 2
58 87 1  55 1  44 1 2
59 44 1  63 1  47 1 1
60 105 0  81 1  42 1 3
61 69 0  100 0  29 1 1
62 49 1  93 0  30 1 3
63 46 1  74 1  80 1 1
64 59 0  32 1  21 1 3
65 62 0  30 1  70 0 1
66 102 1  76 1  70 1 1
67 114 0  47 1  53 1 2
68 93 1  85 1  71 1 1
69 47 1  43 1  38 1 1
70 54 1  50 1  76 1 1
(91,162,136) ; (0,0,0)
(354,105,81) ; (233,0,0)
(204,73,219) ; (383,160,0)
(86,71,191) ; (0,162,0)
(80,55,147) ; (507,105,0)
(200,65,134) ; (86,168,0)
(78,102,162) ; (91,0,0)
(113,54,88) ; (394,106,0)
(110,56,144) ; (91,112,0)
(59,56,213) ; (169,0,0)
(94,76,117) ; (289,157,0)
(62,52,179) ; (169,56,0)
(79,59,144) ; (201,109,0)
(114,47,106) ; (280,110,0)
(97,101,117) ; (490,0,81)
(80,46,139) ; (410,0,81)
(64,57,68) ; (426,46,81)
(79,61,138) ; (331,0,81)
(97,41,67) ; (329,61,81)
(96,42,138) ; (233,0,81)
(93,60,49) ; (233,42,81)
(112,49,66) ; (395,111,88)
(110,47,34) ; (284,110,106)
(92,72,31) ; (289,158,117)
(88,55,87) ; (233,42,130)
(118,61,50) ; (86,171,134)
(79,26,78) ; (204,206,134)
(78,33,53) ; (204,173,134)
(88,160,38) ; (0,0,136)
(65,46,79) ; (329,111,140)
(44,47,63) ; (285,110,140)
(98,53,76) ; (91,115,144)
(50,57,75) ; (201,111,144)
(29,57,49) ; (251,111,144)
(71,54,71) ; (516,105,147)
(54,71,71) ; (327,159,148)
(97,41,67) ; (329,61,148)
(34,66,27) ; (293,164,148)
(42,48,69) ; (448,46,149)
(110,48,56) ; (397,112,154)
(68,79,58) ; (91,0,162)
(59,21,32) ; (91,79,162)
(67,144,44) ; (0,0,174)
(21,107,40) ; (67,0,174)
(32,59,42) ; (295,171,175)
(47,43,38) ; (169,56,179)
(118,54,34) ; (86,178,184)
(75,31,27) ; (204,175,187)
(79,68,29) ; (0,165,191)
(25,31,27) ; (251,137,193)
(87,90,22) ; (500,0,198)
