0.089
42 4201
587 233 220
70
1 92 0  96 0  30 1 1
2 104 0  83 0  38 1 1
3 66 0  27 1  42 1 4
4 69 1  82 0  39 1 2
5 100 0  57 0  20 1 1
6 34 1  87 0  55 1 4
7 76 0  49 1  28 1 3
8 104 0  45 1  46 1 1
9 116 0  37 1  73 1 1
10 52 1  84 1  45 1 2
11 80 0  32 1  52 1 3
12 107 0  55 1  49 1 1
13 49 1  79 1  48 1 1
14 84 1  96 1  52 1 2
15 84 1  55 1  58 1 3
16 98 1  64 1  59 1 1
17 109 0  36 1  61 1 3
18 34 1  70 0  47 1 2
19 104 1  54 1  79 1 1
20 103 0  70 1  37 1 3
21 87 0  91 0  33 1 2
22 58 1  65 1  77 1 2
23 74 1  55 1  73 1 1
24 117 0  36 1  51 1 2
25 114 0  53 0  23 1 1
26 97 1  61 1  50 1 2
27 71 1  57 1  57 1 1
28 63 0  33 1  23 1 3
29 74 1  76 1  39 1 3
30 106 0  87 0  37 1 1
31 84 0  38 1  40 1 3
32 35 1  45 1  64 1 1
33 86 1  61 1  64 1 2
34 55 1  74 1  68 1 3
35 72 0  64 0  32 1 3
36 81 0  95 0  24 1 1
37 47 1  62 1  72 1 2
38 92 1  65 1  69 1 2
39 87 0  79 1  41 1 1
40 64 1  86 0  43 1 3
41 46 1  85 0  37 1 2
42 100 0  38 1  59 1 4
43 66 1  52 1  75 1 2
44 71 0  29 1  53 1 1
45 117 0  72 0  28 1 1
46 91 0  60 1  36 1 1
47 63 1  32 1  61 1 1
48 75 1  90 1  80 1 4
49 40 1  52 1  61 1 2
50 33 1  39 1  67 0 2
51 89 0  38 1  55 1 2
52 46 1  98 0  37 1 2
53 62 1  64 1  72 1 2
54 52 0  26 1  32 1 1
55 30 1  88 0  70 0 3
56 117 1  82 1  67 1 2
57 33 1  87 0  56 1 2
58 39 1  33 1  73 0 2
59 40 1  62 1  62 1 1
60 81 1  91 1  46 1 2
61 109 0  62 1  43 1 1
62 34 1  65 1  71 0 1
63 97 0  27 1  56 0 1
64 98 0  93 0  45 1 1
65 62 0  84 0  20 1 2
66 31 1  99 0  62 0 3
67 74 0  28 1  53 1 2
68 63 0  30 1  44 1 4
69 77 0  39 1  27 1 2
70 119 0  95 0  21 1 3
(147,64,148) ; (0,0,0)
(150,90,215) ; (437,0,0)
(309,72,146) ; (0,161,0)
(100,59,216) ; (487,174,0)
(104,84,188) ; (483,90,0)
(84,97,165) ; (0,64,0)
(68,55,190) ; (419,178,0)
(184,65,69) ; (147,0,0)
(50,97,122) ; (84,64,0)
(106,87,101) ; (331,0,0)
(46,85,178) ; (437,93,0)
(109,62,151) ; (310,171,0)
(98,93,112) ; (134,65,0)
(117,82,134) ; (320,89,0)
(87,91,66) ; (232,65,0)
(87,56,67) ; (232,65,66)
(87,34,55) ; (232,122,66)
(99,63,85) ; (147,0,69)
(77,65,150) ; (246,0,69)
(74,78,115) ; (361,0,101)
(28,74,106) ; (333,0,101)
(95,81,24) ; (134,65,112)
(87,33,56) ; (232,123,121)
(46,91,81) ; (84,64,122)
(87,41,79) ; (232,65,133)
(67,78,33) ; (370,93,134)
(49,76,84) ; (321,95,134)
(91,81,46) ; (134,65,136)
(40,62,62) ; (0,162,146)
(136,62,40) ; (40,162,146)
(74,55,73) ; (176,169,146)
(57,57,71) ; (250,167,146)
(120,64,52) ; (0,0,148)
(74,55,68) ; (345,177,151)
(32,61,63) ; (313,171,151)
(99,62,31) ; (147,0,154)
(42,66,54) ; (0,64,165)
(71,29,53) ; (0,132,165)
(35,64,45) ; (42,64,165)
(66,75,52) ; (371,96,167)
(73,33,39) ; (232,123,177)
(40,84,38) ; (442,93,178)
(84,80,38) ; (134,65,182)
(97,56,27) ; (147,0,185)
(73,39,33) ; (40,184,186)
(63,44,30) ; (113,179,186)
(63,44,30) ; (524,125,188)
(52,26,32) ; (535,90,188)
(39,77,27) ; (485,92,188)
(63,44,30) ; (422,188,190)
(100,57,20) ; (0,0,200)
