0.0813
62 6201
587 233 220
70
1 100 0  44 1  47 1 1
2 84 0  65 1  36 1 1
3 114 0  80 0  33 1 2
4 91 0  35 1  45 1 4
5 56 0  25 1  31 1 1
6 101 0  41 1  58 1 3
7 53 1  30 1  38 1 2
8 86 1  87 1  46 1 2
9 69 1  85 1  61 1 1
10 102 0  41 1  66 1 2
11 104 0  96 0  31 1 1
12 110 1  73 1  72 1 1
13 39 1  35 1  29 1 1
14 58 0  60 0  24 1 2
15 55 1  77 1  41 1 1
16 39 1  78 0  69 1 1
17 47 1  40 1  58 1 2
18 116 1  100 1  79 1 1
19 88 1  57 1  52 1 3
20 59 1  66 1  49 1 3
21 118 0  55 1  44 1 1
22 55 1  49 1  67 1 3
23 108 0  34 1  39 1 2
24 88 1  93 1  72 1 4
25 38 1  71 1  38 1 2
26 38 1  73 1  45 1 2
27 99 0  37 1  60 1 3
28 63 1  54 1  55 1 1
29 90 1  55 1  56 1 4
30 59 1  63 1  64 1 1
31 34 1  94 0  58 1 2
32 47 1  32 1  62 1 1
33 44 1  100 0  36 1 1
34 37 1  95 0  56 1 2
35 86 0  43 1  26 1 2
36 90 0  37 1  77 0 2
37 66 0  32 1  67 0 1
38 55 1  50 1  79 1 1
39 113 1  77 1  73 1 3
40 96 0  99 0  37 1 1
41 95 1  55 1  72 1 2
42 37 1  93 0  73 1 2
43 58 1  33 1  31 1 1
44 76 1  70 1  78 1 2
45 118 0  87 0  37 1 2
46 119 0  60 1  52 1 1
47 105 0  75 1  49 1 2
48 78 1  54 1  68 1 1
49 66 1  90 1  46 1 1
50 56 0  79 0  22 1 1
51 112 0  45 0  21 1 2
52 69 1  50 1  69 1 2
53 59 0  28 1  33 1 3
54 34 1  35 1  51 1 1
55 89 0  32 1  59 1 1
56 66 1  97 1  69 1 1
57 102 0  34 1  51 1 3
58 47 1  100 0  47 1 2
59 79 0  96 0  30 1 1
60 39 1  69 1  38 1 2
61 49 1  56 1  58 1 2
62 74 1  52 1  66 1 1
63 42 1  96 0  46 1 2
64 111 1  94 1  78 1 1
65 69 1  58 1  74 1 1
66 64 1  82 1  46 1 1
67 119 0  86 1  47 1 1
68 87 0  33 1  69 0 2
69 86 1  56 1  49 1 1
70 34 1  40 1  40 1 2
(188,72,168) ; (0,0,0)
(101,105,213) ; (0,128,0)
(176,186,109) ; (411,0,0)
(174,46,86) ; (413,187,0)
(139,56,220) ; (0,72,0)
(113,73,154) ; (101,160,0)
(38,30,106) ; (101,130,0)
(119,47,86) ; (294,186,0)
(118,184,66) ; (293,0,0)
(102,68,133) ; (188,0,0)
(57,88,156) ; (139,72,0)
(77,73,158) ; (214,160,0)
(96,92,42) ; (196,68,0)
(95,56,74) ; (196,68,42)
(91,35,90) ; (196,125,42)
(118,174,37) ; (293,0,66)
(90,46,66) ; (497,187,86)
(82,46,64) ; (415,187,86)
(116,47,40) ; (297,186,86)
(116,100,79) ; (295,0,103)
(116,71,76) ; (295,103,103)
(35,29,39) ; (101,131,106)
(80,114,66) ; (507,0,109)
(74,66,52) ; (513,114,109)
(94,78,111) ; (413,0,109)
(101,58,41) ; (412,122,109)
(86,43,52) ; (421,78,109)
(79,56,22) ; (196,68,116)
(112,45,42) ; (301,188,126)
(91,35,45) ; (196,125,132)
(69,61,85) ; (188,0,133)
(33,59,87) ; (257,0,133)
(79,55,50) ; (196,68,138)
(78,39,69) ; (419,194,150)
(94,58,68) ; (419,122,150)
(84,36,65) ; (503,197,152)
(93,73,37) ; (101,160,154)
(55,54,63) ; (139,72,156)
(51,34,35) ; (139,126,156)
(74,69,58) ; (214,164,158)
(63,64,59) ; (524,116,161)
(77,41,55) ; (430,78,161)
(119,60,52) ; (0,0,168)
(67,55,49) ; (119,0,168)
(102,34,51) ; (311,199,168)
(36,100,44) ; (551,0,175)
(35,91,45) ; (516,0,175)
(80,34,40) ; (196,126,177)
(108,68,39) ; (303,105,179)
(99,96,37) ; (312,0,182)
(62,47,32) ; (196,68,188)
(33,59,28) ; (101,174,191)
(60,58,24) ; (134,175,191)
