0.0798
64 6401
587 233 220
70
1 59 1  45 1  51 1 2
2 30 1  52 1  79 0 2
3 98 0  51 1  47 1 2
4 99 0  76 1  44 1 3
5 88 1  47 1  51 1 1
6 105 0  25 1  20 1 3
7 109 0  60 0  23 1 3
8 64 1  59 1  51 1 1
9 64 1  43 1  70 1 2
10 86 1  57 1  78 1 3
11 55 1  58 1  52 1 2
12 105 0  30 1  52 1 1
13 39 1  98 0  39 1 1
14 116 0  44 1  32 1 2
15 80 0  62 1  35 1 1
16 84 1  65 1  62 1 3
17 88 1  99 1  77 1 2
18 50 1  69 1  40 1 3
19 105 0  58 1  44 1 3
20 100 0  32 1  69 0 2
21 35 1  71 0  65 1 1
22 114 0  93 0  21 1 2
23 96 1  59 1  53 1 2
24 63 1  89 1  49 1 1
25 112 0  25 1  31 1 2
26 40 1  87 0  70 1 1
27 72 0  41 0  20 1 1
28 32 1  97 0  51 1 1
29 60 1  58 1  69 1 4
30 103 0  94 0  42 1 1
31 117 0  43 1  47 1 1
32 77 0  33 1  54 1 3
33 36 1  33 1  63 1 3
34 118 0  52 1  43 1 1
35 119 1  82 1  75 1 1
36 114 0  25 1  76 0 3
37 34 1  93 0  41 1 2
38 65 1  34 1  35 1 2
39 97 0  34 1  32 1 2
40 90 0  68 0  20 1 1
41 63 1  91 1  59 1 2
42 78 1  46 1  58 1 2
43 82 0  30 1  54 1 2
44 48 1  55 1  63 1 1
45 62 1  82 0  40 1 4
46 47 1  54 1  61 1 1
47 56 1  45 1  44 1 3
48 111 0  37 1  50 1 1
49 104 0  30 1  38 1 2
50 56 1  57 1  34 1 2
51 56 0  49 1  26 1 3
52 53 1  68 1  60 1 2
53 96 1  63 1  80 1 2
54 69 1  51 1  58 1 4
55 59 0  38 1  22 1 1
56 57 1  39 1  48 1 3
57 73 1  41 1  64 1 2
58 113 1  92 1  70 1 2
59 50 1  96 0  40 1 5
60 113 0  42 0  21 1 3
61 50 1  76 0  37 1 1
62 92 1  48 1  54 1 1
63 67 1  73 1  45 1 1
64 111 0  25 1  55 0 1
65 92 0  65 1  45 1 3
66 63 1  56 1  75 1 2
67 54 1  72 1  77 1 2
68 33 1  47 1  72 0 2
69 89 0  34 1  79 0 2
70 106 0  31 1  49 1 4
(116,138,176) ; (0,0,0)
(78,156,220) ; (509,0,0)
(113,92,190) ; (0,141,0)
(144,77,153) ; (443,156,0)
(113,96,219) ; (396,0,0)
(105,84,186) ; (113,149,0)
(181,82,75) ; (116,0,0)
(114,76,163) ; (329,157,0)
(91,59,177) ; (418,97,0)
(98,106,62) ; (298,0,0)
(71,65,155) ; (116,82,0)
(58,78,178) ; (218,155,0)
(98,51,166) ; (320,106,0)
(53,60,68) ; (276,173,0)
(92,65,90) ; (187,82,0)
(41,64,73) ; (279,109,0)
(58,105,99) ; (338,0,62)
(40,100,108) ; (298,0,62)
(53,60,68) ; (276,173,68)
(40,50,69) ; (280,123,73)
(178,79,34) ; (116,0,75)
(92,65,45) ; (187,82,90)
(104,79,60) ; (116,0,109)
(72,33,110) ; (220,0,109)
(73,45,67) ; (220,33,109)
(89,63,49) ; (187,82,135)
(47,54,61) ; (282,179,136)
(39,48,57) ; (281,125,142)
(100,69,64) ; (485,164,153)
(41,73,64) ; (444,160,153)
(48,55,63) ; (116,82,155)
(22,59,38) ; (164,82,155)
(56,68,57) ; (340,0,161)
(56,26,49) ; (340,68,161)
(90,44,56) ; (344,188,163)
(105,30,52) ; (329,158,163)
(92,48,54) ; (324,108,166)
(59,64,51) ; (116,0,169)
(37,76,50) ; (175,0,169)
(34,97,32) ; (303,0,170)
(109,120,23) ; (0,0,176)
(56,45,44) ; (220,33,176)
(82,54,30) ; (426,102,177)
(47,72,33) ; (218,161,178)
(33,63,36) ; (187,82,184)
(49,56,26) ; (220,82,184)
(93,82,34) ; (113,149,186)
(54,82,30) ; (0,147,190)
(49,56,26) ; (54,173,190)
(93,114,21) ; (0,0,199)
