0.0716
3 301
587 233 220
70
1 45 1  55 1  60 1 2
2 110 0  38 1  64 1 2
3 87 1  52 1  71 1 2
4 98 0  55 0  25 1 1
5 78 1  56 1  49 1 1
6 104 0  70 1  52 1 2
7 69 1  69 1  52 1 1
8 117 0  39 1  64 1 2
9 69 1  72 1  79 1 2
10 45 1  27 1  49 1 1
11 48 0  29 1  24 1 1
12 104 0  54 0  27 1 1
13 101 0  72 0  36 1 1
14 72 1  81 1  75 1 1
15 113 0  61 0  24 1 1
16 81 0  38 1  54 1 2
17 57 1  52 1  54 1 1
18 93 1  99 1  78 1 3
19 120 0  53 1  58 1 3
20 31 1  45 1  30 1 1
21 81 1  90 1  73 1 2
22 39 1  94 0  51 1 1
23 58 1  32 1  73 0 1
24 82 0  75 0  36 1 1
25 98 1  90 1  52 1 2
26 47 1  68 1  52 1 1
27 57 1  99 0  34 1 1
28 89 1  67 1  47 1 1
29 38 1  32 1  35 1 1
30 33 1  47 1  47 1 1
31 60 1  70 1  47 1 3
32 80 1  86 1  71 1 3
33 101 0  94 1  49 1 1
34 34 1  45 1  30 1 1
35 55 1  78 1  80 1 1
36 68 1  39 1  50 1 4
37 110 0  83 0  28 1 1
38 91 1  86 1  54 1 1
39 98 0  34 1  48 1 1
40 97 0  34 1  71 0 1
41 86 0  88 0  34 1 2
42 100 1  81 1  61 1 1
43 32 1  41 1  40 1 1
44 43 1  76 1  48 1 2
45 84 1  62 1  80 1 1
46 74 0  81 0  20 1 1
47 64 0  85 0  30 1 3
48 44 1  42 1  79 1 1
49 78 1  42 1  46 1 2
50 73 0  99 0  30 1 1
51 84 1  95 0  43 1 3
52 73 1  97 1  80 1 1
53 85 1  97 1  49 1 1
54 37 1  75 0  66 1 2
55 56 0  49 1  25 1 2
56 82 0  58 0  24 1 1
57 96 0  35 1  32 1 1
58 33 1  28 1  69 0 1
59 97 0  62 1  41 1 3
60 78 0  69 0  21 1 1
61 107 0  71 1  42 1 1
62 48 1  70 1  67 1 4
63 43 1  51 1  29 1 2
64 89 1  84 1  79 1 4
65 45 1  52 1  45 1 1
66 44 1  26 1  53 0 3
67 72 1  79 1  68 1 2
68 79 1  74 1  40 1 1
69 37 1  72 1  66 1 3
70 104 0  84 1  52 1 2
(168,79,182) ; (0,0,0)
(186,99,168) ; (401,0,0)
(149,68,218) ; (0,165,0)
(87,132,172) ; (500,101,0)
(79,84,214) ; (0,81,0)
(95,129,84) ; (405,104,0)
(80,86,71) ; (79,79,0)
(98,52,219) ; (149,181,0)
(146,81,162) ; (168,0,0)
(154,104,104) ; (251,129,0)
(86,91,122) ; (315,0,0)
(61,100,81) ; (159,81,0)
(30,45,65) ; (220,136,0)
(110,38,128) ; (291,91,0)
(67,48,70) ; (220,81,0)
(29,43,51) ; (220,138,65)
(67,47,89) ; (220,81,70)
(80,84,108) ; (79,81,71)
(60,94,70) ; (159,87,81)
(56,129,78) ; (444,104,84)
(39,117,64) ; (405,116,84)
(120,53,116) ; (285,180,104)
(117,50,68) ; (288,130,104)
(34,99,105) ; (251,134,104)
(29,43,51) ; (220,138,116)
(80,73,97) ; (321,0,122)
(81,38,54) ; (320,91,128)
(39,117,64) ; (405,116,148)
(58,82,24) ; (159,99,151)
(55,45,60) ; (220,81,159)
(53,120,58) ; (446,113,162)
(54,52,57) ; (168,0,162)
(56,25,49) ; (168,52,162)
(73,32,58) ; (222,0,162)
(60,45,55) ; (224,32,162)
(27,45,49) ; (285,32,162)
(116,69,52) ; (471,0,168)
(48,24,29) ; (539,69,168)
(68,39,50) ; (403,0,168)
(56,25,49) ; (483,69,168)
(44,53,52) ; (427,39,168)
(26,53,44) ; (401,39,168)
(76,86,48) ; (509,143,172)
(79,42,44) ; (506,101,172)
(33,47,47) ; (372,133,172)
(52,45,45) ; (320,135,172)
(32,41,40) ; (288,139,172)
(54,81,38) ; (159,100,175)
(74,79,40) ; (79,86,179)
(66,72,37) ; (0,0,182)
(101,72,36) ; (66,0,182)
(69,33,28) ; (332,91,182)
