0.0866
44 4401
587 233 220
70
1 56 1  85 1  47 1 2
2 60 0  29 1  22 1 3
3 38 1  72 1  72 1 2
4 55 1  76 1  73 1 3
5 57 1  90 1  65 1 1
6 31 1  93 0  60 1 1
7 68 0  92 0  28 1 2
8 66 0  34 1  28 1 1
9 90 0  60 0  22 1 2
10 83 0  51 1  37 1 3
11 67 1  47 1  59 1 3
12 79 0  73 0  24 1 1
13 44 1  51 1  65 1 3
14 58 1  87 1  56 1 1
15 116 1  91 1  65 1 1
16 63 1  93 1  77 1 2
17 37 1  70 0  20 1 3
18 80 0  32 1  64 0 2
19 90 1  55 1  56 1 2
20 91 1  60 1  72 1 2
21 52 0  51 0  21 1 1
22 71 1  38 1  40 1 1
23 53 1  77 1  48 1 2
24 61 0  91 0  23 1 2
25 82 0  27 1  72 0 3
26 94 0  28 1  79 0 1
27 93 0  33 1  69 0 2
28 69 1  64 1  35 1 1
29 88 1  50 1  72 1 2
30 67 0  32 1  48 1 2
31 110 0  67 1  47 1 2
32 78 1  61 1  43 1 1
33 39 1  96 0  36 1 3
34 54 1  99 1  77 1 1
35 57 1  89 0  40 1 2
36 93 0  87 0  32 1 1
37 109 0  26 1  30 1 1
38 32 1  48 1  48 1 1
39 64 0  88 0  31 1 3
40 45 1  43 1  43 1 1
41 101 0  33 1  43 1 3
42 70 1  94 1  66 1 2
43 54 1  32 1  61 1 1
44 32 1  41 1  71 0 1
45 32 1  48 1  75 0 2
46 67 0  26 1  55 0 1
47 115 1  77 1  72 1 1
48 57 1  92 1  65 1 2
49 32 1  96 0  20 1 1
50 65 0  59 1  32 1 2
51 88 0  91 0  34 1 1
52 33 1  84 0  27 1 2
53 86 0  51 1  32 1 2
54 89 0  75 0  22 1 3
55 73 1  40 1  58 1 6
56 89 1  71 1  74 1 2
57 73 1  63 1  69 1 2
58 53 1  73 0  29 1 1
59 30 1  48 1  33 1 4
60 63 0  28 1  72 0 3
61 44 1  97 0  56 1 1
62 72 0  25 1  72 0 3
63 103 0  76 0  23 1 3
64 109 0  95 0  47 1 3
65 61 1  95 1  80 1 3
66 94 0  81 0  21 1 2
67 36 1  99 0  67 1 2
68 36 1  47 1  47 1 3
69 118 0  84 1  51 1 3
70 114 0  77 0  30 1 3
(72,100,194) ; (0,0,0)
(122,95,220) ; (465,0,0)
(142,74,215) ; (0,159,0)
(80,73,218) ; (507,160,0)
(84,155,180) ; (72,0,0)
(77,63,214) ; (510,97,0)
(67,59,120) ; (0,100,0)
(120,137,91) ; (387,96,0)
(109,95,141) ; (356,0,0)
(54,77,195) ; (142,156,0)
(195,92,79) ; (156,0,0)
(115,77,185) ; (196,156,0)
(76,73,165) ; (311,160,0)
(80,61,138) ; (156,95,0)
(51,65,88) ; (336,95,0)
(88,64,93) ; (236,92,0)
(89,57,138) ; (156,0,79)
(75,32,137) ; (156,57,79)
(102,86,32) ; (249,0,79)
(51,65,44) ; (336,95,88)
(110,67,126) ; (393,166,91)
(93,69,122) ; (410,97,91)
(22,60,87) ; (388,106,91)
(80,64,64) ; (236,92,93)
(101,86,33) ; (250,0,111)
(56,55,90) ; (0,100,120)
(47,47,36) ; (340,113,132)
(67,59,79) ; (156,97,138)
(81,94,70) ; (384,0,141)
(27,84,66) ; (357,0,141)
(96,66,30) ; (255,0,144)
(96,20,32) ; (255,66,144)
(72,63,28) ; (236,93,157)
(29,73,53) ; (358,160,165)
(47,72,47) ; (311,161,165)
(45,43,43) ; (342,117,168)
(91,61,46) ; (260,0,174)
(70,20,37) ; (281,66,176)
(71,38,40) ; (72,0,180)
(36,96,39) ; (72,38,180)
(43,101,33) ; (108,38,180)
(69,64,35) ; (196,168,185)
(28,66,34) ; (265,166,185)
(72,63,28) ; (236,93,185)
(72,72,25) ; (0,0,194)
(52,51,21) ; (142,182,195)
