0.0719
74 7401
587 233 220
70
1 117 0  39 1  64 1 2
2 34 1  56 1  68 0 2
3 108 0  54 1  64 1 2
4 43 1  28 1  31 1 4
5 59 1  50 1  60 1 1
6 56 1  80 1  73 1 3
7 114 0  97 0  43 1 2
8 104 1  95 1  53 1 2
9 37 1  32 1  37 1 2
10 40 1  65 0  23 1 3
11 36 1  55 1  75 0 2
12 88 1  49 1  75 1 2
13 97 0  57 1  30 1 2
14 71 0  25 1  47 1 1
15 60 0  32 1  28 1 1
16 63 0  54 1  28 1 4
17 97 0  79 0  38 1 1
18 63 0  99 0  22 1 1
19 76 0  40 1  35 1 4
20 114 0  31 1  46 1 2
21 98 0  39 1  38 1 3
22 109 0  45 1  64 1 4
23 68 1  36 1  66 1 3
24 92 1  84 1  50 1 1
25 117 0  65 0  29 1 3
26 73 1  82 1  72 1 1
27 104 0  38 1  40 1 5
28 107 0  53 1  52 1 2
29 78 0  70 1  36 1 1
30 54 1  40 1  29 1 4
31 116 0  83 1  47 1 2
32 78 1  47 1  73 1 1
33 90 0  85 0  36 1 1
34 101 0  29 1  41 1 1
35 72 1  50 1  41 1 2
36 49 1  82 1  77 1 1
37 57 0  76 0  23 1 2
38 91 0  87 0  20 1 1
39 59 1  33 1  45 1 2
40 59 1  31 1  54 1 3
41 102 0  27 1  53 1 2
42 120 0  69 1  38 1 2
43 64 1  44 1  61 1 1
44 54 1  60 1  74 1 3
45 96 0  27 1  43 1 2
46 37 1  75 0  41 1 1
47 55 1  49 1  75 1 5
48 37 1  36 1  44 1 2
49 69 0  34 1  74 0 1
50 107 1  59 1  59 1 1
51 53 1  72 0  27 1 1
52 31 1  89 0  58 1 2
53 119 1  85 1  75 1 1
54 46 1  71 1  63 1 1
55 56 1  31 1  55 1 4
56 108 1  97 1  60 1 3
57 101 1  55 1  72 1 1
58 35 1  37 1  51 1 1
59 78 0  28 1  33 1 3
60 97 0  89 0  35 1 2
61 41 1  99 0  66 1 2
62 35 1  25 1  30 1 3
63 90 1  57 1  47 1 2
64 84 1  59 1  69 1 2
65 106 0  35 1  57 1 1
66 52 1  87 0  38 1 2
67 88 1  75 1  68 1 1
68 112 0  36 1  29 1 1
69 94 0  62 1  47 1 3
70 118 0  55 0  25 1 6
(104,93,217) ; (0,0,0)
(109,180,215) ; (478,0,0)
(216,55,214) ; (0,178,0)
(107,53,158) ; (480,180,0)
(119,85,191) ; (0,93,0)
(73,80,215) ; (104,0,0)
(116,47,173) ; (364,186,0)
(180,99,117) ; (298,0,0)
(50,84,164) ; (428,102,0)
(94,47,214) ; (119,131,0)
(120,76,192) ; (177,0,0)
(77,49,170) ; (119,80,0)
(76,87,107) ; (352,99,0)
(117,65,165) ; (216,168,0)
(29,40,216) ; (335,193,0)
(101,55,72) ; (196,76,0)
(136,36,66) ; (213,132,0)
(55,31,112) ; (297,99,0)
(78,36,70) ; (213,132,66)
(56,31,110) ; (293,137,66)
(63,54,84) ; (196,76,72)
(37,51,35) ; (259,76,72)
(73,82,72) ; (354,102,107)
(37,44,36) ; (259,76,107)
(50,30,35) ; (302,99,112)
(114,97,43) ; (362,0,117)
(60,97,57) ; (302,0,117)
(78,33,84) ; (213,135,136)
(37,44,36) ; (259,76,143)
(43,28,31) ; (309,99,147)
(63,54,28) ; (196,76,156)
(59,50,60) ; (523,183,158)
(33,45,59) ; (490,188,158)
(107,59,59) ; (369,0,160)
(106,35,57) ; (370,59,160)
(36,75,55) ; (442,109,164)
(114,62,46) ; (216,170,165)
(71,47,25) ; (119,80,170)
(65,40,46) ; (413,193,173)
(37,32,37) ; (376,201,173)
(57,76,46) ; (305,0,174)
(35,30,25) ; (314,138,176)
(37,75,41) ; (390,109,179)
(35,76,40) ; (355,108,179)
(37,37,32) ; (259,76,179)
(59,45,33) ; (196,76,184)
(101,41,29) ; (0,135,191)
(112,36,29) ; (0,93,191)
(53,72,27) ; (177,0,192)
(60,32,28) ; (230,0,192)
(65,40,23) ; (119,80,195)
