0.0777
73 7301
587 233 220
70
1 68 1  60 1  37 1 2
2 98 0  75 0  26 1 2
3 80 0  36 1  50 1 2
4 75 1  91 1  54 1 3
5 91 1  59 1  79 1 1
6 104 0  43 1  71 1 1
7 87 0  89 0  24 1 2
8 41 1  33 1  75 0 2
9 93 0  63 1  32 1 3
10 79 0  95 0  37 1 1
11 109 1  89 1  72 1 3
12 49 1  86 1  56 1 2
13 104 0  91 0  44 1 1
14 90 0  29 1  40 1 1
15 115 0  52 1  66 1 2
16 34 1  96 0  47 1 2
17 99 1  98 1  79 1 1
18 39 1  34 1  20 1 1
19 82 1  91 1  76 1 1
20 58 1  35 1  48 1 1
21 75 0  29 1  24 1 1
22 61 1  45 1  74 1 2
23 109 0  25 1  59 0 1
24 55 1  89 1  78 1 2
25 85 0  46 1  39 1 4
26 49 1  48 1  60 1 2
27 120 0  48 1  50 1 1
28 53 1  97 1  68 1 2
29 91 0  31 1  46 1 1
30 39 1  54 1  50 1 1
31 55 1  78 1  56 1 2
32 70 1  80 1  79 1 2
33 78 0  33 1  68 0 1
34 77 1  41 1  52 1 3
35 74 0  34 1  68 0 1
36 76 0  30 1  53 1 2
37 85 1  79 1  58 1 2
38 102 0  33 1  29 1 1
39 103 1  54 1  80 1 2
40 112 0  43 1  43 1 3
41 89 1  71 1  59 1 1
42 74 1  82 1  59 1 1
43 51 0  45 0  21 1 1
44 55 1  43 1  30 1 3
45 111 0  96 0  45 1 1
46 68 1  96 1  51 1 2
47 93 1  53 1  79 1 2
48 109 1  100 1  66 1 2
49 89 1  51 1  72 1 1
50 48 1  32 1  37 1 1
51 107 0  68 1  46 1 3
52 54 0  27 1  48 1 1
53 103 0  50 1  33 1 2
54 60 1  33 1  43 1 2
55 58 1  99 1  77 1 1
56 44 1  75 0  33 1 1
57 91 1  59 1  74 1 1
58 33 1  91 0  51 1 2
59 112 0  31 1  73 0 1
60 81 1  97 0  47 1 2
61 38 1  47 1  65 1 1
62 64 1  70 1  41 1 3
63 106 0  25 1  36 1 2
64 86 0  56 1  38 1 3
65 51 0  43 0  20 1 1
66 81 0  71 0  29 1 1
67 112 0  85 0  41 1 1
68 91 0  63 0  31 1 2
69 70 1  46 1  73 1 2
70 69 1  46 1  45 1 1
(158,140,145) ; (0,0,0)
(72,169,218) ; (515,0,0)
(158,93,116) ; (0,140,0)
(70,64,123) ; (517,169,0)
(173,59,112) ; (344,174,0)
(89,72,219) ; (426,0,0)
(66,100,218) ; (449,74,0)
(104,165,120) ; (158,0,0)
(107,68,138) ; (158,165,0)
(91,76,190) ; (335,0,0)
(115,97,139) ; (334,77,0)
(79,59,91) ; (265,174,0)
(73,70,92) ; (262,0,0)
(68,102,96) ; (266,72,0)
(79,56,86) ; (265,177,91)
(53,68,97) ; (282,0,92)
(20,39,34) ; (262,0,92)
(58,99,77) ; (276,75,96)
(91,54,108) ; (425,176,112)
(80,50,72) ; (345,180,112)
(87,89,104) ; (0,142,116)
(61,90,74) ; (87,141,116)
(99,79,98) ; (158,0,120)
(98,75,26) ; (158,85,120)
(68,53,97) ; (519,180,123)
(104,43,71) ; (158,190,138)
(106,25,72) ; (158,165,138)
(104,91,44) ; (341,82,139)
(112,129,43) ; (0,0,145)
(33,91,51) ; (112,0,145)
(35,48,58) ; (112,91,145)
(98,75,26) ; (158,85,146)
(98,60,48) ; (158,100,172)
(45,69,46) ; (289,105,173)
(55,30,43) ; (279,75,173)
(77,52,41) ; (267,180,177)
(68,60,37) ; (377,113,183)
(102,29,33) ; (343,82,183)
(32,48,37) ; (345,125,183)
(75,44,33) ; (350,186,184)
(112,73,31) ; (0,0,188)
(91,46,31) ; (0,73,188)
(48,54,27) ; (287,0,189)
(53,76,30) ; (87,155,190)
(81,71,29) ; (345,0,190)
(29,75,24) ; (112,0,196)
