0.0848
5 501
587 233 220
70
1 113 0  51 1  41 1 2
2 96 1  82 1  72 1 1
3 43 1  89 0  77 1 1
4 68 1  44 1  37 1 2
5 68 0  38 1  29 1 1
6 100 0  29 1  61 0 1
7 72 1  99 0  45 1 1
8 91 0  70 1  36 1 2
9 120 0  89 0  31 1 1
10 113 0  91 1  54 1 1
11 66 1  76 1  51 1 1
12 80 1  44 1  76 1 3
13 59 1  65 1  75 1 1
14 72 1  96 1  77 1 1
15 54 1  74 1  70 1 3
16 43 1  54 1  36 1 2
17 40 1  56 1  43 1 1
18 101 0  45 1  79 1 3
19 120 0  82 0  31 1 1
20 96 1  85 1  66 1 4
21 40 1  31 1  52 1 2
22 82 0  39 1  25 1 1
23 55 1  94 1  76 1 1
24 65 0  31 1  39 1 1
25 101 1  68 1  80 1 1
26 83 0  50 0  24 1 1
27 87 1  72 1  50 1 1
28 30 1  72 0  21 1 3
29 80 0  77 0  36 1 3
30 107 1  68 1  61 1 4
31 111 0  38 1  29 1 2
32 32 1  31 1  24 1 2
33 98 0  26 1  34 1 2
34 85 1  89 1  59 1 3
35 86 0  27 1  56 0 1
36 48 1  96 0  33 1 1
37 42 1  57 1  35 1 1
38 36 1  32 1  26 1 1
39 92 0  50 1  27 1 3
40 117 0  100 0  46 1 1
41 103 0  36 1  60 1 3
42 105 0  60 1  40 1 2
43 44 1  57 1  44 1 1
44 77 1  51 1  63 1 1
45 45 1  85 0  40 1 1
46 100 0  41 1  23 1 2
47 36 1  55 1  30 1 1
48 100 0  68 0  23 1 2
49 52 1  71 1  64 1 2
50 37 1  90 0  43 1 2
51 67 1  65 1  69 1 1
52 115 0  63 1  54 1 3
53 53 1  70 1  63 1 1
54 67 0  32 1  36 1 1
55 84 1  62 1  53 1 1
56 49 1  69 1  52 1 3
57 67 1  44 1  43 1 2
58 69 1  84 1  51 1 1
59 107 0  84 0  25 1 3
60 88 0  96 0  36 1 3
61 89 0  43 1  68 1 2
62 116 1  75 1  73 1 1
63 119 0  77 1  53 1 2
64 92 0  51 1  26 1 2
65 89 0  77 0  31 1 2
66 75 1  82 1  42 1 3
67 33 1  77 0  74 0 1
68 65 0  93 0  22 1 1
69 50 1  61 1  73 1 3
70 50 1  100 0  57 1 1
(219,61,186) ; (0,0,0)
(96,170,138) ; (0,63,0)
(54,230,133) ; (533,0,0)
(192,85,141) ; (341,148,0)
(89,145,123) ; (444,0,0)
(178,77,103) ; (96,156,0)
(105,148,60) ; (339,0,0)
(120,89,116) ; (96,61,0)
(119,53,195) ; (219,0,0)
(66,76,110) ; (275,157,0)
(120,101,103) ; (219,53,0)
(101,79,135) ; (341,0,60)
(52,69,49) ; (390,79,60)
(51,69,84) ; (339,79,60)
(73,75,116) ; (96,158,103)
(80,77,80) ; (169,156,103)
(21,72,90) ; (249,161,103)
(120,91,72) ; (219,53,103)
(52,64,111) ; (390,79,109)
(64,71,105) ; (276,161,110)
(115,63,54) ; (96,61,116)
(92,26,51) ; (96,124,116)
(86,90,96) ; (446,0,123)
(84,53,62) ; (448,91,123)
(54,92,76) ; (533,0,133)
(44,67,86) ; (543,155,133)
(51,63,77) ; (536,92,133)
(94,55,76) ; (0,178,138)
(91,113,54) ; (0,65,138)
(113,51,41) ; (417,181,141)
(111,29,76) ; (419,152,141)
(75,82,42) ; (342,150,141)
(36,67,32) ; (354,79,144)
(82,25,39) ; (96,125,167)
(100,57,50) ; (96,61,170)
(44,57,44) ; (219,53,175)
(76,56,43) ; (263,53,175)
(55,30,36) ; (219,110,175)
(65,31,39) ; (274,109,175)
(36,54,43) ; (354,79,176)
(96,48,33) ; (434,184,182)
(42,57,35) ; (169,175,183)
(74,77,33) ; (343,155,183)
(38,68,29) ; (211,164,183)
(83,50,24) ; (449,94,185)
(100,61,29) ; (0,0,186)
(86,56,27) ; (100,0,186)
(26,36,32) ; (186,0,186)
(50,92,27) ; (0,86,192)
(41,100,23) ; (50,78,192)
(100,68,23) ; (342,0,195)
(100,41,23) ; (219,0,195)
