0.0743
34 3401
587 233 220
70
1 86 0  36 1  37 1 2
2 72 1  82 1  53 1 3
3 86 0  31 1  47 1 2
4 51 1  67 1  45 1 1
5 90 0  39 1  59 1 1
6 114 0  76 0  21 1 2
7 37 1  27 1  79 0 1
8 48 1  90 1  78 1 2
9 89 0  85 0  20 1 1
10 110 0  90 0  27 1 3
11 69 1  77 1  48 1 1
12 43 1  40 1  51 1 2
13 48 1  27 1  61 0 6
14 33 1  57 1  79 0 1
15 34 1  61 0  24 1 1
16 43 1  54 1  43 1 1
17 72 1  89 1  55 1 2
18 52 1  81 1  59 1 2
19 61 1  31 1  76 0 3
20 52 0  25 1  58 0 1
21 62 1  61 1  65 1 1
22 47 1  34 1  75 0 1
23 46 1  83 0  41 1 3
24 107 0  48 1  37 1 2
25 112 0  65 0  25 1 2
26 95 0  44 1  29 1 2
27 55 1  74 1  65 1 2
28 50 0  77 0  21 1 1
29 106 0  39 1  51 1 3
30 120 0  30 1  58 1 3
31 38 1  49 0  24 1 1
32 44 1  30 1  30 1 1
33 53 1  62 1  48 1 1
34 30 1  76 0  46 1 2
35 104 0  54 1  51 1 1
36 100 0  87 0  39 1 1
37 118 0  45 1  76 1 3
38 112 0  52 1  36 1 1
39 63 1  37 1  41 1 1
40 86 0  91 0  29 1 1
41 77 0  36 1  72 0 3
42 77 1  92 1  78 1 5
43 99 1  80 1  77 1 2
44 86 1  60 1  50 1 3
45 80 1  66 1  60 1 2
46 83 1  89 1  51 1 1
47 36 1  83 0  46 1 3
48 70 0  96 0  21 1 1
49 64 1  64 1  77 1 2
50 119 0  70 0  27 1 4
51 58 1  38 1  31 1 1
52 77 1  95 1  71 1 1
53 46 1  40 1  24 1 3
54 37 1  83 0  35 1 2
55 90 1  78 1  55 1 2
56 104 0  81 0  35 1 1
57 54 1  68 1  43 1 1
58 73 1  72 1  65 1 2
59 37 1  68 1  39 1 3
60 76 1  43 1  65 1 2
61 98 0  30 1  54 1 1
62 74 0  26 1  77 0 2
63 110 0  96 0  24 1 3
64 46 1  48 1  44 1 3
65 120 0  87 1  44 1 1
66 96 0  30 1  57 1 1
67 98 0  31 1  43 1 3
68 69 1  95 1  61 1 4
69 108 0  36 1  65 1 1
70 30 1  52 1  78 0 1
(0,0,0) ; (95,61,69)
(0,61,0) ; (95,122,69)
(0,0,69) ; (95,61,138)
(0,61,69) ; (95,122,138)
(0,0,138) ; (46,44,186)
(46,0,138) ; (92,44,186)
(0,44,138) ; (90,122,186)
(348,0,0) ; (431,41,46)
(348,41,0) ; (431,77,46)
(431,0,0) ; (509,77,92)
(509,0,0) ; (587,77,92)
(348,0,46) ; (431,41,92)
(348,41,46) ; (431,77,92)
(348,0,92) ; (426,77,184)
(426,0,92) ; (504,77,184)
(504,0,92) ; (582,77,184)
(348,0,184) ; (434,37,220)
(348,37,184) ; (434,74,220)
(434,0,184) ; (506,77,220)
(506,0,184) ; (578,77,220)
(488,79,0) ; (587,156,80)
(488,156,0) ; (587,233,80)
(488,79,80) ; (543,153,145)
(488,153,80) ; (543,227,145)
(543,79,80) ; (586,155,145)
(543,155,80) ; (586,231,145)
(0,123,0) ; (90,178,78)
(0,178,0) ; (90,233,78)
(0,123,78) ; (90,233,105)
(0,123,105) ; (89,178,177)
(0,178,105) ; (89,233,177)
(90,122,0) ; (180,232,27)
(180,122,0) ; (223,165,54)
(180,165,0) ; (223,233,54)
(223,122,0) ; (262,228,51)
(90,122,27) ; (180,232,54)
(223,122,51) ; (262,228,102)
(90,122,54) ; (186,232,78)
(186,122,54) ; (223,229,102)
(90,122,78) ; (186,232,102)
(95,0,0) ; (171,118,45)
(95,0,45) ; (171,118,90)
(95,0,90) ; (171,118,135)
(95,0,135) ; (171,114,156)
(95,0,156) ; (171,114,177)
(382,151,0) ; (435,233,72)
(435,151,0) ; (488,233,72)
(382,151,72) ; (486,232,107)
(382,151,107) ; (434,232,166)
(434,151,107) ; (486,232,166)
(171,0,0) ; (201,120,58)
(201,0,0) ; (231,120,58)
(231,0,0) ; (261,120,58)
(171,0,58) ; (258,120,102)
(411,77,0) ; (488,149,36)
(411,77,36) ; (488,148,131)
(262,153,0) ; (322,233,66)
(322,153,0) ; (382,233,66)
(262,0,0) ; (348,31,47)
(262,31,0) ; (348,62,47)
(262,0,47) ; (348,60,97)
(346,77,0) ; (411,150,72)
(346,77,72) ; (411,150,144)
(262,62,0) ; (302,86,46)
(262,86,0) ; (302,110,46)
(302,62,0) ; (346,110,46)
(262,110,0) ; (345,151,46)
(262,62,46) ; (345,151,97)
(320,153,66) ; (381,180,114)
(320,180,66) ; (382,233,114)
(262,154,66) ; (319,233,99)
(262,0,97) ; (348,60,147)
(262,0,147) ; (348,60,197)
(263,62,97) ; (345,115,169)
(262,115,97) ; (345,151,143)
(262,155,99) ; (310,233,189)
(262,155,189) ; (308,231,219)
(90,122,102) ; (141,228,141)
(90,122,141) ; (141,226,195)
(141,158,102) ; (260,228,129)
(141,158,129) ; (260,228,156)
(141,158,156) ; (260,228,183)
(171,0,102) ; (219,77,171)
(141,122,102) ; (253,158,154)
(141,122,154) ; (249,158,219)
(219,0,102) ; (258,37,170)
(219,37,102) ; (258,74,170)
(219,74,102) ; (258,111,170)
(171,77,102) ; (214,117,153)
(320,157,114) ; (381,233,145)
(320,157,145) ; (381,233,176)
(411,77,131) ; (488,141,195)
(262,116,143) ; (345,151,180)
(346,77,144) ; (411,139,205)
(488,141,145) ; (586,184,176)
(488,184,145) ; (586,227,176)
(490,79,145) ; (538,140,172)
(538,79,145) ; (586,140,172)
(171,77,153) ; (212,114,216)
(382,154,166) ; (456,231,192)
(456,154,166) ; (486,232,218)
(382,154,192) ; (456,231,218)
(278,62,169) ; (345,107,220)
(219,0,170) ; (256,107,218)
(171,0,171) ; (218,75,205)
(505,79,172) ; (532,140,220)
(532,79,172) ; (559,140,220)
(559,79,172) ; (586,140,220)
(491,169,176) ; (586,198,220)
(491,198,176) ; (586,227,220)
(507,142,176) ; (586,169,213)
(323,202,176) ; (381,233,214)
(330,162,176) ; (381,202,219)
(0,133,177) ; (87,233,216)
(95,0,177) ; (171,61,208)
(95,61,177) ; (171,107,207)
(262,116,180) ; (345,151,217)
(141,158,183) ; (260,228,210)
(0,0,186) ; (86,91,215)
(0,91,186) ; (61,115,220)
(90,188,195) ; (139,226,219)
(90,148,195) ; (136,188,219)
(430,77,195) ; (488,129,220)
(271,0,197) ; (348,50,218)
