0.0779
45 4501
587 233 220
70
1 77 0  28 1  50 1 2
2 84 1  61 1  44 1 2
3 62 0  52 1  30 1 3
4 112 0  28 1  76 0 1
5 37 1  37 1  33 1 2
6 68 1  82 1  63 1 1
7 82 0  40 1  31 1 1
8 62 0  48 1  29 1 1
9 75 0  26 1  50 1 1
10 101 1  99 1  52 1 1
11 36 1  46 1  32 1 2
12 44 1  81 0  25 1 2
13 101 0  50 1  79 1 2
14 69 0  27 1  43 1 3
15 51 1  76 1  54 1 3
16 114 0  84 0  32 1 2
17 65 1  50 1  45 1 1
18 101 0  46 1  65 1 1
19 74 0  49 1  29 1 6
20 36 1  98 0  59 1 3
21 106 0  29 1  28 1 2
22 41 1  89 0  36 1 2
23 113 0  69 1  44 1 1
24 63 0  61 0  25 1 1
25 92 1  73 1  60 1 1
26 72 1  82 1  73 1 2
27 31 1  81 0  29 1 2
28 107 1  73 1  61 1 1
29 110 0  33 1  48 1 1
30 35 1  66 1  43 1 2
31 36 1  97 0  47 1 1
32 32 1  52 1  33 1 2
33 78 0  93 0  20 1 4
34 78 0  77 0  25 1 1
35 113 0  85 1  43 1 1
36 64 0  53 0  24 1 2
37 97 1  71 1  74 1 3
38 98 0  77 0  23 1 3
39 63 1  78 1  65 1 1
40 74 1  48 1  47 1 3
41 75 1  77 1  64 1 2
42 89 1  95 1  69 1 3
43 75 1  53 1  68 1 2
44 68 1  54 1  57 1 2
45 107 1  100 1  63 1 2
46 31 1  61 1  59 1 2
47 69 1  42 1  59 1 3
48 37 1  40 1  27 1 3
49 43 1  60 1  72 1 1
50 58 1  67 1  80 1 1
51 88 0  73 0  33 1 1
52 80 1  84 1  56 1 2
53 101 0  88 1  49 1 1
54 106 0  53 1  34 1 2
55 75 1  63 1  76 1 3
56 86 0  58 1  38 1 1
57 90 0  51 1  30 1 3
58 53 1  82 1  65 1 2
59 50 1  64 1  62 1 1
60 35 1  80 0  48 1 1
61 104 0  97 0  46 1 3
62 80 0  95 0  30 1 1
63 111 1  72 1  68 1 1
64 63 1  82 1  42 1 3
65 39 1  40 1  22 1 1
66 85 0  67 0  27 1 3
67 54 1  87 1  65 1 3
68 66 1  55 1  68 1 2
69 98 0  55 1  40 1 2
70 110 0  47 1  26 1 1
(64,153,150) ; (0,0,0)
(110,98,218) ; (477,0,0)
(54,132,218) ; (533,101,0)
(56,80,219) ; (0,153,0)
(200,63,189) ; (333,170,0)
(190,69,89) ; (56,164,0)
(101,158,73) ; (64,0,0)
(312,97,66) ; (165,0,0)
(82,72,220) ; (451,98,0)
(97,71,74) ; (354,99,0)
(110,66,68) ; (165,98,0)
(87,65,162) ; (246,168,0)
(78,65,138) ; (276,103,0)
(54,51,152) ; (423,0,66)
(66,35,86) ; (411,51,66)
(113,44,154) ; (310,0,66)
(114,84,64) ; (165,0,66)
(101,49,88) ; (310,44,66)
(30,90,153) ; (280,0,66)
(107,65,50) ; (165,99,68)
(98,80,85) ; (64,0,73)
(98,74,58) ; (64,80,73)
(95,69,89) ; (356,101,74)
(111,68,72) ; (56,165,89)
(42,69,59) ; (167,164,89)
(37,66,37) ; (209,167,89)
(107,61,101) ; (165,102,118)
(36,64,46) ; (209,169,126)
(86,84,88) ; (165,0,130)
(28,77,50) ; (251,0,130)
(88,73,33) ; (64,81,131)
(53,64,24) ; (300,103,138)
(22,40,39) ; (276,127,138)
(42,69,59) ; (167,164,148)
(53,106,68) ; (0,0,150)
(59,42,69) ; (0,110,150)
(59,31,61) ; (418,51,152)
(101,46,65) ; (310,44,154)
(92,73,60) ; (64,0,158)
(80,67,58) ; (56,166,161)
(31,61,59) ; (136,172,161)
(86,38,58) ; (246,195,162)
(75,26,50) ; (246,169,162)
(53,64,57) ; (300,103,162)
(85,67,54) ; (366,103,163)
(85,67,27) ; (64,87,164)
(29,62,48) ; (209,171,172)
(27,74,40) ; (251,0,180)
(156,62,30) ; (371,171,189)
(37,40,27) ; (334,193,189)
(77,50,28) ; (64,104,191)
