0.0794
53 5301
587 233 220
70
1 110 1  57 1  77 1 1
2 89 0  45 1  39 1 2
3 107 0  55 1  28 1 1
4 97 0  31 1  48 1 3
5 94 1  65 1  71 1 1
6 114 1  84 1  64 1 1
7 116 0  34 1  43 1 3
8 62 1  90 1  53 1 2
9 60 1  79 1  68 1 2
10 116 0  39 1  58 1 1
11 113 0  30 1  80 0 1
12 72 1  93 1  64 1 2
13 114 0  88 1  55 1 2
14 71 1  92 1  65 1 1
15 114 0  81 0  34 1 1
16 30 1  56 1  29 1 2
17 37 1  97 0  59 1 2
18 39 1  41 1  27 1 2
19 100 1  63 1  77 1 2
20 41 1  74 1  69 1 2
21 54 1  75 1  41 1 3
22 56 0  96 0  21 1 2
23 40 1  37 1  57 1 1
24 56 0  90 0  26 1 1
25 44 1  81 1  69 1 1
26 75 0  52 1  37 1 2
27 89 0  39 1  32 1 1
28 35 1  84 0  60 1 2
29 54 1  39 1  52 1 2
30 95 1  75 1  52 1 1
31 96 0  70 1  47 1 3
32 85 0  90 0  35 1 1
33 46 1  79 0  34 1 1
34 56 1  34 1  55 1 1
35 93 1  87 1  61 1 1
36 55 1  65 1  49 1 2
37 118 1  88 1  61 1 4
38 95 0  45 1  60 1 1
39 109 1  79 1  79 1 1
40 62 1  91 1  47 1 1
41 59 1  95 1  65 1 2
42 73 1  37 1  70 1 1
43 37 1  77 0  47 1 2
44 71 0  51 1  33 1 1
45 89 0  41 1  72 1 2
46 84 0  28 1  57 0 1
47 112 0  43 1  60 1 4
48 51 1  38 1  63 1 3
49 39 1  45 1  72 1 2
50 109 0  70 0  24 1 5
51 109 0  43 1  32 1 2
52 99 1  90 1  51 1 1
53 31 1  53 1  29 1 1
54 62 1  53 1  63 1 1
55 72 1  47 1  38 1 1
56 39 1  31 1  66 0 1
57 99 0  65 1  44 1 2
58 92 0  87 0  43 1 2
59 114 0  64 1  46 1 1
60 46 1  43 1  24 1 1
61 113 1  57 1  72 1 1
62 56 1  92 0  33 1 2
63 75 1  93 1  49 1 1
64 94 0  39 1  73 1 2
65 86 1  75 1  79 1 1
66 40 1  83 0  49 1 2
67 109 1  87 1  75 1 2
68 34 1  90 0  74 0 1
69 62 0  37 1  29 1 1
70 90 1  57 1  57 1 1
(122,118,176) ; (0,0,0)
(99,65,214) ; (488,0,0)
(174,75,161) ; (413,158,0)
(88,114,110) ; (0,119,0)
(128,93,176) ; (459,65,0)
(130,114,124) ; (88,119,0)
(154,63,191) ; (334,0,0)
(97,118,102) ; (122,0,0)
(192,75,41) ; (221,158,0)
(78,94,127) ; (381,63,0)
(113,57,149) ; (219,0,0)
(66,92,56) ; (315,63,0)
(96,97,31) ; (219,57,0)
(94,96,70) ; (219,57,31)
(188,70,120) ; (225,162,41)
(65,92,71) ; (316,63,56)
(92,87,43) ; (219,57,101)
(89,41,117) ; (122,0,102)
(94,77,37) ; (122,41,102)
(79,79,109) ; (0,154,110)
(84,35,60) ; (0,119,110)
(124,112,43) ; (88,119,124)
(75,93,49) ; (381,63,127)
(62,90,53) ; (319,63,127)
(86,75,79) ; (122,41,139)
(90,85,35) ; (219,57,144)
(96,47,70) ; (219,0,149)
(116,34,43) ; (467,198,161)
(116,39,58) ; (467,159,161)
(30,56,58) ; (437,176,161)
(24,43,46) ; (413,189,161)
(90,57,57) ; (323,173,161)
(97,31,48) ; (225,199,161)
(40,37,57) ; (225,162,161)
(56,34,55) ; (267,165,161)
(90,99,51) ; (88,129,167)
(33,71,51) ; (178,157,167)
(31,29,53) ; (178,128,167)
(79,34,46) ; (0,120,170)
(68,116,43) ; (0,0,176)
(72,89,41) ; (513,65,176)
(54,114,41) ; (68,0,176)
(49,83,40) ; (464,65,176)
(69,81,44) ; (387,63,176)
(49,83,40) ; (219,57,179)
(39,66,31) ; (268,57,179)
(60,84,35) ; (321,63,180)
(107,55,28) ; (379,0,191)
(37,62,29) ; (342,0,191)
