0.0879
85 8501
587 233 220
70
1 89 0  70 0  34 1 3
2 64 1  54 1  34 1 2
3 105 0  31 1  37 1 2
4 104 0  44 1  45 1 4
5 89 1  80 1  76 1 2
6 49 1  62 1  72 1 3
7 82 0  30 1  50 1 3
8 84 0  26 1  43 1 2
9 46 1  42 1  51 1 3
10 99 0  32 1  20 1 1
11 31 1  51 1  27 1 2
12 119 0  72 1  59 1 3
13 59 0  28 1  75 0 3
14 70 1  70 1  45 1 3
15 48 1  84 1  48 1 2
16 116 0  27 1  40 1 2
17 64 1  93 1  73 1 2
18 93 0  38 1  36 1 3
19 61 0  28 1  80 0 1
20 54 1  61 1  57 1 3
21 77 1  83 1  48 1 3
22 101 1  81 1  56 1 1
23 64 0  39 1  23 1 1
24 37 1  69 1  59 1 1
25 112 0  71 1  52 1 2
26 43 1  70 1  48 1 3
27 95 0  90 0  23 1 2
28 44 1  99 0  39 1 1
29 50 1  40 1  33 1 1
30 89 0  61 0  20 1 1
31 64 1  62 1  48 1 2
32 89 0  44 1  66 1 2
33 107 0  37 1  33 1 3
34 101 0  62 0  27 1 2
35 72 1  63 1  72 1 3
36 116 0  51 1  44 1 1
37 87 1  47 1  58 1 3
38 39 1  57 0  22 1 2
39 116 0  98 0  23 1 2
40 115 0  51 1  31 1 5
41 33 1  32 1  48 1 2
42 88 0  50 0  22 1 4
43 61 1  94 1  50 1 1
44 70 0  31 1  72 0 1
45 120 0  58 1  50 1 1
46 46 1  82 1  75 1 4
47 116 0  30 1  49 1 1
48 110 0  61 0  27 1 1
49 36 1  53 0  25 1 2
50 107 0  53 1  42 1 1
51 92 1  70 1  53 1 1
52 38 1  70 0  29 1 2
53 106 0  32 1  69 0 1
54 75 1  94 1  54 1 5
55 43 1  57 0  25 1 3
56 55 1  59 1  77 1 2
57 33 1  86 0  53 1 1
58 59 0  50 0  23 1 1
59 94 0  42 1  65 1 2
60 30 1  93 0  73 0 2
61 53 1  89 1  48 1 1
62 33 1  66 0  79 0 3
63 66 0  60 1  33 1 1
64 65 1  99 0  48 1 1
65 47 1  68 1  69 1 1
66 70 0  37 1  30 1 4
67 38 1  76 0  76 0 4
68 64 0  27 1  67 0 3
69 101 1  60 1  66 1 1
70 72 1  95 1  76 1 1
(164,46,192) ; (0,0,0)
(73,186,113) ; (0,47,0)
(75,157,216) ; (512,0,0)
(80,76,216) ; (507,157,0)
(178,119,116) ; (73,114,0)
(166,77,131) ; (346,0,0)
(90,70,220) ; (417,163,0)
(134,66,87) ; (73,46,0)
(96,84,113) ; (411,79,0)
(104,45,88) ; (164,0,0)
(162,61,85) ; (255,172,0)
(76,95,108) ; (335,77,0)
(76,76,143) ; (270,0,0)
(62,64,96) ; (207,45,0)
(81,56,101) ; (251,116,0)
(64,39,23) ; (271,76,0)
(64,34,156) ; (271,76,23)
(141,58,87) ; (269,173,85)
(115,62,129) ; (73,46,87)
(104,44,129) ; (164,0,88)
(61,50,94) ; (207,45,96)
(75,54,119) ; (251,118,101)
(73,93,30) ; (338,77,108)
(71,112,104) ; (0,121,113)
(70,74,30) ; (0,47,113)
(90,82,103) ; (415,81,113)
(75,116,51) ; (73,114,116)
(98,116,46) ; (148,114,116)
(120,50,58) ; (392,0,131)
(114,25,43) ; (398,50,131)
(37,70,89) ; (355,0,131)
(73,93,30) ; (338,77,138)
(70,72,76) ; (0,47,143)
(69,68,47) ; (277,0,143)
(64,105,31) ; (148,125,162)
(33,107,37) ; (212,123,162)
(74,107,33) ; (73,122,167)
(43,84,52) ; (368,86,168)
(30,70,37) ; (338,100,168)
(105,31,37) ; (305,200,172)
(116,27,40) ; (294,173,172)
(25,57,43) ; (269,174,172)
(114,22,39) ; (398,50,174)
(50,33,40) ; (285,76,179)
(116,49,30) ; (396,0,189)
(67,64,27) ; (279,0,190)
(59,50,23) ; (207,45,190)
(116,40,27) ; (0,0,192)
(62,101,27) ; (148,126,193)
(32,99,20) ; (212,131,199)
(61,89,20) ; (73,140,200)
