0.0801
70 7001
587 233 220
70
1 73 0  29 1  65 0 3
2 60 1  77 1  45 1 1
3 98 0  55 0  27 1 3
4 113 0  47 1  35 1 1
5 49 1  80 1  63 1 1
6 48 1  80 1  72 1 3
7 94 0  98 0  32 1 1
8 101 0  45 1  69 1 2
9 92 1  88 1  56 1 2
10 76 0  32 1  26 1 1
11 60 1  57 1  44 1 1
12 46 1  52 1  44 1 2
13 37 1  38 1  60 1 2
14 104 0  92 0  38 1 2
15 75 1  56 1  43 1 2
16 37 1  54 0  27 1 1
17 51 1  87 1  62 1 3
18 102 0  70 1  42 1 3
19 106 0  31 1  76 0 3
20 40 1  42 1  72 1 2
21 92 1  86 1  47 1 3
22 113 1  96 1  60 1 1
23 81 1  65 1  62 1 2
24 78 1  91 1  56 1 1
25 102 0  91 0  30 1 1
26 69 0  73 0  22 1 3
27 74 0  28 1  41 1 2
28 49 1  100 0  80 1 1
29 95 1  76 1  77 1 2
30 31 1  31 1  60 1 1
31 117 0  98 0  35 1 1
32 32 1  87 0  42 1 1
33 42 1  33 1  53 1 3
34 70 1  91 1  74 1 1
35 72 1  99 1  58 1 1
36 83 1  69 1  54 1 2
37 32 1  56 1  51 1 4
38 110 0  42 1  65 1 3
39 41 1  94 0  25 1 2
40 71 0  33 1  27 1 1
41 62 0  32 1  20 1 2
42 100 0  33 1  27 1 1
43 93 1  93 1  76 1 1
44 118 0  91 0  24 1 1
45 68 1  77 1  77 1 1
46 62 1  82 1  74 1 3
47 50 0  32 1  24 1 2
48 37 1  33 1  31 1 1
49 95 0  27 1  58 0 1
50 43 1  95 0  38 1 2
51 111 0  42 1  27 1 2
52 88 1  83 1  53 1 3
53 76 0  76 0  34 1 2
54 70 1  78 1  74 1 1
55 46 1  79 0  28 1 2
56 75 0  85 0  31 1 3
57 68 0  68 0  23 1 4
58 70 0  49 1  29 1 1
59 63 1  42 1  49 1 4
60 113 0  39 1  80 0 1
61 55 1  30 1  46 1 1
62 106 0  44 0  20 1 2
63 66 0  52 1  30 1 3
64 113 0  94 0  46 1 1
65 30 1  67 0  63 0 3
66 80 1  94 1  62 1 1
67 113 0  51 1  74 1 1
68 114 1  63 1  74 1 3
69 90 1  85 1  47 1 2
70 69 1  52 1  59 1 1
(196,63,190) ; (0,0,0)
(70,102,216) ; (0,131,0)
(77,153,219) ; (510,0,0)
(72,80,166) ; (515,153,0)
(163,66,104) ; (0,63,0)
(91,103,170) ; (70,130,0)
(284,76,93) ; (231,157,0)
(87,153,62) ; (423,0,0)
(70,74,220) ; (161,159,0)
(108,157,83) ; (315,0,0)
(74,63,216) ; (196,0,0)
(86,94,139) ; (163,63,0)
(45,60,134) ; (270,0,0)
(62,94,80) ; (249,63,0)
(42,111,157) ; (468,0,62)
(44,104,46) ; (424,0,62)
(87,42,32) ; (423,111,62)
(56,92,88) ; (249,63,80)
(104,92,76) ; (317,0,83)
(67,63,30) ; (354,94,83)
(38,60,37) ; (316,97,83)
(113,74,51) ; (402,158,93)
(164,73,58) ; (238,159,93)
(80,42,72) ; (430,111,94)
(96,60,113) ; (0,63,104)
(66,52,114) ; (96,63,104)
(43,95,101) ; (425,0,108)
(67,63,30) ; (354,94,113)
(37,54,27) ; (317,103,120)
(38,60,37) ; (270,0,134)
(83,88,53) ; (163,63,139)
(59,52,69) ; (362,105,143)
(113,47,35) ; (402,185,144)
(111,27,42) ; (404,158,144)
(32,51,56) ; (322,106,147)
(68,68,69) ; (334,163,151)
(95,58,27) ; (238,173,151)
(102,91,30) ; (319,0,159)
(69,73,22) ; (515,153,166)
(33,42,53) ; (477,111,166)
(33,37,31) ; (444,116,166)
(56,79,46) ; (249,63,168)
(80,100,49) ; (70,133,170)
(30,55,46) ; (270,0,171)
(94,25,41) ; (238,206,178)
(74,28,41) ; (238,178,178)
(106,44,40) ; (409,188,179)
(100,27,33) ; (415,158,186)
(67,63,30) ; (517,163,188)
(31,60,31) ; (390,0,189)
(70,49,29) ; (320,0,189)
(71,33,27) ; (319,49,189)
(196,55,27) ; (0,0,190)
(74,41,28) ; (163,63,192)
(76,32,26) ; (163,119,192)
