0.0796
2 201
587 233 220
70
1 84 1  48 1  66 1 1
2 107 1  67 1  55 1 1
3 78 1  65 1  78 1 2
4 118 1  70 1  61 1 3
5 47 1  53 1  73 1 2
6 74 1  81 1  57 1 1
7 65 1  43 1  59 1 1
8 100 1  72 1  73 1 3
9 82 0  76 0  33 1 4
10 101 1  74 1  59 1 1
11 62 1  59 1  38 1 1
12 81 1  57 1  65 1 3
13 91 1  91 1  64 1 1
14 58 0  84 0  24 1 1
15 37 1  93 0  23 1 1
16 64 1  63 1  52 1 3
17 68 1  99 1  78 1 1
18 66 1  54 1  38 1 1
19 107 0  44 1  31 1 2
20 43 1  57 1  43 1 2
21 84 0  46 1  28 1 1
22 84 1  76 1  67 1 1
23 108 1  97 1  79 1 3
24 58 0  38 1  21 1 3
25 46 1  30 1  76 0 2
26 37 1  70 1  45 1 3
27 36 1  79 0  59 1 1
28 40 1  88 0  30 1 2
29 112 0  36 1  32 1 1
30 38 1  32 1  40 1 2
31 71 1  89 1  51 1 2
32 85 1  48 1  49 1 1
33 120 1  73 1  73 1 2
34 97 0  38 1  59 1 2
35 103 0  96 1  51 1 2
36 83 0  30 1  41 1 1
37 64 1  65 1  65 1 2
38 99 0  99 0  46 1 1
39 75 0  29 1  32 1 3
40 120 0  57 1  41 1 1
41 65 1  80 1  51 1 2
42 71 0  74 0  22 1 2
43 61 1  69 1  58 1 1
44 42 1  73 0  23 1 2
45 59 1  85 1  43 1 2
46 67 1  96 1  62 1 1
47 116 0  86 1  53 1 2
48 116 0  52 1  75 1 1
49 67 0  99 0  25 1 2
50 83 0  35 1  35 1 2
51 66 1  60 1  69 1 1
52 54 0  27 1  77 0 2
53 117 0  95 0  47 1 2
54 116 0  48 1  37 1 1
55 116 0  36 1  50 1 1
56 58 0  79 0  24 1 1
57 79 0  27 1  44 1 1
58 55 1  86 0  28 1 1
59 89 1  93 1  51 1 2
60 61 1  73 1  64 1 1
61 53 1  35 1  28 1 6
62 70 1  58 1  37 1 2
63 38 1  89 0  57 1 2
64 49 0  42 0  21 1 2
65 79 0  65 0  30 1 1
66 109 0  49 1  57 1 2
67 103 0  44 1  62 1 1
68 75 0  46 1  31 1 1
69 77 1  68 1  52 1 1
70 44 1  40 1  76 1 2
(103,51,192) ; (0,0,0)
(237,97,155) ; (350,0,0)
(146,73,220) ; (0,160,0)
(122,70,216) ; (465,163,0)
(116,106,86) ; (0,51,0)
(141,65,156) ; (446,98,0)
(164,51,178) ; (103,0,0)
(99,68,190) ; (366,165,0)
(162,65,108) ; (146,168,0)
(57,109,98) ; (116,51,0)
(77,68,52) ; (369,97,0)
(57,81,174) ; (309,152,0)
(91,64,91) ; (173,51,0)
(82,76,176) ; (268,0,0)
(116,52,111) ; (173,116,0)
(73,47,53) ; (296,105,0)
(86,28,101) ; (264,76,0)
(76,67,84) ; (370,98,52)
(73,47,53) ; (296,105,53)
(74,101,131) ; (0,51,86)
(38,97,118) ; (74,51,86)
(86,59,128) ; (173,51,91)
(55,107,67) ; (116,51,98)
(79,27,44) ; (269,76,101)
(70,45,111) ; (299,107,106)
(107,62,88) ; (146,171,108)
(48,49,85) ; (253,184,108)
(116,48,37) ; (173,118,111)
(76,61,46) ; (370,104,136)
(73,23,42) ; (275,76,145)
(84,48,66) ; (173,118,148)
(32,40,38) ; (257,126,148)
(173,64,65) ; (411,0,155)
(75,29,64) ; (509,64,155)
(88,30,40) ; (421,64,155)
(61,73,64) ; (350,0,155)
(58,21,38) ; (363,73,155)
(59,38,62) ; (528,124,156)
(93,23,37) ; (494,98,156)
(79,36,59) ; (449,126,156)
(35,28,53) ; (459,98,156)
(54,77,54) ; (116,51,165)
(35,28,53) ; (116,130,165)
(30,76,46) ; (332,157,174)
(23,73,42) ; (309,160,174)
(71,74,44) ; (277,0,176)
(116,21,38) ; (103,0,178)
(88,30,40) ; (103,21,178)
(75,29,32) ; (191,21,178)
(66,54,38) ; (379,111,182)
(79,65,30) ; (383,167,190)
(53,35,28) ; (0,0,192)
(49,42,21) ; (53,0,192)
(42,49,21) ; (253,184,193)
(84,58,24) ; (146,175,196)
