0.0762
59 5901
587 233 220
70
1 102 1  63 1  78 1 1
2 95 1  84 1  58 1 1
3 106 0  42 1  64 1 2
4 52 1  69 1  45 1 3
5 83 1  73 1  73 1 2
6 78 0  50 1  35 1 1
7 68 0  56 0  21 1 1
8 32 1  49 1  51 1 1
9 62 1  44 1  63 1 2
10 76 1  66 1  60 1 4
11 108 0  93 0  43 1 2
12 45 1  52 1  64 1 1
13 48 1  100 0  78 1 1
14 67 1  53 1  64 1 3
15 90 1  57 1  77 1 1
16 90 0  29 1  20 1 3
17 103 0  41 1  38 1 2
18 116 0  37 1  69 1 3
19 104 0  56 1  42 1 1
20 69 0  27 1  77 0 2
21 78 1  83 1  50 1 2
22 114 0  37 1  48 1 1
23 74 1  39 1  50 1 2
24 78 1  78 1  55 1 2
25 47 1  100 0  72 1 2
26 62 1  95 1  69 1 1
27 34 1  79 0  24 1 1
28 49 0  79 0  21 1 1
29 61 1  64 1  61 1 1
30 50 1  44 1  69 1 2
31 120 1  91 1  65 1 2
32 107 0  46 1  48 1 1
33 38 1  45 1  56 1 2
34 44 1  29 1  76 0 2
35 56 1  58 1  70 1 4
36 55 1  28 1  31 1 1
37 88 0  41 1  37 1 1
38 103 0  68 0  31 1 3
39 65 1  72 1  43 1 1
40 97 1  72 1  57 1 1
41 64 1  35 1  55 1 2
42 98 1  60 1  60 1 1
43 85 1  67 1  55 1 1
44 80 0  87 0  39 1 2
45 102 1  88 1  60 1 2
46 102 0  27 1  50 1 2
47 66 1  44 1  73 1 3
48 31 1  35 1  27 1 1
49 83 0  88 0  22 1 1
50 40 1  83 0  24 1 1
51 107 0  37 1  26 1 1
52 38 1  42 1  61 1 1
53 47 1  94 0  35 1 2
54 48 1  72 1  41 1 2
55 54 1  28 1  53 1 1
56 80 1  54 1  64 1 2
57 32 1  68 0  64 0 1
58 42 1  50 1  57 1 2
59 91 1  84 1  48 1 4
60 84 1  75 1  76 1 1
61 94 1  85 1  72 1 2
62 30 1  92 0  78 0 2
63 97 1  86 1  67 1 2
64 47 1  27 1  74 0 2
65 76 0  26 1  34 1 2
66 119 0  100 1  58 1 2
67 74 0  26 1  37 1 1
68 53 1  79 1  52 1 1
69 91 1  58 1  53 1 2
70 41 1  59 1  62 1 2
(85,72,188) ; (0,0,0)
(240,66,167) ; (347,0,0)
(358,58,156) ; (0,175,0)
(84,96,212) ; (503,137,0)
(60,102,148) ; (0,73,0)
(104,69,138) ; (483,66,0)
(86,97,192) ; (417,136,0)
(83,73,220) ; (85,0,0)
(146,102,125) ; (60,73,0)
(66,73,175) ; (168,0,0)
(116,69,111) ; (367,66,0)
(58,91,150) ; (359,142,0)
(108,64,164) ; (234,0,0)
(60,102,88) ; (206,73,0)
(93,108,86) ; (266,67,0)
(87,80,39) ; (272,95,86)
(90,28,31) ; (269,67,86)
(54,102,50) ; (206,73,88)
(62,69,95) ; (421,66,111)
(52,69,45) ; (369,66,111)
(74,27,47) ; (285,67,117)
(78,100,48) ; (60,73,125)
(59,62,41) ; (138,111,125)
(61,38,42) ; (138,73,125)
(87,80,39) ; (272,95,125)
(103,38,82) ; (483,66,138)
(76,29,44) ; (510,105,138)
(50,74,39) ; (206,101,138)
(54,28,53) ; (206,73,138)
(57,97,72) ; (0,74,148)
(50,88,69) ; (366,144,150)
(246,53,64) ; (0,177,156)
(70,55,64) ; (288,175,156)
(44,63,62) ; (377,66,156)
(38,45,56) ; (246,185,156)
(104,42,56) ; (234,0,164)
(90,20,29) ; (234,42,164)
(52,79,53) ; (307,96,164)
(74,27,47) ; (285,67,164)
(35,78,50) ; (272,97,164)
(59,62,41) ; (138,111,166)
(91,58,53) ; (496,0,167)
(68,64,32) ; (428,0,167)
(49,32,51) ; (379,0,167)
(76,29,44) ; (352,32,167)
(56,38,45) ; (138,73,167)
(70,94,47) ; (60,79,173)
(62,63,44) ; (168,0,175)
(50,74,39) ; (206,101,177)
(76,26,34) ; (510,108,182)
(77,69,27) ; (0,0,188)
(83,40,24) ; (418,191,192)
(79,49,21) ; (422,142,192)
(68,56,21) ; (428,0,199)
