0.0759
15 1501
587 233 220
70
1 84 0  64 0  25 1 3
2 105 0  44 1  45 1 1
3 117 1  93 1  67 1 1
4 83 0  78 0  32 1 2
5 81 1  49 1  60 1 2
6 81 1  69 1  61 1 1
7 40 1  53 1  60 1 2
8 67 1  100 1  63 1 1
9 89 1  78 1  47 1 2
10 120 0  94 0  42 1 3
11 119 0  54 1  28 1 4
12 86 1  97 1  67 1 1
13 73 1  54 1  73 1 1
14 107 0  50 1  48 1 4
15 40 1  50 1  74 1 1
16 43 1  72 1  70 1 1
17 42 1  30 1  63 0 5
18 85 0  73 0  36 1 1
19 51 1  96 1  63 1 1
20 77 1  100 0  40 1 1
21 47 1  92 1  68 1 2
22 86 0  55 0  21 1 1
23 49 1  87 1  47 1 2
24 72 1  43 1  50 1 2
25 76 0  38 1  20 1 3
26 79 1  91 1  49 1 2
27 34 1  90 0  72 0 2
28 114 0  84 0  22 1 1
29 62 1  96 1  75 1 3
30 113 0  83 0  21 1 2
31 109 0  26 1  21 1 1
32 30 1  83 0  24 1 2
33 79 0  35 1  52 1 2
34 70 0  53 1  33 1 3
35 36 1  87 0  42 1 1
36 102 1  69 1  58 1 2
37 117 0  44 1  61 1 1
38 38 1  72 0  34 1 2
39 100 0  60 0  22 1 2
40 35 1  62 1  52 1 2
41 97 0  26 1  26 1 2
42 46 1  59 1  74 1 1
43 31 1  35 1  65 0 1
44 112 0  45 1  47 1 1
45 76 1  52 1  56 1 2
46 95 0  99 0  20 1 3
47 74 1  63 1  54 1 2
48 79 1  59 1  75 1 2
49 38 1  43 1  42 1 1
50 116 1  87 1  60 1 3
51 33 1  85 0  27 1 2
52 44 1  72 1  53 1 1
53 76 0  36 1  78 0 2
54 58 1  97 1  69 1 1
55 86 1  63 1  56 1 1
56 115 0  97 0  44 1 3
57 120 0  71 1  58 1 2
58 52 1  92 0  31 1 3
59 49 1  41 1  28 1 4
60 68 1  49 1  44 1 1
61 102 0  55 0  22 1 1
62 102 0  27 1  22 1 4
63 107 1  72 1  55 1 2
64 37 1  92 0  29 1 1
65 41 1  87 0  78 1 1
66 71 0  27 1  45 1 3
67 73 0  32 1  28 1 4
68 96 1  63 1  70 1 2
69 57 1  30 1  62 0 2
70 64 1  45 1  69 1 2
(96,63,215) ; (0,0,0)
(120,116,212) ; (467,0,0)
(75,96,220) ; (0,137,0)
(102,116,113) ; (485,117,0)
(104,74,126) ; (0,63,0)
(120,94,193) ; (75,139,0)
(81,61,167) ; (96,0,0)
(97,115,132) ; (388,118,0)
(79,118,75) ; (388,0,0)
(89,78,135) ; (104,61,0)
(117,61,131) ; (177,0,0)
(144,107,105) ; (195,126,0)
(91,126,98) ; (297,0,0)
(48,107,50) ; (340,126,0)
(100,63,127) ; (193,61,0)
(45,105,44) ; (343,128,50)
(76,112,52) ; (391,0,75)
(44,72,123) ; (344,161,94)
(41,28,49) ; (347,133,94)
(86,56,84) ; (298,0,98)
(86,67,122) ; (298,56,98)
(99,70,111) ; (195,163,105)
(45,69,113) ; (294,164,105)
(141,35,104) ; (195,128,105)
(100,77,40) ; (485,154,113)
(92,37,29) ; (493,117,113)
(94,68,92) ; (0,63,126)
(76,78,92) ; (391,0,127)
(72,34,76) ; (395,78,127)
(92,52,93) ; (193,61,127)
(63,60,42) ; (177,0,131)
(53,60,80) ; (240,0,131)
(84,114,64) ; (401,119,132)
(83,78,32) ; (104,61,135)
(87,36,42) ; (498,118,142)
(41,28,49) ; (347,133,143)
(85,73,36) ; (500,158,153)
(74,59,46) ; (96,0,167)
(83,78,32) ; (104,61,167)
(63,30,42) ; (177,0,173)
(49,28,41) ; (177,30,173)
(85,54,33) ; (299,0,182)
(65,31,35) ; (520,123,184)
(84,64,25) ; (501,167,189)
(71,90,27) ; (75,142,193)
(45,71,27) ; (146,161,193)
(55,102,22) ; (429,130,196)
(26,109,21) ; (403,123,196)
(38,76,20) ; (104,61,199)
