0.0899
38 3801
587 233 220
70
1 44 1  75 1  54 1 3
2 108 0  26 1  62 0 1
3 67 1  37 1  66 1 5
4 43 1  88 0  77 1 1
5 118 0  72 1  51 1 4
6 61 1  43 1  57 1 1
7 92 0  90 0  43 1 1
8 52 1  54 1  45 1 3
9 69 1  89 1  68 1 3
10 76 0  82 0  36 1 2
11 106 0  96 0  42 1 2
12 58 0  56 0  24 1 3
13 50 0  50 0  25 1 2
14 51 1  69 1  61 1 2
15 37 1  41 1  37 1 2
16 103 0  88 1  45 1 2
17 39 1  47 1  69 1 1
18 92 1  54 1  78 1 2
19 61 0  57 0  26 1 2
20 107 1  89 1  73 1 2
21 45 1  58 1  41 1 2
22 103 1  76 1  79 1 4
23 86 0  26 1  30 1 1
24 75 1  86 1  49 1 1
25 71 1  63 1  55 1 2
26 35 1  58 1  53 1 1
27 113 1  61 1  71 1 1
28 65 1  39 1  56 1 2
29 92 0  93 0  30 1 2
30 39 1  66 0  27 1 2
31 30 1  47 1  71 0 4
32 41 1  72 1  73 1 2
33 41 1  97 0  76 1 2
34 86 0  42 1  71 1 2
35 42 1  79 1  54 1 1
36 71 1  71 1  57 1 1
37 40 1  69 1  57 1 2
38 102 0  61 0  20 1 2
39 59 1  78 0  31 1 3
40 43 1  30 1  79 0 3
41 98 1  68 1  63 1 1
42 120 0  51 1  61 1 3
43 99 0  85 0  23 1 1
44 109 1  60 1  74 1 1
45 119 0  36 1  76 0 1
46 114 0  73 1  46 1 3
47 61 1  56 1  76 1 1
48 77 0  82 0  30 1 1
49 80 0  28 1  28 1 3
50 117 0  35 1  78 0 1
51 31 1  59 1  50 1 1
52 72 0  72 0  27 1 1
53 41 1  50 1  69 1 3
54 65 0  26 1  66 0 1
55 81 0  30 1  47 1 1
56 94 0  88 1  47 1 1
57 72 0  32 1  43 1 1
58 43 0  84 0  21 1 2
59 98 0  45 0  22 1 3
60 43 1  43 1  57 1 1
61 107 1  60 1  72 1 3
62 33 1  58 1  59 1 3
63 52 1  68 1  73 1 1
64 47 1  26 1  49 1 2
65 37 1  42 1  39 1 2
66 34 1  33 1  79 0 2
67 42 1  47 0  23 1 1
68 36 1  36 1  33 1 3
69 86 1  67 1  49 1 1
70 95 0  27 1  80 0 3
(107,178,73) ; (0,0,0)
(206,76,218) ; (381,0,0)
(118,102,213) ; (469,131,0)
(92,54,130) ; (0,179,0)
(63,55,142) ; (524,76,0)
(114,46,219) ; (92,187,0)
(72,180,149) ; (107,0,0)
(103,88,188) ; (366,145,0)
(78,54,136) ; (446,76,0)
(120,153,61) ; (179,0,0)
(95,80,137) ; (206,153,0)
(82,76,144) ; (299,0,0)
(89,69,136) ; (357,76,0)
(63,68,98) ; (303,165,0)
(54,42,79) ; (303,123,0)
(58,41,159) ; (299,76,0)
(118,78,66) ; (179,0,61)
(52,73,68) ; (179,78,61)
(67,74,66) ; (231,78,61)
(106,96,84) ; (0,0,73)
(97,82,76) ; (0,96,73)
(47,42,23) ; (310,123,79)
(58,33,118) ; (308,200,98)
(58,35,53) ; (308,165,98)
(42,39,37) ; (315,126,102)
(79,43,90) ; (179,0,127)
(79,34,66) ; (179,43,127)
(37,67,66) ; (258,0,127)
(67,74,66) ; (231,78,127)
(50,69,41) ; (179,78,129)
(86,49,67) ; (0,184,130)
(69,50,82) ; (452,76,136)
(88,43,77) ; (358,76,136)
(86,26,30) ; (360,119,136)
(61,76,56) ; (206,155,137)
(32,72,43) ; (267,159,137)
(42,39,37) ; (315,126,139)
(52,54,45) ; (535,76,142)
(39,69,74) ; (342,0,144)
(41,37,74) ; (301,0,144)
(36,33,72) ; (306,37,144)
(89,68,69) ; (0,110,149)
(71,57,71) ; (107,0,149)
(61,113,71) ; (107,57,149)
(58,33,59) ; (308,167,151)
(92,93,60) ; (0,0,157)
(50,31,59) ; (306,76,159)
(49,26,47) ; (397,119,166)
(50,50,50) ; (179,78,170)
(36,36,33) ; (321,129,176)
(27,66,39) ; (267,165,180)
(47,49,26) ; (540,76,187)
(59,78,31) ; (406,152,188)
(28,80,28) ; (378,150,188)
(61,57,26) ; (206,174,193)
(65,66,26) ; (231,78,193)
(84,43,21) ; (0,190,197)
