0.0777
46 4601
587 233 220
70
1 88 1  54 1  77 1 3
2 30 1  82 0  48 1 2
3 94 1  87 1  48 1 2
4 41 1  67 1  66 1 2
5 119 0  34 1  32 1 1
6 31 1  96 0  36 1 2
7 80 1  63 1  80 1 1
8 101 0  53 0  22 1 3
9 60 1  89 1  65 1 1
10 68 1  71 1  79 1 2
11 89 0  47 1  35 1 1
12 105 0  39 1  59 1 1
13 59 1  52 1  34 1 1
14 81 0  43 0  20 1 2
15 117 0  39 1  50 1 2
16 102 0  48 1  67 1 1
17 74 1  89 1  79 1 1
18 114 1  61 1  63 1 3
19 64 1  90 1  78 1 1
20 108 0  74 0  33 1 1
21 68 1  37 1  53 1 1
22 80 0  68 0  22 1 1
23 112 1  58 1  58 1 1
24 86 1  93 1  71 1 1
25 96 1  88 1  69 1 2
26 90 1  75 1  47 1 1
27 51 1  83 1  52 1 2
28 107 1  62 1  78 1 1
29 46 1  53 1  75 1 3
30 39 1  66 1  63 1 1
31 44 1  61 1  74 1 1
32 80 1  98 0  46 1 2
33 112 1  66 1  68 1 2
34 112 0  61 1  48 1 2
35 91 0  47 1  33 1 1
36 102 0  95 0  36 1 2
37 109 1  80 1  75 1 1
38 72 0  41 1  28 1 3
39 115 0  65 0  23 1 1
40 51 1  96 0  43 1 3
41 63 0  45 1  25 1 1
42 118 0  70 1  51 1 3
43 110 0  32 1  35 1 1
44 31 1  67 0  51 1 2
45 115 0  57 1  44 1 2
46 102 0  62 1  44 1 2
47 47 1  59 1  35 1 3
48 103 0  54 0  23 1 1
49 80 1  67 1  45 1 1
50 31 1  58 1  44 1 2
51 71 0  62 1  32 1 2
52 109 0  31 1  42 1 1
53 106 1  100 1  80 1 1
54 106 1  75 1  62 1 2
55 75 1  99 0  40 1 2
56 42 1  25 1  62 0 1
57 105 0  69 1  37 1 1
58 120 0  79 1  58 1 2
59 72 0  32 1  60 1 1
60 33 1  47 1  43 1 1
61 102 0  75 1  48 1 2
62 111 0  48 1  72 1 1
63 75 0  98 0  21 1 1
64 91 1  55 1  62 1 1
65 44 1  31 1  42 1 2
66 48 1  96 0  36 1 1
67 85 1  62 1  60 1 2
68 106 0  91 1  48 1 1
69 117 1  63 1  71 1 1
70 58 1  79 1  71 1 1
(96,102,111) ; (0,0,0)
(88,69,217) ; (499,0,0)
(88,162,77) ; (499,71,0)
(80,100,217) ; (0,133,0)
(87,96,216) ; (80,137,0)
(62,78,213) ; (437,0,0)
(118,153,70) ; (381,80,0)
(112,136,114) ; (96,0,0)
(88,31,42) ; (0,102,0)
(109,75,219) ; (328,0,0)
(120,58,216) ; (167,175,0)
(92,98,80) ; (289,135,0)
(117,63,132) ; (208,0,0)
(117,39,100) ; (167,136,0)
(79,71,136) ; (208,63,0)
(62,60,85) ; (319,75,0)
(32,71,124) ; (287,63,0)
(82,30,96) ; (0,103,42)
(115,44,114) ; (384,189,70)
(106,48,150) ; (393,141,70)
(114,61,126) ; (385,80,70)
(88,162,62) ; (499,71,77)
(91,47,108) ; (290,186,80)
(83,51,104) ; (298,135,80)
(62,58,44) ; (319,75,85)
(63,39,66) ; (167,136,100)
(53,37,68) ; (230,138,100)
(95,102,36) ; (0,0,111)
(102,48,67) ; (96,0,114)
(111,82,67) ; (96,48,114)
(31,67,51) ; (288,63,124)
(62,55,91) ; (319,75,129)
(112,61,48) ; (208,0,132)
(79,71,58) ; (208,63,136)
(72,28,82) ; (0,105,138)
(80,63,80) ; (504,170,139)
(79,89,74) ; (505,81,139)
(53,101,66) ; (0,0,147)
(36,96,31) ; (53,0,147)
(59,34,52) ; (167,141,166)
(47,33,43) ; (230,142,168)
(28,72,41) ; (53,0,178)
(105,59,39) ; (208,0,180)
(89,47,35) ; (96,0,181)
(105,69,37) ; (96,48,181)
(109,42,31) ; (390,191,184)
(67,51,31) ; (314,135,184)
(81,43,20) ; (299,190,188)
(103,54,23) ; (396,80,196)
