0.0882
61 6101
587 233 220
70
1 51 1  62 1  37 1 2
2 49 1  36 1  79 0 1
3 70 1  73 1  62 1 1
4 63 1  87 0  39 1 1
5 64 1  85 1  64 1 2
6 41 1  70 1  60 1 3
7 59 1  93 1  66 1 2
8 110 1  72 1  77 1 3
9 50 0  98 0  20 1 2
10 36 1  86 0  41 1 2
11 75 1  82 1  72 1 1
12 103 0  86 0  42 1 3
13 96 1  99 1  63 1 1
14 60 1  33 1  65 1 1
15 38 1  29 1  51 1 2
16 41 1  53 1  31 1 4
17 80 1  85 1  45 1 2
18 44 1  44 1  43 1 1
19 39 1  64 1  49 1 1
20 96 1  89 1  73 1 2
21 69 1  92 1  58 1 2
22 89 0  39 1  34 1 3
23 94 0  97 0  23 1 2
24 111 0  78 1  53 1 2
25 111 0  25 1  65 0 1
26 113 0  44 1  56 1 4
27 51 0  51 0  21 1 2
28 80 0  32 1  70 0 3
29 53 1  49 1  74 1 2
30 48 1  27 1  52 1 2
31 83 1  96 1  78 1 1
32 52 1  65 1  47 1 2
33 64 0  37 1  22 1 3
34 33 1  60 1  42 1 1
35 118 1  62 1  68 1 2
36 99 0  25 1  24 1 3
37 78 1  72 1  74 1 1
38 83 1  75 1  79 1 1
39 31 1  82 0  39 1 1
40 106 1  89 1  72 1 1
41 58 1  99 1  79 1 2
42 115 0  32 1  51 1 2
43 40 1  85 0  73 1 3
44 117 1  61 1  66 1 1
45 67 1  44 1  80 1 1
46 43 0  37 1  20 1 1
47 93 0  86 0  22 1 2
48 65 1  99 1  52 1 2
49 101 0  34 1  73 0 1
50 82 1  99 1  51 1 1
51 37 1  38 1  44 1 1
52 59 0  28 1  27 1 3
53 116 1  66 1  80 1 2
54 107 0  29 1  22 1 3
55 59 1  30 1  73 0 2
56 109 0  69 0  34 1 2
57 83 0  29 1  62 0 2
58 93 0  88 0  42 1 1
59 99 0  57 0  20 1 1
60 104 1  80 1  54 1 1
61 110 0  99 1  55 1 1
62 112 0  49 1  80 1 1
63 80 0  90 0  35 1 2
64 47 1  54 1  44 1 1
65 33 1  96 0  70 0 2
66 74 1  42 1  41 1 1
67 73 0  76 0  20 1 1
68 41 1  78 1  65 1 1
69 33 1  53 1  52 1 3
70 48 1  60 1  61 1 1
(80,116,185) ; (0,0,0)
(110,77,216) ; (477,0,0)
(146,89,136) ; (441,144,0)
(79,116,152) ; (0,117,0)
(118,66,183) ; (469,77,0)
(151,83,145) ; (79,150,0)
(99,52,212) ; (80,0,0)
(118,68,168) ; (359,0,0)
(99,96,109) ; (80,52,0)
(86,103,126) ; (355,130,0)
(113,56,176) ; (179,0,0)
(114,62,70) ; (355,68,0)
(66,53,99) ; (293,0,0)
(89,72,147) ; (230,161,0)
(36,79,49) ; (319,154,0)
(69,92,116) ; (179,56,0)
(53,98,74) ; (302,53,0)
(54,104,80) ; (248,56,0)
(30,73,59) ; (325,160,49)
(110,55,99) ; (359,68,70)
(52,65,47) ; (303,53,74)
(53,33,52) ; (302,118,74)
(53,93,41) ; (248,56,80)
(65,41,78) ; (293,0,99)
(30,73,59) ; (325,160,108)
(93,88,86) ; (80,52,109)
(68,89,39) ; (179,56,116)
(49,64,39) ; (306,53,121)
(39,89,34) ; (248,56,121)
(85,64,93) ; (356,169,126)
(51,38,91) ; (390,131,126)
(29,38,51) ; (361,131,126)
(53,31,41) ; (302,120,126)
(96,78,83) ; (491,151,136)
(45,85,80) ; (446,144,136)
(112,80,49) ; (79,150,145)
(37,64,22) ; (191,166,145)
(85,40,73) ; (230,193,147)
(82,31,39) ; (230,162,147)
(69,109,68) ; (0,119,152)
(64,85,64) ; (179,56,155)
(39,87,63) ; (248,56,155)
(48,61,60) ; (307,53,160)
(37,62,51) ; (191,168,167)
(27,48,52) ; (328,185,167)
(48,27,52) ; (307,124,167)
(115,64,51) ; (361,0,168)
(47,54,44) ; (422,68,169)
(59,54,28) ; (363,68,169)
(99,50,44) ; (179,0,176)
(60,33,42) ; (298,0,177)
(44,58,37) ; (532,77,183)
(60,65,33) ; (472,77,183)
(73,101,34) ; (0,0,185)
(59,27,28) ; (230,166,186)
(111,65,25) ; (79,165,194)
(76,73,20) ; (80,52,195)
(51,51,21) ; (371,68,197)
