0.0736
79 7901
587 233 220
70
1 64 1  52 1  68 1 1
2 30 1  52 1  41 1 3
3 91 0  36 1  66 1 2
4 93 1  100 1  72 1 2
5 61 1  44 1  53 1 1
6 69 0  79 0  21 1 2
7 106 0  40 1  74 1 1
8 54 1  40 1  68 1 1
9 86 1  50 1  60 1 1
10 51 1  38 1  67 1 4
11 59 1  82 1  51 1 1
12 106 0  51 1  53 1 2
13 50 1  55 1  30 1 1
14 107 1  68 1  62 1 5
15 90 0  30 1  26 1 2
16 50 1  30 1  48 1 1
17 104 0  63 0  20 1 2
18 61 1  60 1  67 1 1
19 68 0  34 1  74 0 7
20 49 1  31 1  79 0 1
21 57 1  53 1  70 1 1
22 92 1  89 1  59 1 2
23 49 1  83 1  57 1 2
24 95 0  40 1  21 1 2
25 101 0  35 1  53 1 1
26 49 1  53 1  49 1 3
27 70 0  29 1  56 1 2
28 32 1  78 0  66 0 1
29 91 0  25 1  50 0 1
30 98 1  67 1  50 1 2
31 66 0  33 1  53 1 1
32 48 1  26 1  45 1 2
33 79 1  89 1  53 1 1
34 94 1  82 1  58 1 1
35 119 0  96 1  55 1 1
36 95 1  75 1  75 1 1
37 60 1  88 1  59 1 3
38 72 1  76 1  64 1 3
39 45 1  53 1  76 1 1
40 54 1  61 1  78 1 4
41 118 0  53 1  56 1 1
42 32 1  71 0  41 1 2
43 108 1  81 1  68 1 1
44 109 0  52 1  27 1 2
45 114 1  89 1  80 1 1
46 36 1  60 1  56 1 1
47 42 1  62 1  42 1 4
48 77 1  58 1  39 1 2
49 119 0  99 0  36 1 2
50 41 1  41 1  22 1 3
51 44 1  42 1  60 1 1
52 118 0  72 0  21 1 3
53 89 1  58 1  63 1 5
54 47 1  58 1  44 1 2
55 41 1  88 0  29 1 1
56 68 1  38 1  49 1 2
57 55 1  71 1  79 1 2
58 44 1  88 0  30 1 2
59 37 1  34 1  74 0 2
60 75 0  33 1  58 1 2
61 64 1  35 1  78 0 1
62 112 0  96 0  42 1 2
63 91 0  33 1  37 1 1
64 51 1  50 1  39 1 4
65 73 0  98 0  25 1 3
66 66 0  67 0  29 1 1
67 39 1  67 1  48 1 1
68 78 0  27 1  60 0 2
69 97 1  72 1  50 1 2
70 73 1  80 1  74 1 1
(283,72,164) ; (0,0,0)
(155,59,217) ; (0,174,0)
(68,124,214) ; (519,0,0)
(68,108,181) ; (519,125,0)
(119,99,127) ; (0,75,0)
(140,80,167) ; (379,153,0)
(60,151,178) ; (459,0,0)
(98,148,75) ; (361,0,0)
(122,54,212) ; (155,179,0)
(53,101,84) ; (119,73,0)
(71,79,152) ; (308,154,0)
(74,106,108) ; (172,73,0)
(76,68,151) ; (285,0,0)
(30,50,105) ; (277,183,0)
(62,84,84) ; (299,68,0)
(53,106,102) ; (246,73,0)
(94,58,82) ; (362,0,75)
(88,60,94) ; (368,58,75)
(90,30,52) ; (366,118,75)
(50,98,134) ; (119,73,84)
(57,83,49) ; (304,68,84)
(44,47,116) ; (246,132,102)
(53,57,70) ; (246,73,102)
(30,41,52) ; (277,190,105)
(70,29,112) ; (172,149,108)
(73,74,80) ; (172,73,108)
(112,96,84) ; (0,75,127)
(88,29,41) ; (368,119,127)
(57,83,49) ; (304,68,133)
(74,68,68) ; (285,0,151)
(66,78,67) ; (311,155,152)
(89,58,63) ; (367,0,157)
(30,41,52) ; (277,190,157)
(40,68,54) ; (0,0,164)
(142,41,32) ; (40,0,164)
(218,27,52) ; (40,41,164)
(67,39,48) ; (182,0,164)
(30,41,52) ; (249,0,164)
(61,44,53) ; (458,185,167)
(79,31,49) ; (440,154,167)
(66,33,53) ; (392,196,167)
(60,42,44) ; (380,154,167)
(82,22,41) ; (374,126,168)
(82,59,51) ; (372,58,169)
(45,52,48) ; (246,73,172)
(58,150,33) ; (459,0,178)
(66,91,36) ; (520,136,181)
(56,60,36) ; (305,68,182)
(66,67,29) ; (172,73,188)
(95,40,21) ; (40,0,196)
(41,41,22) ; (135,0,196)
