0.0751
8 801
587 233 220
70
1 47 1  46 1  46 1 1
2 83 0  32 1  52 1 1
3 103 0  35 1  21 1 1
4 58 0  28 1  31 1 2
5 51 1  43 1  70 1 2
6 50 0  98 0  23 1 2
7 63 0  92 0  21 1 1
8 70 1  74 1  71 1 1
9 107 0  67 1  52 1 3
10 58 1  38 1  44 1 2
11 80 1  65 1  62 1 4
12 105 0  88 0  23 1 1
13 108 0  81 0  37 1 2
14 69 1  46 1  36 1 1
15 64 1  97 1  53 1 1
16 66 0  38 1  30 1 2
17 79 1  88 1  79 1 2
18 77 1  52 1  70 1 1
19 44 1  41 1  56 1 2
20 57 1  97 1  65 1 1
21 119 0  54 1  74 1 1
22 61 1  39 1  58 1 3
23 82 0  89 0  20 1 1
24 98 0  33 1  38 1 2
25 97 0  47 1  73 1 2
26 48 1  25 1  48 1 3
27 96 0  32 1  40 1 2
28 72 1  69 1  42 1 1
29 72 0  86 0  23 1 2
30 69 1  75 1  57 1 1
31 53 0  56 0  25 1 3
32 97 1  52 1  78 1 1
33 34 1  85 0  63 1 3
34 83 0  29 1  43 1 3
35 90 0  40 1  29 1 2
36 78 1  76 1  73 1 3
37 119 0  73 1  58 1 1
38 120 0  83 1  46 1 2
39 67 0  35 1  26 1 1
40 53 1  31 1  33 1 1
41 90 0  100 0  34 1 3
42 63 1  55 1  68 1 2
43 86 0  51 0  22 1 2
44 108 0  68 1  36 1 2
45 41 1  52 1  64 1 1
46 101 1  90 1  80 1 1
47 106 0  43 1  39 1 3
48 51 1  68 1  57 1 3
49 36 1  55 1  66 1 1
50 39 1  97 0  43 1 1
51 87 0  54 1  30 1 2
52 50 0  91 0  23 1 3
53 106 0  27 1  62 0 2
54 69 0  46 0  23 1 2
55 80 1  52 1  50 1 4
56 98 1  68 1  74 1 3
57 66 1  93 1  65 1 2
58 52 1  92 0  42 1 1
59 96 0  33 1  28 1 1
60 77 0  53 1  30 1 2
61 32 1  66 0  22 1 3
62 114 0  44 1  74 1 1
63 117 1  73 1  61 1 1
64 115 0  93 0  26 1 1
65 53 1  34 1  53 1 1
66 101 0  94 0  32 1 2
67 106 1  80 1  73 1 3
68 48 1  57 1  39 1 1
69 54 1  99 1  72 1 2
70 70 1  63 1  60 1 4
(70,74,169) ; (0,0,0)
(80,106,219) ; (507,0,0)
(321,67,114) ; (0,166,0)
(70,126,120) ; (517,107,0)
(130,90,80) ; (0,76,0)
(219,76,132) ; (70,0,0)
(196,74,115) ; (321,159,0)
(120,46,212) ; (387,0,0)
(117,112,105) ; (390,46,0)
(158,88,79) ; (130,78,0)
(97,65,110) ; (290,0,0)
(101,94,64) ; (289,65,0)
(100,91,91) ; (290,65,64)
(108,87,30) ; (130,79,79)
(50,80,52) ; (238,86,79)
(100,90,34) ; (0,76,80)
(29,83,43) ; (100,83,80)
(114,68,114) ; (390,46,105)
(112,44,41) ; (392,114,105)
(108,81,37) ; (130,85,109)
(97,52,78) ; (290,0,110)
(85,63,102) ; (0,168,114)
(100,52,103) ; (0,114,114)
(98,33,104) ; (0,76,114)
(186,65,66) ; (85,166,114)
(48,57,39) ; (272,174,114)
(119,73,58) ; (396,159,115)
(52,70,77) ; (344,162,115)
(22,66,96) ; (322,166,115)
(70,51,100) ; (517,182,120)
(69,75,99) ; (518,107,120)
(29,83,43) ; (100,83,123)
(50,80,52) ; (238,86,131)
(216,68,36) ; (70,0,132)
(106,43,39) ; (398,115,146)
(106,78,73) ; (130,88,146)
(41,52,64) ; (279,179,153)
(92,52,65) ; (298,65,155)
(66,38,60) ; (324,117,155)
(31,33,53) ; (293,122,155)
(29,83,43) ; (100,83,166)
(212,62,27) ; (70,0,168)
(43,70,51) ; (0,0,169)
(25,48,48) ; (43,0,169)
(86,72,46) ; (429,160,173)
(26,67,35) ; (403,165,173)
(96,64,40) ; (85,167,180)
(58,61,39) ; (181,170,180)
(28,58,31) ; (239,173,180)
(46,69,36) ; (238,97,183)
(103,21,35) ; (401,137,185)
(83,52,32) ; (304,0,188)
(48,48,25) ; (348,184,192)
(162,56,25) ; (70,0,195)
(48,48,25) ; (232,0,195)
