0.0779
92 9201
587 233 220
70
1 63 1  43 1  55 1 1
2 107 0  75 1  47 1 1
3 35 1  50 1  52 1 1
4 79 0  34 1  22 1 3
5 56 0  79 0  25 1 2
6 32 1  79 0  30 1 3
7 78 1  99 1  77 1 3
8 78 0  95 0  26 1 3
9 66 1  96 1  68 1 2
10 105 0  96 0  30 1 1
11 104 1  89 1  78 1 1
12 73 1  80 1  44 1 3
13 53 1  64 1  62 1 1
14 94 0  78 0  38 1 1
15 94 1  82 1  52 1 1
16 48 1  77 1  43 1 2
17 74 1  63 1  55 1 1
18 86 0  42 1  69 1 3
19 114 0  38 1  56 1 1
20 72 0  68 0  20 1 2
21 103 0  68 1  41 1 2
22 54 0  90 0  25 1 1
23 35 1  56 1  68 1 2
24 112 1  63 1  68 1 3
25 92 1  51 1  77 1 1
26 45 1  41 1  26 1 2
27 69 0  27 1  47 1 1
28 91 0  35 1  49 1 1
29 103 1  69 1  63 1 1
30 85 1  53 1  49 1 1
31 50 1  79 1  77 1 2
32 68 1  72 1  65 1 1
33 50 1  39 1  38 1 1
34 38 1  81 0  31 1 3
35 100 0  73 1  45 1 1
36 79 0  68 0  26 1 1
37 69 1  61 1  49 1 1
38 44 1  50 1  46 1 1
39 52 0  61 0  23 1 1
40 38 1  57 1  36 1 3
41 40 1  83 0  31 1 1
42 95 1  94 1  69 1 1
43 66 0  26 1  56 0 1
44 82 0  86 0  32 1 3
45 64 1  84 1  79 1 3
46 93 0  33 1  44 1 3
47 41 1  77 1  78 1 1
48 99 0  86 0  29 1 1
49 104 0  33 1  72 0 2
50 104 1  83 1  61 1 2
51 49 1  67 1  56 1 2
52 30 1  89 0  20 1 7
53 54 1  93 1  78 1 2
54 106 0  34 1  40 1 2
55 69 1  88 1  74 1 1
56 78 1  100 1  58 1 1
57 38 1  54 1  59 1 1
58 61 1  62 1  45 1 2
59 115 0  56 1  47 1 2
60 93 0  98 0  45 1 3
61 49 1  48 1  70 1 3
62 112 1  84 1  60 1 1
63 84 1  69 1  59 1 4
64 39 1  33 1  28 1 1
65 76 1  65 1  40 1 2
66 47 1  60 1  61 1 1
67 38 1  77 0  35 1 1
68 50 1  77 1  57 1 1
69 114 0  85 0  27 1 4
70 54 1  76 1  76 1 1
(84,86,165) ; (0,0,0)
(78,99,218) ; (509,0,0)
(118,69,217) ; (0,164,0)
(192,68,178) ; (395,165,0)
(79,64,198) ; (508,101,0)
(100,78,215) ; (0,86,0)
(104,83,190) ; (405,0,0)
(114,85,168) ; (84,0,0)
(108,78,182) ; (118,155,0)
(73,80,132) ; (435,85,0)
(49,70,144) ; (100,85,0)
(99,93,179) ; (306,0,0)
(115,56,132) ; (280,177,0)
(105,77,86) ; (198,0,0)
(68,72,141) ; (367,93,0)
(52,94,159) ; (226,139,0)
(74,69,108) ; (149,86,0)
(79,84,95) ; (288,93,0)
(64,62,53) ; (223,77,0)
(61,62,137) ; (223,77,53)
(104,72,66) ; (198,0,86)
(77,78,41) ; (289,96,95)
(49,67,56) ; (149,87,108)
(68,79,48) ; (440,86,132)
(49,53,85) ; (345,180,132)
(63,55,74) ; (282,178,132)
(76,76,54) ; (290,98,136)
(40,65,76) ; (395,98,141)
(27,69,47) ; (368,94,141)
(40,65,76) ; (100,90,144)
(103,69,63) ; (198,0,152)
(49,91,35) ; (226,140,159)
(43,63,55) ; (149,91,164)
(46,50,44) ; (0,0,165)
(35,50,52) ; (46,0,165)
(77,35,38) ; (0,50,165)
(112,79,25) ; (84,0,168)
(106,68,40) ; (478,165,178)
(81,62,38) ; (397,171,178)
(90,89,40) ; (314,0,179)
(38,50,39) ; (470,115,180)
(33,28,39) ; (475,86,180)
(30,79,32) ; (440,86,180)
(36,57,38) ; (118,176,182)
(59,54,38) ; (154,179,182)
(89,20,30) ; (118,156,182)
(95,78,26) ; (413,0,190)
(66,56,26) ; (300,118,190)
(52,61,23) ; (223,77,190)
(95,78,26) ; (84,0,193)
(41,90,26) ; (226,141,194)
(79,34,22) ; (508,131,198)
