0.0678
21 2101
587 233 220
70
1 46 1  94 0  78 1 2
2 31 1  52 1  50 1 3
3 41 1  98 0  43 1 4
4 75 0  35 1  40 1 1
5 79 0  83 0  37 1 2
6 116 0  35 1  42 1 1
7 47 1  39 1  33 1 3
8 67 1  82 1  69 1 1
9 75 1  55 1  52 1 1
10 73 1  48 1  53 1 1
11 46 1  43 1  59 1 4
12 94 1  59 1  74 1 2
13 75 1  38 1  76 0 2
14 85 0  34 1  71 0 1
15 41 1  75 0  33 1 4
16 58 0  51 1  27 1 2
17 105 0  37 1  20 1 7
18 42 1  69 1  41 1 2
19 84 1  73 1  64 1 6
20 80 0  75 0  25 1 1
21 48 0  96 0  20 1 4
22 56 0  64 0  24 1 1
23 39 1  26 1  48 1 3
24 103 0  44 1  40 1 3
25 34 1  72 0  56 1 3
26 30 1  35 1  52 1 1
27 115 0  97 1  52 1 1
28 57 1  30 1  31 1 5
29 91 0  71 1  36 1 2
30 87 1  88 1  62 1 2
31 93 1  68 1  63 1 4
32 70 1  98 0  41 1 1
33 37 1  52 0  21 1 4
34 79 0  79 0  34 1 5
35 39 1  54 1  34 1 4
36 41 1  51 1  42 1 2
37 43 0  63 0  20 1 2
38 62 1  45 1  42 1 1
39 62 1  86 0  40 1 1
40 87 0  50 1  43 1 3
41 37 1  51 0  25 1 3
42 34 1  92 0  30 1 4
43 53 1  27 1  47 1 1
44 102 1  65 1  76 1 1
45 53 1  79 1  45 1 1
46 63 0  61 0  30 1 3
47 69 1  51 1  40 1 1
48 57 1  79 1  77 1 5
49 54 1  36 1  39 1 1
50 62 1  46 1  34 1 1
51 94 1  84 1  66 1 2
52 95 0  25 1  76 0 2
53 90 0  43 1  68 1 3
54 53 1  81 1  74 1 2
55 93 1  82 1  49 1 1
56 86 0  93 0  34 1 1
57 34 1  65 1  59 1 2
58 74 1  85 0  39 1 3
59 90 0  66 1  43 1 1
60 68 0  72 0  28 1 2
61 120 0  28 1  40 1 1
62 73 1  55 1  60 1 2
63 38 1  58 1  52 1 2
64 96 0  35 1  78 0 4
65 94 0  25 1  32 1 2
66 41 1  57 1  50 1 4
67 78 0  38 1  31 1 3
68 89 0  82 1  43 1 1
69 107 0  40 1  43 1 3
70 36 1  98 0  54 1 1
(93,126,179) ; (0,0,0)
(168,64,219) ; (419,0,0)
(84,94,220) ; (503,139,0)
(81,106,194) ; (0,127,0)
(85,74,117) ; (502,64,0)
(114,77,213) ; (81,156,0)
(86,90,218) ; (417,143,0)
(96,156,116) ; (93,0,0)
(79,79,193) ; (423,64,0)
(87,62,216) ; (332,0,0)
(52,116,218) ; (365,117,0)
(94,118,108) ; (189,0,0)
(170,43,122) ; (195,190,0)
(41,51,156) ; (382,64,0)
(170,72,56) ; (195,118,0)
(49,82,93) ; (283,0,0)
(39,54,220) ; (343,62,0)
(59,34,130) ; (284,82,0)
(98,41,70) ; (195,149,56)
(61,63,60) ; (304,127,56)
(92,30,68) ; (195,119,56)
(48,39,125) ; (284,0,93)
(46,43,59) ; (286,39,93)
(83,79,74) ; (189,0,108)
(91,36,71) ; (189,79,108)
(65,76,102) ; (93,0,116)
(27,58,102) ; (158,0,116)
(45,79,53) ; (93,76,116)
(48,73,53) ; (138,76,116)
(61,63,30) ; (304,127,116)
(85,71,34) ; (502,64,117)
(150,41,66) ; (195,191,122)
(92,30,34) ; (195,119,124)
(98,41,43) ; (195,149,126)
(57,31,90) ; (286,82,130)
(55,60,73) ; (310,130,146)
(82,69,67) ; (505,64,151)
(45,42,62) ; (287,39,152)
(34,46,62) ; (389,64,156)
(57,30,62) ; (195,119,158)
(35,30,52) ; (252,119,158)
(43,59,46) ; (93,76,169)
(40,69,51) ; (138,76,169)
(98,41,43) ; (195,149,169)
(86,107,40) ; (0,0,179)
(75,35,40) ; (189,79,179)
(75,76,38) ; (189,0,182)
(120,40,28) ; (195,192,188)
(74,51,25) ; (428,64,193)
(76,95,25) ; (0,135,194)
