0.0802
17 1701
587 233 220
70
1 71 1  60 1  54 1 1
2 97 0  34 1  56 1 2
3 74 0  33 1  32 1 2
4 46 1  70 1  79 1 2
5 119 1  68 1  74 1 2
6 69 0  85 0  31 1 3
7 55 1  72 1  37 1 1
8 85 0  84 0  37 1 1
9 76 0  87 0  37 1 1
10 82 0  92 0  32 1 1
11 81 0  80 0  38 1 3
12 70 0  45 1  23 1 5
13 73 1  68 1  38 1 2
14 50 1  42 1  69 1 2
15 62 1  94 1  51 1 1
16 61 1  60 1  31 1 3
17 36 1  38 1  61 1 2
18 72 1  79 1  74 1 1
19 110 0  44 1  33 1 2
20 82 1  42 1  79 1 2
21 37 1  74 0  35 1 2
22 94 1  57 1  59 1 2
23 86 0  30 1  75 0 1
24 63 0  35 1  29 1 4
25 69 0  33 1  44 1 2
26 99 1  55 1  72 1 2
27 102 0  30 1  26 1 1
28 56 1  30 1  68 0 2
29 47 1  65 1  47 1 2
30 54 1  64 1  71 1 2
31 58 1  33 1  72 0 2
32 79 0  100 0  24 1 2
33 115 0  46 1  26 1 1
34 44 1  47 1  28 1 3
35 64 0  57 1  32 1 2
36 101 0  59 1  31 1 2
37 47 1  38 1  38 1 2
38 37 1  56 1  73 1 1
39 70 0  96 0  26 1 2
40 66 1  86 0  42 1 2
41 77 1  92 1  72 1 3
42 79 1  93 1  77 1 1
43 113 0  34 1  56 1 3
44 94 0  50 1  34 1 1
45 44 1  67 1  55 1 1
46 84 0  93 0  32 1 1
47 82 0  43 1  36 1 1
48 42 1  67 1  50 1 1
49 99 1  83 1  69 1 1
50 114 0  49 1  46 1 2
51 47 1  76 1  40 1 3
52 89 1  61 1  71 1 3
53 120 0  96 1  53 1 2
54 70 1  67 1  43 1 1
55 62 1  59 1  51 1 1
56 98 0  96 0  43 1 2
57 83 1  57 1  69 1 2
58 72 1  99 1  78 1 3
59 108 1  74 1  60 1 1
60 118 0  100 0  42 1 1
61 71 1  96 1  79 1 4
62 105 0  37 1  38 1 1
63 32 1  90 0  51 1 1
64 82 1  81 1  60 1 1
65 51 1  76 1  80 1 1
66 64 1  64 1  62 1 1
67 101 0  62 0  21 1 2
68 52 1  85 0  35 1 1
69 68 1  42 1  39 1 2
70 99 0  66 1  39 1 1
(99,144,133) ; (0,0,0)
(188,79,214) ; (399,0,0)
(83,69,213) ; (504,164,0)
(71,89,214) ; (0,144,0)
(81,82,174) ; (506,82,0)
(96,79,219) ; (71,154,0)
(97,154,106) ; (407,79,0)
(148,68,175) ; (99,0,0)
(72,79,215) ; (167,154,0)
(69,85,112) ; (99,68,0)
(101,118,73) ; (306,115,0)
(94,114,108) ; (305,0,0)
(84,86,103) ; (168,68,0)
(66,69,44) ; (239,164,0)
(56,68,74) ; (247,0,0)
(51,94,94) ; (252,68,0)
(64,64,62) ; (239,169,44)
(100,79,48) ; (306,154,73)
(99,39,66) ; (307,115,73)
(54,64,142) ; (247,0,74)
(51,76,80) ; (252,68,94)
(82,84,79) ; (168,68,103)
(94,76,40) ; (407,157,106)
(87,76,37) ; (414,81,106)
(62,61,111) ; (239,172,106)
(60,74,108) ; (337,0,108)
(32,74,66) ; (305,0,108)
(68,38,73) ; (329,74,108)
(66,72,58) ; (99,68,112)
(96,70,97) ; (310,163,121)
(98,96,86) ; (0,0,133)
(44,47,84) ; (0,97,133)
(47,47,65) ; (44,97,133)
(94,38,38) ; (312,116,139)
(86,75,30) ; (415,82,143)
(56,73,74) ; (445,160,146)
(38,68,73) ; (407,165,146)
(42,69,50) ; (99,68,170)
(23,70,45) ; (141,68,170)
(47,65,47) ; (454,92,173)
(37,74,35) ; (417,83,173)
(67,70,43) ; (520,92,174)
(29,63,35) ; (308,0,174)
(47,76,40) ; (252,68,174)
(110,66,44) ; (99,0,175)
(29,63,35) ; (209,0,175)
(82,36,43) ; (324,118,177)
(61,36,38) ; (336,74,181)
(35,74,37) ; (168,68,182)
(36,61,38) ; (203,68,182)
