0.000000 4.000000 3.863602 
0.000000 7.000000 2.681782 
0.000000 10.000000 6.461796 
0.000000 13.000000 6.206138 
0.000000 16.000000 7.600832 
0.000000 19.000000 2.083976 
0.000000 22.000000 2.759544 
0.000000 25.000000 2.823889 
0.000000 28.000000 4.893318 
0.000000 31.000000 3.188778 
0.000000 34.000000 4.435184 
0.000000 37.000000 3.297393 
0.000000 40.000000 2.918958 
0.000000 43.000000 2.539774 
0.000000 46.000000 2.671691 
0.000000 49.000000 2.150443 
0.000000 52.000000 2.102714 
0.000000 55.000000 2.136183 
0.000000 58.000000 2.197726 
0.000000 61.000000 2.407200 
0.000000 64.000000 2.535256 
0.000000 67.000000 2.421703 
