0.000000 6.000000 0.995298 
0.000000 9.000000 0.993706 
0.000000 12.000000 1.000208 
0.000000 15.000000 0.986405 
0.000000 18.000000 0.993549 
0.000000 21.000000 1.004297 
0.000000 24.000000 1.018976 
0.000000 27.000000 1.015126 
0.000000 30.000000 1.018077 
0.000000 33.000000 1.017461 
0.000000 36.000000 1.015682 
0.000000 39.000000 1.014562 
0.000000 42.000000 1.017848 
0.000000 45.000000 1.018728 
0.000000 48.000000 1.015395 
0.000000 51.000000 1.014414 
0.000000 54.000000 1.015685 
0.000000 57.000000 1.014830 
0.000000 60.000000 1.017514 
0.000000 63.000000 1.018401 
0.000000 66.000000 1.018408 
0.000000 69.000000 1.017873 
