 411 150 
 13
 0 1 2 19 37 40 67 93 112 118 127 136 143
 12
 0 1 2 19 40 67 93 112 118 127 136 143
 12
 0 1 4 10 47 50 56 71 74 79 133 141
 16
 0 1 5 11 34 38 40 51 67 92 116 119 127 132 134 143
 14
 0 1 5 19 37 40 67 93 112 116 118 119 127 143
 13
 0 1 5 19 40 67 93 112 116 118 119 127 143
 16
 0 1 27 32 40 51 61 66 70 72 86 103 108 136 143 149
 15
 0 1 32 40 51 63 65 66 81 86 87 90 103 143 149
 15
 0 2 3 5 27 61 66 71 83 106 116 119 133 135 143
 13
 0 2 5 22 32 64 71 76 116 119 133 141 143
 11
 0 2 15 34 37 92 93 118 127 136 143
 13
 0 2 19 37 40 50 67 93 112 118 127 136 143
 12
 0 2 21 22 32 64 71 76 133 136 141 143
 12
 0 2 22 25 37 42 64 76 122 136 141 143
 8
 0 2 37 62 93 118 136 143
 17
 0 2 37 65 71 74 80 83 86 98 106 116 119 124 133 141 143
 16
 0 2 37 65 71 74 80 83 86 98 106 124 133 136 141 143
 14
 0 3 5 56 71 74 83 86 116 119 124 133 141 143
 14
 0 3 5 71 74 83 86 106 116 119 124 133 141 143
 13
 0 5 22 25 37 42 64 76 116 119 122 141 143
 8
 0 5 62 93 116 118 119 143
 12
 0 21 22 25 37 42 64 76 122 136 141 143
 15
 0 25 32 37 71 74 83 86 98 106 116 119 133 141 143
 14
 0 25 32 37 71 74 83 86 98 106 133 136 141 143
 12
 0 25 32 71 74 83 98 106 133 136 141 143
 14
 0 32 37 56 71 74 83 86 98 116 119 133 141 143
 13
 0 32 37 56 71 74 83 86 98 133 136 141 143
 13
 0 65 71 74 80 83 98 106 116 119 124 133 141
 13
 0 65 71 74 80 83 98 106 124 133 136 141 143
 17
 1 2 5 19 20 34 35 40 54 65 66 67 80 86 90 99 143
 13
 1 2 5 20 67 81 86 97 100 124 135 136 143
 15
 1 2 13 50 63 65 80 86 87 98 106 122 124 135 147
 11
 1 2 13 81 86 97 100 124 135 136 143
 16
 1 2 19 34 35 37 40 66 67 84 90 99 112 127 136 143
 13
 1 2 19 37 40 52 67 92 112 127 136 143 148
 11
 1 2 19 37 40 62 67 112 127 136 143
 11
 1 2 20 35 67 81 97 100 135 136 143
 10
 1 2 23 43 50 71 122 131 133 141
 18
 1 2 25 27 32 51 59 63 66 80 81 86 87 98 103 106 124 143
 15
 1 2 27 32 51 58 66 81 86 87 103 105 106 136 143
 12
 1 2 28 32 63 86 87 93 103 106 124 143
 12
 1 2 30 37 81 86 97 100 124 135 136 143
 11
 1 2 30 67 81 86 97 100 135 136 143
 14
 1 2 35 51 67 81 84 97 100 124 132 135 136 143
 13
 1 2 37 51 81 86 87 97 100 124 135 136 143
 12
 1 2 51 81 86 87 97 100 124 135 136 143
 11
 1 2 51 81 86 97 100 105 135 136 143
 18
 1 5 10 15 20 32 38 54 58 65 86 87 103 113 119 128 143 149
 10
 1 5 11 15 41 60 92 119 122 148
 17
 1 5 11 20 32 37 54 58 65 66 86 87 101 103 119 143 149
 14
 1 5 11 34 40 67 72 92 115 116 119 127 135 143
 19
 1 5 19 20 35 38 40 54 65 67 80 86 95 113 116 119 127 134 143
 16
 1 5 19 25 35 38 40 65 67 76 95 113 127 134 135 147
 16
 1 5 19 34 35 40 66 67 84 90 99 112 116 119 127 143
 19
 1 5 19 35 38 40 51 63 65 67 80 86 95 113 124 127 134 143 149
 18
 1 5 19 35 38 40 54 65 67 86 95 113 116 126 127 134 138 149
 13
 1 5 19 40 52 67 92 112 116 119 127 143 148
 11
 1 5 19 40 62 67 112 116 119 127 143
 17
 1 5 20 32 54 58 61 65 66 72 86 87 103 106 119 143 149
 9
 1 5 49 50 77 85 95 102 111
 10
 1 5 49 50 79 85 91 95 111 138
 9
 1 5 49 50 85 95 102 111 138
 8
 1 5 50 85 92 102 119 148
 8
 1 8 21 31 50 69 85 149
 8
 1 8 39 50 69 85 91 149
 7
 1 8 50 69 85 144 149
 11
 1 9 11 15 35 60 65 84 92 99 122
 14
 1 10 11 32 58 65 66 80 81 86 87 103 124 147
 13
 1 10 13 28 46 61 66 86 87 124 135 141 142
 14
 1 10 15 32 38 49 54 58 86 87 103 113 126 128
 17
 1 10 15 32 38 51 58 63 80 86 87 103 113 124 128 143 149
 13
 1 10 20 28 35 46 61 66 67 87 135 141 142
 15
 1 10 27 32 51 58 61 65 80 86 87 103 124 143 147
 13
 1 10 27 32 58 65 80 81 86 87 103 124 147
 13
 1 10 28 46 51 61 66 86 87 105 135 141 142
 10
 1 10 28 50 70 74 79 82 105 141
 13
 1 10 32 49 58 65 81 86 87 99 103 106 128
 9
 1 10 34 73 127 135 141 142 148
 9
 1 10 34 94 127 135 141 142 148
 8
 1 10 60 62 92 135 141 148
 20
 1 11 25 27 32 37 51 63 65 66 71 80 86 87 90 98 101 103 124 143
 16
 1 11 25 32 40 51 63 66 81 86 87 97 103 124 143 149
 13
 1 11 27 28 32 51 63 66 81 86 103 105 143
 13
 1 11 32 49 54 58 66 86 87 101 103 126 143
 16
 1 11 32 51 54 58 65 66 77 86 87 101 103 126 143 149
 10
 1 11 35 41 60 65 84 92 99 122
 10
 1 12 49 50 77 79 85 91 111 113
 9
 1 12 49 50 77 85 102 111 113
 9
 1 12 49 50 85 102 111 113 138
 12
 1 13 27 28 32 63 81 86 103 106 124 143
 15
 1 13 27 32 37 58 65 80 81 86 87 103 124 136 143
 13
 1 13 28 32 51 61 63 66 72 86 103 106 124
 11
 1 15 35 39 50 65 84 92 99 115 116
 8
 1 16 21 30 31 50 63 87
 12
 1 16 27 32 58 80 81 86 87 103 124 149
 8
 1 16 30 39 50 63 87 91
 7
 1 16 30 50 63 87 144
 8
 1 17 50 52 60 62 71 79
 8
 1 17 50 52 60 62 79 133
 15
 1 19 21 34 35 40 66 67 84 90 99 112 127 136 143
 10
 1 19 21 40 62 67 112 127 136 143
 15
 1 20 25 32 54 56 58 81 86 87 103 116 119 128 143
 12
 1 20 27 28 32 35 51 63 67 86 101 103
 12
 1 20 27 28 32 35 63 67 81 86 103 143
 14
 1 20 27 28 32 63 66 67 81 86 103 106 124 143
 14
 1 20 27 32 54 58 80 86 87 101 103 116 119 143
 13
 1 20 28 32 51 56 63 67 86 101 103 124 128
 16
 1 20 32 54 58 61 66 72 80 86 87 103 106 116 119 143
 10
 1 21 26 31 50 72 112 115 116 127
 7
 1 21 30 31 48 117 135
 9
 1 21 31 35 50 67 115 116 117
 5
 1 21 31 43 50
 8
 1 21 31 50 69 85 129 149
 7
 1 21 31 50 85 115 116
 11
 1 21 35 48 51 57 67 84 117 132 135
 7
 1 21 48 57 117 135 145
 10
 1 26 39 50 72 91 112 115 116 127
 9
 1 26 50 72 112 115 116 127 144
 15
 1 27 28 32 35 51 63 66 77 81 86 103 106 138 143
 13
 1 27 28 32 51 63 66 81 86 103 105 106 143
 11
 1 27 32 49 54 58 81 86 87 103 126
 12
 1 27 32 49 54 58 86 87 101 103 126 143
 15
 1 27 32 51 54 58 65 86 87 101 103 126 138 143 149
 13
 1 27 32 54 58 77 81 86 87 103 116 126 149
 13
 1 28 32 56 63 67 77 86 93 103 124 138 143
 6
 1 29 50 52 60 79
 6
 1 30 48 117 135 144
 16
 1 32 38 39 50 54 65 66 86 90 98 106 115 116 127 134
 14
 1 32 49 54 58 61 66 72 86 87 103 106 126 143
 12
 1 32 51 54 56 58 86 87 93 103 116 126
 16
 1 32 51 54 58 65 77 86 87 101 103 106 126 128 143 149
 13
 1 32 51 54 58 80 86 87 93 103 106 116 126
 9
 1 35 39 50 67 91 115 116 117
 10
 1 35 48 51 67 84 104 117 132 135
 11
 1 35 49 50 74 84 91 92 115 116 141
 8
 1 35 50 67 115 116 117 144
 9
 1 36 39 50 65 66 90 115 116
 9
 1 36 50 65 66 90 91 115 116
 14
 1 36 50 66 69 80 86 90 108 124 128 134 141 149
 5
 1 39 43 50 91
 8
 1 39 50 69 85 91 129 149
 7
 1 39 50 85 91 115 116
 4
 1 43 50 144
 7
 1 50 69 85 129 144 149
 8
 1 50 85 102 115 116 129 149
 12
 2 4 14 53 65 80 86 98 106 109 124 126
 8
 2 4 23 53 71 75 133 141
 14
 2 5 7 25 32 37 38 66 83 86 98 106 119 143
 16
 2 5 7 38 65 66 80 83 86 90 98 106 119 124 127 143
 17
 2 5 8 12 65 80 81 86 95 98 106 113 124 128 134 135 147
 17
 2 5 12 16 65 80 81 86 88 95 98 106 113 124 128 129 134
 17
 2 5 12 65 80 81 86 95 98 106 113 124 128 129 134 135 147
 10
 2 5 16 19 26 31 101 116 119 143
 16
 2 6 7 11 27 46 65 66 80 86 88 98 106 128 135 142
 15
 2 6 7 27 32 37 66 72 86 88 90 98 101 103 136
 13
 2 6 7 32 42 72 86 88 98 101 103 106 136
 12
 2 6 7 37 42 46 86 88 98 101 106 142
 14
 2 6 7 46 51 61 65 76 80 86 98 106 143 149
 17
 2 6 25 27 32 40 65 72 76 80 86 97 101 103 106 124 136
 13
 2 7 11 15 66 83 86 88 98 116 119 124 142
 15
 2 7 27 38 65 66 83 86 90 98 116 119 124 142 143
 14
 2 7 27 38 66 83 86 88 98 124 135 136 142 143
 16
 2 7 38 65 66 80 83 86 88 90 98 106 116 119 124 143
 10
 2 8 18 21 37 64 77 129 136 143
 10
 2 8 18 21 37 64 129 136 138 143
 19
 2 8 35 38 54 65 66 67 79 80 86 90 98 106 117 124 127 134 149
 17
 2 8 38 54 65 66 79 80 85 86 90 98 106 124 127 134 149
 10
 2 10 17 35 84 86 100 108 116 136
 13
 2 11 27 51 66 74 81 86 100 105 136 141 143
 11
 2 12 25 68 80 86 108 121 123 143 149
 11
 2 12 33 66 80 86 106 119 121 123 138
 13
 2 13 16 30 65 80 86 98 106 122 124 135 147
 10
 2 13 23 37 44 48 71 133 139 141
 11
 2 13 44 48 65 80 86 98 106 124 139
 10
 2 16 19 26 31 37 101 116 136 143
 10
 2 17 21 22 23 108 118 136 141 143
 11
 2 17 25 71 92 96 108 114 133 136 148
 9
 2 17 25 80 108 116 121 123 135
 11
 2 19 37 40 50 62 67 112 127 136 143
 15
 2 21 23 32 37 51 57 76 86 87 97 104 108 124 141
 10
 2 23 30 48 71 122 131 133 139 141
 12
 2 25 27 33 71 80 86 107 121 123 132 135
 11
 2 25 33 80 107 114 121 123 132 135 143
 12
 2 25 50 80 81 86 97 121 123 135 138 143
 13
 2 27 51 66 74 81 86 100 105 106 136 141 143
 13
 2 27 51 74 86 100 101 105 106 128 136 141 143
 12
 2 51 56 74 81 86 100 105 128 136 141 143
 12
 3 10 11 15 48 59 66 86 105 117 135 141
 11
 3 10 48 59 61 66 86 105 117 135 141
 7
 3 18 37 44 104 141 145
 16
 4 10 12 14 33 54 59 61 65 66 71 80 86 102 141 149
 15
 4 10 12 14 33 54 59 61 65 66 71 80 86 102 149
 11
 4 14 23 53 66 80 106 109 124 126 128
 9
 4 14 32 53 56 86 98 109 126
 12
 4 21 25 31 33 55 71 76 79 86 102 141
 10
 4 21 31 33 71 78 79 86 102 141
 10
 4 21 31 33 78 79 86 102 133 141
 12
 4 25 33 39 55 71 76 79 86 91 102 141
 11
 4 25 33 55 71 76 79 86 102 141 144
 7
 4 25 47 55 56 76 93
 6
 4 25 53 55 75 76
 9
 4 25 55 76 80 102 134 144 149
 10
 4 33 39 71 78 79 86 91 102 141
 9
 4 33 71 78 79 86 102 141 144
 5
 4 47 56 78 93
 4
 4 53 75 78
 17
 5 6 7 11 21 27 35 37 54 66 86 98 103 107 119 143 149
 13
 5 6 33 38 51 66 86 107 114 119 121 128 132
 13
 5 7 11 54 66 83 86 95 119 124 141 143 149
 11
 5 8 18 21 37 64 77 116 119 129 143
 11
 5 8 18 21 37 64 116 119 129 138 143
 12
 5 10 23 37 42 67 84 95 110 124 134 139
 13
 5 10 23 37 59 67 84 95 110 124 128 134 139
 12
 5 10 23 59 67 84 88 95 110 128 134 139
 14
 5 10 23 65 67 84 95 108 110 124 127 128 134 139
 14
 5 10 23 66 67 84 90 95 108 110 124 128 134 139
 12
 5 10 54 61 66 69 83 86 95 113 119 143
 14
 5 11 12 25 33 66 76 80 83 86 95 119 141 143
 13
 5 11 27 37 72 80 86 101 110 119 121 123 124
 12
 5 11 33 66 69 83 86 97 108 119 141 143
 12
 5 11 38 54 66 69 83 86 95 113 119 143
 14
 5 12 16 32 56 81 86 88 95 98 113 128 129 134
 13
 5 12 20 35 54 66 86 97 100 106 108 119 143
 11
 5 12 25 33 38 66 69 83 86 119 143
 13
 5 12 25 33 38 66 76 80 83 86 95 119 143
 10
 5 14 16 25 44 55 57 76 88 95
 10
 5 14 25 44 55 57 76 95 135 147
 8
 5 14 37 42 55 57 95 120
 11
 5 14 37 42 88 95 102 109 110 126 134
 11
 5 14 59 88 95 102 109 110 126 128 134
 13
 5 14 66 90 95 102 108 109 110 124 126 128 134
 13
 5 16 25 34 38 59 76 88 95 99 113 128 134
 9
 5 17 37 44 52 75 79 91 119
 8
 5 17 37 44 52 75 102 119
 15
 5 19 26 37 42 59 88 101 110 116 119 122 123 127 128
 17
 5 19 26 37 42 66 90 101 108 110 116 119 122 123 124 127 128
 11
 5 33 38 66 69 83 86 97 108 119 143
 13
 5 33 54 56 61 66 83 86 95 113 119 135 143
 9
 5 36 37 42 52 88 95 110 134
 9
 5 36 37 42 52 95 110 124 134
 9
 5 36 39 54 91 95 108 113 128
 9
 5 36 52 59 88 95 110 128 134
 11
 5 36 52 66 90 95 108 110 124 128 134
 14
 5 37 42 46 59 88 101 110 119 122 123 127 128 142
 14
 5 37 42 46 59 88 101 110 119 123 127 128 131 142
 14
 5 37 42 46 59 101 110 119 122 123 124 127 128 142
 16
 5 37 42 46 65 66 90 101 108 110 119 122 123 127 128 142
 16
 5 37 42 46 66 90 101 108 110 119 122 123 124 127 128 142
 11
 5 37 59 61 94 110 119 123 124 127 128
 9
 5 49 71 75 77 95 102 111 133
 9
 5 49 72 85 95 102 111 135 138
 10
 5 59 61 88 94 110 119 123 127 128
 16
 6 7 11 21 25 32 37 54 66 86 95 103 107 119 132 143
 13
 6 7 11 25 27 37 51 66 86 88 107 121 132
 12
 6 7 11 25 37 66 86 88 106 107 121 132
 12
 6 7 11 25 37 66 86 106 107 121 124 132
 12
 6 7 11 25 66 86 106 107 121 124 128 132
 12
 6 7 11 27 37 51 66 86 88 107 121 132
 12
 6 7 11 27 37 66 86 88 106 107 121 132
 12
 6 7 11 27 37 66 86 106 107 121 124 132
 11
 6 7 11 27 51 66 86 88 107 121 132
 12
 6 7 11 27 51 66 86 107 108 121 124 132
 11
 6 7 11 27 66 86 88 106 107 121 132
 11
 6 7 11 27 66 86 106 107 121 124 132
 12
 6 7 11 37 38 51 66 86 88 107 121 132
 20
 6 10 11 25 27 32 37 65 66 67 72 80 86 98 101 103 124 127 136 149
 13
 6 11 12 51 54 65 86 107 114 119 121 132 143
 19
 6 11 27 32 38 51 65 66 86 90 95 98 103 107 113 114 124 128 132
 13
 6 12 51 54 65 66 86 107 113 114 119 121 143
 10
 6 27 33 38 51 71 86 107 121 132
 12
 6 27 33 38 71 80 86 107 119 121 132 149
 11
 6 33 37 46 66 69 86 88 97 101 135
 12
 6 33 38 51 71 80 86 107 119 121 132 149
 14
 6 38 51 80 86 97 106 107 119 121 132 135 143 149
 12
 7 12 20 51 66 77 107 119 121 124 128 132
 13
 7 20 51 66 77 86 97 107 108 121 124 128 132
 14
 8 10 12 14 39 40 61 66 86 88 114 126 129 149
 10
 8 35 36 65 66 67 79 90 117 149
 10
 8 35 36 66 67 79 90 117 127 149
 8
 8 39 69 71 75 91 133 149
 7
 8 69 71 75 133 144 149
 7
 8 69 72 85 135 144 149
 9
 9 15 16 30 37 44 60 122 131
 5
 9 52 73 122 131
 5
 9 52 94 122 131
 12
 10 12 23 59 67 84 88 110 113 128 134 139
 12
 10 12 23 59 67 84 110 113 124 128 134 139
 12
 10 15 16 25 34 49 65 76 88 99 127 148
 11
 10 15 16 25 38 58 63 70 76 88 113
 11
 10 15 16 25 38 58 63 76 82 88 113
 12
 10 15 25 34 49 65 76 99 127 135 147 148
 11
 10 15 25 38 58 63 70 76 113 135 147
 11
 10 15 25 38 58 63 76 82 113 135 147
 9
 10 15 34 49 65 99 120 127 148
 9
 10 15 34 49 66 90 99 120 148
 10
 10 15 35 39 49 65 67 99 117 148
 10
 10 15 35 49 65 67 91 99 117 148
 8
 10 15 38 58 63 70 113 120
 8
 10 15 38 58 63 82 113 120
 8
 10 15 49 65 85 91 99 148
 8
 10 17 52 60 62 71 74 141
 6
 10 29 52 60 74 141
 9
 10 54 56 86 100 116 118 126 141
 10
 10 54 66 86 100 108 116 118 126 128
 9
 10 59 61 66 86 89 105 135 141
 10
 11 25 27 33 54 86 97 100 126 138
 11
 11 27 37 41 66 86 88 106 107 121 132
 10
 11 35 41 50 60 65 84 92 99 122
 12
 12 14 37 59 102 109 110 113 124 126 128 134
 7
 12 14 44 55 57 113 120
 11
 12 14 59 88 102 109 110 113 126 128 134
 13
 12 14 66 90 102 108 109 110 113 124 126 128 134
 11
 12 16 27 51 66 80 86 100 107 128 149
 10
 12 33 54 66 77 86 100 106 119 126
 10
 12 33 54 86 100 106 126 138 141 143
 9
 12 36 37 42 52 88 110 113 134
 8
 12 36 42 52 110 113 124 134
 9
 12 36 52 59 88 110 113 128 134
 9
 12 36 52 88 110 113 128 134 142
 10
 12 39 49 71 75 79 111 113 133 138
 8
 12 49 54 86 100 107 114 126
 9
 12 49 71 75 77 102 111 113 133
 9
 12 49 71 75 102 111 113 133 138
 10
 12 49 72 77 79 85 91 111 113 135
 9
 12 49 72 77 85 102 111 113 135
 11
 13 15 16 35 65 84 88 92 99 122 131
 9
 13 16 25 30 55 76 122 135 147
 7
 13 16 30 78 122 135 147
 7
 13 16 30 78 131 135 147
 5
 13 18 44 78 104
 11
 14 16 25 37 42 57 76 77 88 109 111
 10
 14 16 25 44 57 76 88 109 111 138
 11
 14 16 32 55 56 86 88 98 109 111 138
 11
 14 25 37 42 57 76 77 109 111 135 147
 12
 14 25 44 55 59 76 77 109 111 128 135 147
 12
 14 25 44 55 59 76 109 111 128 135 138 147
 10
 14 25 44 57 76 77 109 111 135 147
 10
 14 25 44 57 76 109 111 135 138 147
 11
 14 37 42 69 80 88 102 109 126 134 149
 10
 14 42 69 80 88 102 109 126 134 149
 7
 14 44 57 77 109 111 120
 7
 14 44 57 109 111 120 138
 11
 14 59 69 80 88 102 109 126 128 134 149
 13
 14 65 69 80 102 108 109 124 126 127 128 134 149
 13
 14 66 69 80 90 102 108 109 124 126 128 134 149
 11
 14 69 80 88 102 109 126 128 134 142 149
 12
 15 16 25 34 35 65 76 84 88 92 99 127
 12
 15 16 25 34 35 66 76 84 88 90 92 99
 8
 15 21 34 62 92 127 136 143
 12
 15 25 34 35 65 76 84 92 99 127 135 147
 12
 15 25 34 35 66 76 84 90 92 99 135 147
 9
 15 34 35 65 84 92 99 120 127
 9
 15 34 35 66 84 90 92 99 120
 10
 15 35 36 65 66 84 90 92 99 127
 11
 15 35 65 72 84 91 92 99 115 116 135
 5
 15 41 73 122 131
 9
 16 19 21 26 31 101 116 136 143
 8
 16 25 41 60 76 88 122 145
 9
 16 25 55 63 70 76 81 122 131
 9
 16 25 55 63 76 81 82 122 131
 9
 16 30 41 59 60 66 88 122 131
 7
 17 54 86 100 108 116 126
 7
 18 21 37 45 60 68 71
 7
 18 21 37 45 60 68 133
 10
 19 21 40 50 62 67 112 127 136 143
 8
 20 21 25 55 57 76 78 104
 8
 20 21 39 57 91 104 122 131
 7
 20 21 57 104 122 131 144
 14
 20 35 51 54 66 86 97 100 107 108 119 128 132 143
 11
 20 54 56 65 86 96 100 116 119 141 143
 9
 21 26 31 35 67 72 112 117 127
 7
 21 26 31 72 85 112 127
 5
 21 30 31 48 139
 5
 21 31 43 72 135
 3
 21 31 140
 5
 21 48 57 139 145
 7
 22 25 78 96 114 118 136
 4
 24 60 122 131
 10
 25 30 55 70 76 81 82 122 131 143
 9
 25 35 55 67 76 85 117 122 131
 14
 25 37 44 46 51 76 81 86 87 105 122 131 142 143
 8
 25 41 60 76 122 135 145 147
 9
 26 35 39 67 72 91 112 117 127
 8
 26 35 67 72 112 117 127 144
 9
 26 36 39 65 66 72 90 112 127
 9
 26 36 65 66 72 90 91 112 127
 11
 26 38 39 49 65 72 99 112 113 127 148
 11
 26 38 49 65 72 91 99 112 113 127 148
 8
 26 49 72 85 102 116 129 135
 6
 26 72 85 112 127 144
 11
 27 32 49 50 54 58 81 86 87 103 126
 5
 30 39 48 91 139
 4
 30 48 139 144
 16
 32 35 54 61 65 66 80 83 86 98 106 116 119 128 135 143
 10
 33 54 66 86 97 100 106 108 126 138
 5
 37 44 74 89 145
 3
 37 44 146
 4
 37 59 128 146
 5
 39 43 72 91 135
 3
 39 91 140
 5
 41 61 73 122 131
 5
 41 61 94 122 131
 4
 43 72 135 144
 3
 44 125 145
 14
 46 51 56 59 70 80 81 86 98 124 128 142 143 149
 10
 51 66 86 99 100 108 116 118 124 128
 5
 52 59 66 88 137
 4
 52 122 131 137
 12
 54 61 66 86 100 101 106 107 108 126 132 135
 3
 60 120 130
 2
 140 144
