 247 150 0 1 2 3 4 5 6 7 8 9 10 11 12 13 14 15 16 17 18 19 20 21 22 23 24 25 26 27 28 29 30 31 32 33 34 35 36 37 38 39 40 41 42 43 44 45 46 47 48 49 50 51 52 53 54 55 56 57 58 59 60 61 62 63 64 65 66 67 68 69 70 71 72 73 74 75 76 77 78 79 80 81 82 83 84 85 86 87 88 89 90 91 92 93 94 95 96 97 98 99 100 101 102 103 104 105 106 107 108 109 110 111 112 113 114 115 116 117 118 119 120 121 122 123 124 125 126 127 128 129 130 131 132 133 134 135 136 137 138 139 140 141 142 143 144 145 146 147 148 149 
 15
 0 3 8 15 16 20 23 37 53 58 90 105 130 148 149
 20
 0 3 15 16 20 23 32 57 58 62 68 77 88 90 114 117 119 130 148 149
 15
 0 3 15 16 20 39 58 77 88 90 102 117 124 148 149
 18
 0 3 15 16 23 32 38 50 57 58 62 68 77 88 90 130 148 149
 16
 0 3 15 16 50 58 62 69 75 77 78 88 90 104 130 149
 17
 0 3 16 20 23 32 53 58 68 77 88 90 102 117 130 148 149
 12
 0 3 16 20 53 58 77 88 110 118 133 149
 10
 0 3 16 43 58 65 105 113 123 149
 14
 0 3 23 49 58 61 77 88 113 118 124 137 148 149
 12
 0 3 43 49 58 65 68 77 88 118 137 149
 19
 1 3 8 15 16 50 57 58 66 68 77 90 103 109 114 117 130 140 149
 18
 1 3 15 16 17 20 32 58 68 77 88 90 97 104 112 130 144 149
 21
 1 3 15 16 17 20 57 58 59 60 62 68 77 88 90 114 117 123 130 137 149
 18
 1 3 15 16 17 57 58 59 62 77 88 90 94 114 115 123 137 149
 21
 1 3 15 16 20 53 57 58 59 62 68 77 87 88 90 94 114 115 130 144 149
 21
 1 3 15 16 57 58 59 62 68 77 88 90 103 109 114 115 117 123 130 137 149
 17
 1 3 15 16 57 58 62 68 77 86 88 90 98 114 121 136 149
 19
 1 3 16 50 57 58 59 68 70 77 87 88 109 113 115 130 137 144 149
 13
 2 3 4 15 16 53 58 62 88 90 99 115 149
 12
 2 3 4 16 45 58 88 90 115 130 137 149
 12
 2 3 5 8 16 36 58 75 77 88 90 149
 13
 2 3 5 16 36 50 58 75 77 88 90 113 149
 12
 2 3 5 16 36 50 58 77 88 90 95 149
 13
 2 3 8 15 16 36 58 73 75 77 88 90 149
 13
 2 3 8 15 16 36 58 77 88 90 108 112 149
 18
 2 3 15 16 27 49 58 68 77 90 97 113 114 115 117 119 137 149
 14
 2 3 15 16 36 50 58 77 88 90 108 112 113 149
 16
 3 4 15 16 20 36 53 57 58 77 88 90 115 122 130 149
 17
 3 4 15 16 20 53 58 75 77 90 113 114 124 125 137 143 149
 15
 3 4 15 16 50 58 75 77 88 90 104 125 137 143 149
 15
 3 4 15 16 58 75 77 88 90 113 114 123 125 143 149
 11
 3 4 16 58 72 90 97 121 122 136 149
 11
 3 4 58 65 75 77 118 124 125 137 149
 14
 3 5 16 18 38 50 58 67 77 102 137 141 144 149
 13
 3 5 16 37 58 77 88 90 111 113 126 136 149
 11
 3 5 16 37 58 90 105 111 113 136 149
 16
 3 5 16 40 51 57 58 62 77 88 90 113 119 130 139 149
 10
 3 5 51 58 63 77 95 126 139 149
 12
 3 6 8 15 16 58 77 88 90 108 112 149
 13
 3 6 15 16 30 50 58 64 77 88 113 124 149
 14
 3 6 15 16 50 58 77 88 90 108 112 113 124 149
 16
 3 7 8 15 16 20 38 40 53 58 68 72 77 90 115 149
 18
 3 7 15 16 20 33 53 57 58 60 68 74 77 90 109 115 130 149
 19
 3 7 15 16 20 40 53 57 58 62 77 88 90 113 115 119 130 135 149
 19
 3 7 15 16 20 53 57 58 60 62 68 77 90 109 114 115 127 130 149
 15
 3 7 15 16 20 53 57 58 68 72 77 88 90 127 149
 13
 3 7 15 16 22 54 58 70 77 88 90 97 149
 17
 3 7 15 16 22 57 58 62 68 77 90 102 115 119 130 138 149
 16
 3 7 15 16 49 50 52 58 62 68 70 77 90 115 144 149
 16
 3 7 15 16 50 52 57 58 68 77 90 95 97 115 130 149
 14
 3 8 10 33 44 49 58 77 88 113 120 126 144 149
 14
 3 8 10 44 58 68 77 88 102 113 120 124 144 149
 12
 3 8 10 44 58 88 106 113 120 124 144 149
 17
 3 8 12 15 16 17 42 49 58 68 77 88 90 104 113 130 149
 17
 3 8 13 15 16 20 21 24 53 54 56 58 77 80 88 90 149
 15
 3 8 13 16 21 58 67 77 88 90 106 113 124 143 149
 12
 3 8 15 16 18 21 39 46 58 63 77 90
 16
 3 8 15 16 20 33 58 62 68 77 81 82 90 130 147 149
 14
 3 8 15 16 20 43 44 49 58 77 90 101 126 149
 16
 3 8 15 16 20 48 58 68 77 82 88 90 119 130 147 149
 15
 3 8 15 16 25 32 58 77 87 88 90 112 130 144 149
 14
 3 8 15 16 30 36 53 58 64 77 97 103 115 149
 17
 3 8 15 16 32 38 44 49 57 58 68 77 88 90 101 113 149
 17
 3 8 15 16 33 36 38 58 71 77 87 88 90 112 113 144 149
 15
 3 8 15 16 38 50 58 68 72 77 88 90 131 132 149
 13
 3 8 15 16 44 58 77 88 102 107 113 120 149
 15
 3 8 15 16 49 50 58 68 72 77 88 90 131 132 149
 17
 3 8 15 16 50 58 61 68 77 86 88 90 113 116 119 137 149
 15
 3 8 16 20 43 44 57 58 68 77 88 101 102 124 149
 15
 3 8 16 20 43 44 58 68 77 88 90 101 102 124 149
 14
 3 8 16 29 33 49 58 77 78 84 96 113 137 149
 15
 3 8 16 29 33 58 77 78 84 96 113 119 124 137 149
 14
 3 8 16 29 38 58 77 84 88 96 113 137 144 149
 15
 3 8 16 33 50 58 68 73 77 79 83 88 100 113 149
 13
 3 8 16 34 38 58 68 77 88 111 113 118 149
 13
 3 8 44 58 77 88 90 95 120 124 144 146 149
 16
 3 9 15 16 31 33 57 58 68 77 88 90 113 129 137 149
 15
 3 9 15 16 31 33 57 58 68 77 88 90 129 137 149
 16
 3 9 15 16 31 57 58 68 70 77 88 90 113 137 144 149
 14
 3 9 15 16 31 57 58 68 77 78 88 90 129 149
 13
 3 10 28 38 58 77 84 88 90 96 104 137 149
 15
 3 11 15 16 18 38 50 57 58 62 67 90 106 144 149
 16
 3 11 15 16 18 38 50 57 58 67 90 106 113 130 144 149
 15
 3 11 15 16 18 38 50 57 58 67 90 106 130 144 149
 15
 3 11 15 16 21 38 50 57 58 67 77 90 105 130 149
 16
 3 11 15 16 33 57 58 68 77 88 90 110 130 133 135 149
 11
 3 11 15 16 43 58 65 106 123 124 149
 17
 3 11 16 18 38 50 57 58 62 67 68 77 90 102 130 144 149
 16
 3 12 15 16 17 42 49 57 58 77 88 90 118 130 137 149
 15
 3 12 15 16 20 42 53 58 74 77 88 90 113 126 149
 11
 3 12 38 42 58 68 74 77 88 118 149
 11
 3 12 42 49 58 68 74 77 88 118 149
 10
 3 12 42 49 58 74 77 118 124 149
 19
 3 13 15 16 18 38 50 58 62 67 77 88 90 113 124 126 143 144 149
 16
 3 14 15 16 33 57 58 59 62 68 77 88 90 130 134 149
 10
 3 14 16 28 58 71 88 90 134 149
 13
 3 14 16 57 58 62 68 77 85 88 134 144 149
 12
 3 15 16 17 39 46 58 71 77 90 104 149
 14
 3 15 16 18 38 50 58 67 77 106 112 129 144 149
 14
 3 15 16 19 22 57 58 62 66 68 77 90 130 149
 12
 3 15 16 19 52 58 66 77 88 90 124 149
 17
 3 15 16 20 21 36 50 57 58 62 77 88 90 97 103 115 149
 20
 3 15 16 20 21 57 58 60 62 68 77 90 97 109 115 117 121 122 130 149
 18
 3 15 16 20 25 46 53 58 62 77 88 90 94 114 117 130 138 149
 18
 3 15 16 20 25 46 53 58 62 77 88 90 94 114 124 130 138 149
 15
 3 15 16 20 25 53 58 62 77 88 94 106 126 138 149
 19
 3 15 16 20 27 38 53 58 62 68 77 87 88 90 97 115 124 130 149
 20
 3 15 16 20 27 41 49 53 57 58 62 68 77 88 90 103 104 113 130 149
 21
 3 15 16 20 27 49 53 57 58 62 77 88 90 97 103 113 115 124 130 137 149
 13
 3 15 16 20 27 49 58 77 88 115 118 128 149
 20
 3 15 16 20 32 53 58 60 62 68 77 90 97 109 114 115 122 130 144 149
 20
 3 15 16 20 33 47 53 57 58 62 68 77 81 90 108 113 114 123 129 149
 18
 3 15 16 20 33 53 58 68 77 78 90 94 109 114 117 138 139 149
 16
 3 15 16 20 33 58 62 68 77 81 82 90 114 130 147 149
 17
 3 15 16 20 34 38 39 53 57 58 68 77 88 90 114 117 149
 18
 3 15 16 20 34 39 49 53 57 58 62 68 77 88 90 114 117 149
 18
 3 15 16 20 38 49 53 57 58 62 77 90 97 103 118 128 130 149
 15
 3 15 16 20 38 53 58 61 77 86 90 114 130 142 149
 15
 3 15 16 20 39 53 54 58 61 62 77 90 117 144 149
 16
 3 15 16 20 43 50 53 58 65 82 88 90 101 106 144 149
 14
 3 15 16 20 43 58 65 68 77 90 113 114 142 149
 18
 3 15 16 20 46 53 57 58 77 87 90 98 109 114 115 130 133 149
 17
 3 15 16 20 48 49 57 58 68 77 82 88 90 114 130 147 149
 17
 3 15 16 20 48 49 58 62 68 77 82 88 90 114 130 147 149
 16
 3 15 16 20 48 49 58 62 68 77 82 88 90 114 147 149
 19
 3 15 16 20 52 53 57 58 59 62 68 77 88 90 117 124 130 135 149
 18
 3 15 16 20 52 53 57 58 62 68 77 90 97 109 121 130 140 149
 12
 3 15 16 20 53 55 58 88 90 97 99 149
 16
 3 15 16 20 53 56 58 68 73 77 79 83 88 113 114 149
 21
 3 15 16 20 53 57 58 60 62 68 77 90 97 114 115 117 121 122 130 148 149
 13
 3 15 16 20 53 58 77 79 88 106 131 132 149
 13
 3 15 16 20 55 58 62 88 90 97 99 114 149
 21
 3 15 16 20 57 58 60 62 66 68 77 90 97 109 114 115 117 121 122 130 149
 21
 3 15 16 20 57 58 60 62 68 77 90 97 98 109 113 115 117 124 128 137 149
 20
 3 15 16 20 57 58 60 68 77 90 97 108 109 114 115 117 121 122 130 149
 15
 3 15 16 20 58 68 77 78 81 82 90 114 130 147 149
 14
 3 15 16 21 46 50 58 67 77 90 112 113 129 149
 15
 3 15 16 22 54 57 58 62 77 88 90 130 131 132 149
 15
 3 15 16 22 54 58 62 77 86 88 90 115 130 131 149
 16
 3 15 16 22 57 58 68 77 88 90 101 102 115 119 131 149
 20
 3 15 16 23 27 49 58 62 68 77 88 90 103 113 114 115 123 130 137 149
 16
 3 15 16 23 34 43 53 57 58 68 77 88 90 119 123 149
 16
 3 15 16 25 32 50 58 77 87 88 90 112 113 130 144 149
 15
 3 15 16 25 46 58 62 77 88 90 93 113 130 137 149
 14
 3 15 16 26 51 58 63 77 88 90 113 119 139 149
 13
 3 15 16 30 51 58 63 64 77 113 126 139 149
 17
 3 15 16 33 34 58 62 73 77 88 90 98 100 113 117 127 149
 17
 3 15 16 33 37 58 77 78 88 90 102 111 113 124 130 136 149
 14
 3 15 16 33 41 50 58 76 77 78 83 88 104 149
 15
 3 15 16 33 47 57 58 77 81 90 110 113 130 135 149
 14
 3 15 16 33 57 58 68 77 85 90 92 104 145 149
 14
 3 15 16 33 57 58 68 77 90 92 104 129 145 149
 14
 3 15 16 33 58 69 78 90 113 114 123 124 125 149
 17
 3 15 16 34 58 62 73 77 78 88 90 98 100 113 117 127 149
 15
 3 15 16 35 57 58 68 77 90 97 113 115 131 137 149
 15
 3 15 16 37 58 73 77 88 90 102 111 113 130 136 149
 16
 3 15 16 37 58 77 78 88 90 111 113 126 130 136 144 149
 13
 3 15 16 38 43 53 58 65 77 90 114 142 149
 16
 3 15 16 38 57 58 61 62 68 77 86 113 114 116 123 149
 14
 3 15 16 39 42 49 57 58 68 71 77 88 90 149
 16
 3 15 16 39 57 58 62 68 71 77 88 90 116 119 130 149
 15
 3 15 16 40 57 58 62 68 77 90 93 109 112 130 149
 15
 3 15 16 46 58 62 77 85 88 90 93 113 137 140 149
 18
 3 15 16 47 57 58 61 62 68 77 88 90 113 117 127 130 136 149
 17
 3 15 16 48 57 58 61 66 68 77 88 90 113 119 130 136 149
 18
 3 15 16 49 55 57 58 62 77 88 113 114 117 124 128 130 137 149
 15
 3 15 16 49 58 62 68 77 85 88 90 93 95 124 149
 16
 3 15 16 51 53 58 63 69 75 77 78 88 90 113 114 149
 16
 3 15 16 52 57 58 68 77 86 88 90 115 124 130 131 149
 13
 3 15 16 52 57 58 68 77 90 95 115 131 149
 13
 3 15 16 53 55 58 62 88 90 97 99 114 149
 14
 3 15 16 55 58 62 88 90 99 113 114 115 137 149
 17
 3 15 16 57 58 61 68 77 86 88 90 113 116 119 123 137 149
 15
 3 15 16 57 58 68 70 77 88 90 92 104 144 145 149
 14
 3 15 16 57 58 68 70 77 90 92 104 144 145 149
 17
 3 15 16 57 58 68 77 87 90 97 98 115 124 128 130 137 149
 16
 3 15 16 58 62 66 68 77 88 90 99 103 113 118 137 149
 14
 3 15 16 58 68 70 77 88 90 92 104 144 145 149
 13
 3 15 16 58 73 77 86 87 90 98 121 136 149
 13
 3 15 16 58 73 77 87 90 98 121 132 136 149
 13
 3 15 17 24 54 58 77 90 113 118 137 143 149
 15
 3 16 18 21 57 58 67 68 77 88 90 95 102 119 149
 14
 3 16 19 33 41 58 76 77 78 88 90 104 113 149
 12
 3 16 19 35 58 77 88 90 97 115 124 149
 11
 3 16 20 25 53 58 64 74 77 105 149
 14
 3 16 20 25 53 58 77 88 94 106 117 126 138 149
 16
 3 16 20 27 49 53 58 77 88 90 114 115 117 123 128 149
 13
 3 16 20 27 49 53 58 77 88 97 118 128 149
 14
 3 16 20 29 33 53 58 77 78 84 96 119 124 149
 13
 3 16 20 29 53 58 77 84 96 119 124 144 149
 15
 3 16 20 43 53 58 65 82 90 101 106 113 124 144 149
 15
 3 16 20 55 57 58 77 88 90 102 114 117 124 128 149
 11
 3 16 23 30 45 58 105 124 137 146 149
 15
 3 16 28 38 58 77 84 88 90 96 104 137 144 148 149
 15
 3 16 29 33 38 50 58 77 78 84 88 96 113 137 149
 11
 3 16 30 45 58 105 112 124 137 146 149
 14
 3 16 32 38 44 50 58 77 88 101 124 126 137 149
 15
 3 16 33 34 58 72 73 77 88 90 100 113 124 127 149
 11
 3 16 33 41 58 68 76 77 88 89 90
 11
 3 16 33 41 58 76 77 88 89 90 124
 13
 3 16 35 58 77 83 90 97 113 115 119 137 149
 12
 3 16 35 58 77 83 97 113 115 119 137 149
 12
 3 16 41 49 58 72 77 88 89 113 124 149
 11
 3 16 41 58 68 76 77 78 88 89 90
 11
 3 16 41 58 76 77 78 88 89 90 124
 15
 3 16 46 58 72 73 77 88 90 113 121 124 132 136 149
 16
 3 16 50 52 57 58 62 68 77 90 97 109 121 130 140 149
 10
 3 16 56 58 88 91 105 113 137 149
 15
 3 16 57 58 62 68 77 90 115 122 124 128 130 135 149
 14
 3 16 58 62 77 88 90 94 105 113 117 138 147 149
 13
 3 16 58 77 88 90 94 106 114 117 138 147 149
 10
 3 16 58 79 89 97 106 113 115 149
 13
 3 33 34 58 73 77 79 88 100 113 124 127 149
 10
 3 33 58 69 78 113 118 124 125 149
 9
 3 41 58 68 76 77 89 90 119
 13
 3 46 58 73 77 79 88 90 121 124 132 136 149
 11
 3 51 58 63 77 113 126 139 140 144 149
 9
 3 58 69 88 118 125 137 144 149
 9
 3 58 69 118 124 125 137 144 149
 11
 3 58 94 106 108 113 123 126 129 138 149
 10
 4 14 16 28 58 78 88 90 134 149
 11
 6 8 15 16 26 58 77 88 90 124 149
 13
 8 13 15 16 24 33 50 54 58 80 107 124 149
 14
 8 13 15 16 24 33 54 58 77 80 88 104 107 149
 11
 9 16 31 58 77 88 113 124 137 141 149
 15
 13 15 16 20 24 50 53 54 58 77 78 80 88 107 149
 15
 13 15 16 20 24 53 54 58 78 80 90 104 107 124 149
 16
 13 15 16 20 24 53 54 58 78 80 90 107 113 114 124 149
 14
 13 15 16 24 33 50 54 58 77 80 88 104 107 149
 8
 14 16 28 58 92 124 134 149
 12
 15 16 20 50 58 69 75 78 90 113 142 149
 14
 15 16 20 53 57 58 62 90 110 114 130 133 142 149
 14
 15 16 20 53 58 62 90 110 114 117 130 133 142 149
 13
 15 16 20 53 58 90 110 114 117 130 133 142 149
 14
 15 16 26 33 58 77 88 90 114 116 123 127 137 149
 12
 15 16 26 38 48 58 77 90 116 123 137 149
 14
 15 16 26 58 62 77 78 88 114 116 123 127 137 149
 14
 15 16 40 47 58 62 73 77 81 90 113 130 135 149
 14
 15 16 53 58 62 90 110 113 114 117 130 133 142 149
 14
 16 26 48 57 58 62 77 88 90 116 119 123 137 149
 10
 16 30 45 58 100 105 124 137 146 149
 13
 16 33 40 47 58 77 79 88 100 113 124 127 149
 14
 16 40 47 57 58 62 73 77 81 90 113 130 135 149
 11
 16 58 73 76 77 83 88 100 118 124 149
 10
 16 58 77 88 92 104 124 141 145 149
 9
 16 58 77 88 92 104 141 145 149
 11
 30 33 58 77 78 88 91 113 124 126 137
