 35 150 0 1 2 3 4 5 6 7 8 9 10 11 12 13 14 15 16 17 18 19 20 21 22 23 24 25 26 27 28 29 30 31 32 33 34 35 36 37 38 39 40 41 42 43 44 45 46 47 48 49 50 51 52 53 54 55 56 57 58 59 60 61 62 63 64 65 66 67 68 69 70 71 72 73 74 75 76 77 78 79 80 81 82 83 84 85 86 87 88 89 90 91 92 93 94 95 96 97 98 99 100 101 102 103 104 105 106 107 108 109 110 111 112 113 114 115 116 117 118 119 120 121 122 123 124 125 126 127 128 129 130 131 132 133 134 135 136 137 138 139 140 141 142 143 144 145 146 147 148 149 
 13
 0 5 19 40 50 67 93 112 116 118 119 127 143
 11
 1 2 13 81 86 97 100 124 135 136 143
 10
 1 10 28 50 70 74 79 82 105 141
 7
 1 16 30 50 63 87 144
 8
 1 17 50 52 60 62 79 133
 6
 1 29 50 52 60 79
 7
 1 39 50 85 91 115 116
 20
 2 6 7 11 15 25 27 51 65 66 80 86 98 103 116 119 124 127 132 149
 10
 2 8 18 21 37 64 77 129 136 143
 9
 2 12 49 80 86 107 114 121 123
 10
 2 13 23 37 44 48 71 133 139 141
 17
 2 20 21 32 37 50 54 58 65 80 86 87 101 103 106 128 143
 7
 3 18 37 44 104 141 145
 7
 4 25 47 55 56 76 93
 4
 4 53 75 78
 14
 5 11 12 25 33 66 76 80 83 86 95 119 141 143
 16
 5 37 42 46 66 90 101 108 110 119 122 123 124 127 128 142
 7
 8 10 38 39 43 113 149
 5
 9 52 94 122 131
 10
 10 15 36 49 65 66 90 99 127 148
 10
 14 25 44 57 76 109 111 135 138 147
 11
 14 59 66 69 80 88 102 109 126 134 149
 9
 15 34 35 65 84 92 99 120 127
 7
 18 21 37 45 60 68 71
 3
 21 31 140
 7
 22 25 78 96 114 118 136
 4
 24 60 122 131
 8
 26 35 67 72 112 117 127 144
 5
 37 44 74 89 145
 3
 37 44 146
 5
 41 61 73 122 131
 3
 44 125 145
 4
 52 122 131 137
 3
 60 120 130
 2
 140 144
