 210 150 0 1 2 3 4 5 6 7 8 9 10 11 12 13 14 15 16 17 18 19 20 21 22 23 24 25 26 27 28 29 30 31 32 33 34 35 36 37 38 39 40 41 42 43 44 45 46 47 48 49 50 51 52 53 54 55 56 57 58 59 60 61 62 63 64 65 66 67 68 69 70 71 72 73 74 75 76 77 78 79 80 81 82 83 84 85 86 87 88 89 90 91 92 93 94 95 96 97 98 99 100 101 102 103 104 105 106 107 108 109 110 111 112 113 114 115 116 117 118 119 120 121 122 123 124 125 126 127 128 129 130 131 132 133 134 135 136 137 138 139 140 141 142 143 144 145 146 147 148 149 
 13
 0 1 2 19 37 40 67 93 112 118 127 136 143
 12
 0 1 4 10 47 50 56 71 74 79 133 141
 14
 0 2 5 22 32 37 64 71 76 116 119 133 141 143
 12
 0 2 22 25 37 42 64 76 122 136 141 143
 15
 0 2 22 37 64 65 80 86 98 106 116 119 124 141 143
 14
 0 3 5 71 74 83 86 106 116 119 124 133 141 143
 13
 0 5 19 40 50 67 93 112 116 118 119 127 143
 13
 0 5 22 25 32 37 64 86 98 106 116 141 143
 9
 0 5 37 62 93 116 118 119 143
 20
 0 11 27 40 51 54 56 65 66 67 86 103 108 116 118 119 128 132 141 143
 15
 0 25 32 37 71 74 83 86 98 106 116 119 133 141 143
 11
 1 2 13 81 86 97 100 124 135 136 143
 11
 1 2 19 37 40 62 67 112 127 136 143
 11
 1 2 20 35 67 81 97 100 135 136 143
 10
 1 2 23 43 50 71 122 131 133 141
 13
 1 2 37 51 81 86 87 97 100 124 135 136 143
 11
 1 2 51 81 86 97 100 105 135 136 143
 15
 1 5 10 19 35 38 40 49 65 67 95 99 111 113 138
 17
 1 5 16 19 35 38 40 65 67 80 86 95 113 124 127 134 149
 16
 1 5 19 34 35 40 66 67 84 90 99 112 116 119 127 143
 16
 1 5 19 35 38 40 54 65 67 86 95 110 113 126 127 134
 11
 1 9 11 15 35 60 65 84 92 99 122
 13
 1 10 13 28 46 61 66 86 87 124 135 141 142
 13
 1 10 20 28 35 46 61 66 67 87 135 141 142
 16
 1 10 28 35 46 51 61 66 67 84 87 124 132 135 141 142
 13
 1 10 28 46 51 61 66 86 87 105 135 141 142
 10
 1 10 28 50 70 74 79 82 105 141
 9
 1 10 34 73 127 135 141 142 148
 9
 1 10 34 94 127 135 141 142 148
 10
 1 11 35 41 60 65 84 92 99 122
 12
 1 13 28 32 63 81 86 103 106 124 128 143
 7
 1 16 30 50 63 87 144
 8
 1 17 50 52 60 62 79 133
 15
 1 20 25 32 54 56 58 81 86 87 103 116 119 128 143
 12
 1 20 28 32 35 51 56 63 86 101 103 128
 8
 1 21 31 50 69 85 129 149
 14
 1 27 32 54 58 66 80 81 86 87 103 114 126 135
 6
 1 29 50 52 60 79
 7
 1 30 39 48 91 117 135
 6
 1 30 48 117 135 144
 16
 1 32 38 50 54 56 65 66 86 90 91 98 115 116 127 134
 12
 1 32 51 54 56 58 86 87 93 103 116 126
 10
 1 35 48 51 67 84 104 117 132 135
 10
 1 35 50 67 102 115 116 117 129 149
 8
 1 35 50 67 115 116 117 144
 9
 1 36 39 50 65 66 90 115 116
 9
 1 36 50 66 90 91 115 116 127
 5
 1 39 43 50 91
 7
 1 39 50 85 91 115 116
 6
 1 48 104 117 135 145
 7
 1 50 69 85 129 144 149
 8
 2 4 23 53 71 75 133 141
 16
 2 5 7 11 37 66 83 86 88 98 106 113 119 124 142 143
 16
 2 5 7 25 38 65 66 80 83 86 98 106 116 124 127 143
 17
 2 5 12 65 80 81 86 95 98 106 113 124 128 129 134 135 147
 11
 2 5 17 22 23 108 116 118 119 141 143
 20
 2 6 7 11 15 25 27 51 65 66 80 86 98 103 116 119 124 127 132 149
 14
 2 6 7 32 37 42 72 86 88 98 101 103 106 136
 13
 2 7 38 42 66 83 88 98 106 124 135 136 143
 15
 2 7 64 65 66 77 86 98 106 111 124 136 138 142 143
 10
 2 8 18 21 37 64 77 129 136 143
 16
 2 11 16 25 27 32 50 66 80 81 86 87 98 103 124 142
 13
 2 11 27 51 66 74 86 100 101 105 136 141 143
 9
 2 12 49 80 86 107 114 121 123
 10
 2 13 23 37 44 48 71 133 139 141
 11
 2 13 25 32 37 44 48 71 80 133 139
 11
 2 17 25 71 92 96 108 114 133 136 148
 8
 2 17 76 108 116 121 123 135
 17
 2 20 21 32 37 50 54 58 65 80 86 87 101 103 106 128 143
 10
 2 23 30 48 71 122 131 133 139 141
 15
 2 23 32 37 38 66 76 83 86 97 108 124 136 141 143
 13
 2 25 33 51 66 80 86 107 121 123 132 135 143
 12
 2 25 50 77 80 81 86 97 121 123 135 143
 11
 2 25 80 86 106 116 118 121 123 135 141
 13
 2 27 51 66 74 81 86 100 105 106 136 141 143
 14
 2 33 51 54 65 68 71 86 107 116 119 121 132 143
 10
 3 4 14 22 56 86 109 116 124 126
 9
 3 4 14 53 86 106 109 124 126
 17
 3 8 35 38 54 65 66 67 79 86 90 117 124 127 128 134 149
 7
 3 18 37 44 104 141 145
 15
 4 10 11 38 46 56 59 66 72 82 86 88 135 141 142
 10
 4 14 25 32 53 86 98 106 109 126
 12
 4 21 25 31 33 55 76 79 86 102 133 141
 7
 4 25 47 55 56 76 93
 9
 4 25 55 76 80 102 134 144 149
 10
 4 33 39 78 79 86 91 102 133 141
 5
 4 47 56 78 93
 4
 4 53 75 78
 18
 5 6 7 11 27 35 42 51 65 66 67 80 86 88 98 103 124 132
 14
 5 7 27 38 66 83 86 88 90 98 116 119 124 143
 11
 5 8 18 21 37 64 116 119 129 138 143
 12
 5 10 23 37 42 67 84 95 110 124 134 139
 13
 5 11 12 20 35 54 86 97 100 106 119 128 143
 12
 5 11 12 25 33 66 69 83 86 119 141 143
 14
 5 11 12 25 33 66 76 80 83 86 95 119 141 143
 11
 5 14 16 25 55 57 59 76 88 95 128
 10
 5 14 25 44 55 57 76 95 135 147
 7
 5 14 44 55 57 95 120
 10
 5 15 34 37 62 92 116 119 127 143
 8
 5 17 37 44 52 75 102 119
 9
 5 17 39 52 75 79 119 122 131
 11
 5 19 40 50 62 67 112 116 119 127 143
 11
 5 33 38 66 69 83 86 97 108 119 143
 9
 5 36 52 59 88 95 110 128 134
 14
 5 37 42 46 59 88 101 110 119 123 127 128 131 142
 16
 5 37 42 46 66 90 101 108 110 119 122 123 124 127 128 142
 14
 5 37 42 59 70 87 88 101 110 119 122 123 127 128
 10
 5 39 49 72 77 79 85 95 111 135
 10
 5 49 71 75 77 79 91 95 111 133
 9
 5 49 72 77 85 95 102 111 135
 10
 5 59 61 88 94 110 119 123 127 128
 12
 5 61 66 101 106 108 110 119 121 123 124 127
 19
 6 7 11 21 25 27 37 38 51 65 86 90 95 103 107 114 124 132 143
 12
 6 7 11 27 37 66 86 106 107 121 124 132
 12
 6 11 12 27 54 65 86 107 114 121 132 143
 11
 6 27 33 54 65 71 86 107 119 121 132
 7
 8 10 38 39 43 113 149
 8
 8 21 31 69 71 75 133 149
 8
 8 21 31 69 72 85 135 149
 10
 8 35 36 66 67 79 90 117 127 149
 8
 8 36 66 79 85 90 127 149
 7
 8 39 52 85 115 116 149
 8
 8 39 69 72 85 91 135 149
 5
 8 43 52 91 149
 7
 8 69 71 75 133 144 149
 7
 8 69 72 85 135 144 149
 9
 9 15 16 30 37 44 60 122 131
 5
 9 52 73 122 131
 5
 9 52 94 122 131
 12
 10 12 23 67 84 88 110 113 128 134 139 142
 11
 10 15 16 25 38 58 63 76 82 88 113
 12
 10 15 25 34 49 66 76 90 99 135 147 148
 11
 10 15 25 38 58 63 70 76 113 135 147
 11
 10 15 25 38 58 63 76 82 113 135 147
 9
 10 15 34 49 66 90 99 120 148
 12
 10 15 35 49 65 67 79 99 117 129 148 149
 10
 10 15 35 49 65 67 91 99 117 148
 10
 10 15 36 49 65 66 90 99 127 148
 13
 10 15 38 46 49 54 58 86 113 126 128 136 142
 8
 10 15 38 58 63 70 113 120
 8
 10 15 38 58 63 82 113 120
 8
 10 17 52 60 62 71 74 141
 8
 10 17 52 60 62 74 133 141
 13
 10 27 32 50 58 66 81 86 87 88 99 103 110
 6
 10 29 52 60 74 141
 9
 10 54 56 86 100 116 118 126 141
 12
 10 54 61 66 86 100 101 106 107 108 126 132
 19
 11 25 27 32 40 66 70 72 80 86 88 101 103 106 128 135 136 141 143
 11
 11 27 32 65 66 98 106 108 124 128 140
 13
 12 14 66 90 102 108 109 110 113 124 126 128 134
 9
 12 36 52 59 88 110 113 128 134
 9
 12 49 71 75 77 102 111 113 133
 9
 12 49 72 85 102 111 113 135 138
 11
 13 15 16 35 65 84 88 92 99 122 131
 9
 13 16 25 30 55 76 122 135 147
 7
 13 16 30 78 122 135 147
 5
 13 18 44 78 104
 15
 13 27 32 37 50 51 58 65 80 86 87 101 103 124 136
 12
 14 16 25 44 55 59 76 77 88 109 111 128
 10
 14 16 25 44 57 76 88 109 111 138
 10
 14 25 44 57 76 109 111 135 138 147
 11
 14 32 55 86 98 106 109 111 135 138 147
 8
 14 37 42 57 109 111 120 138
 9
 14 44 55 59 109 111 120 128 138
 7
 14 44 57 77 109 111 120
 11
 14 59 66 69 80 88 102 109 126 134 149
 12
 15 25 34 35 66 76 84 90 92 99 135 147
 11
 15 26 35 65 72 84 91 92 99 112 127
 9
 15 34 35 65 84 92 99 120 127
 11
 15 35 39 65 72 84 92 99 115 116 135
 9
 16 25 55 63 70 76 81 122 131
 7
 18 21 37 45 60 68 71
 5
 18 21 57 104 145
 5
 18 30 39 91 104
 8
 20 21 25 55 57 76 78 104
 12
 20 28 32 35 50 56 63 81 86 103 128 143
 9
 21 25 55 57 76 78 84 104 138
 7
 21 26 31 72 85 112 127
 5
 21 30 31 48 139
 5
 21 31 43 72 135
 3
 21 31 140
 7
 22 25 78 96 114 118 136
 4
 24 60 122 131
 11
 26 35 39 49 72 74 84 92 112 127 141
 10
 26 35 67 72 102 112 117 127 129 149
 8
 26 35 67 72 112 117 127 144
 9
 26 36 39 65 66 72 90 112 127
 9
 26 36 65 66 72 90 91 112 127
 11
 26 38 49 65 72 91 99 112 113 127 148
 14
 27 28 32 35 50 51 63 67 77 81 86 103 138 143
 12
 27 28 32 50 51 63 66 86 101 103 105 106
 16
 27 32 40 51 65 70 72 80 81 86 97 103 106 124 136 143
 14
 27 32 51 58 65 72 80 81 82 86 103 136 143 149
 6
 30 48 102 129 139 149
 4
 30 48 139 144
 10
 33 34 51 68 86 108 119 121 127 143
 9
 33 49 51 68 86 100 108 119 132
 12
 33 51 54 66 86 100 107 126 128 132 135 143
 5
 37 44 74 89 145
 3
 37 44 146
 5
 41 61 73 122 131
 5
 41 61 94 122 131
 6
 43 72 102 129 135 149
 4
 43 72 135 144
 3
 44 125 145
 4
 52 122 131 137
 11
 54 65 66 80 86 96 100 106 114 126 135
 3
 60 120 130
 3
 122 131 146
 2
 140 144
