 80 100 0 1 2 3 4 5 6 7 8 9 10 11 12 13 14 15 16 17 18 19 20 21 22 23 24 25 26 27 28 29 30 31 32 33 34 35 36 37 38 39 40 41 42 43 44 45 46 47 48 49 50 51 52 53 54 55 56 57 58 59 60 61 62 63 64 65 66 67 68 69 70 71 72 73 74 75 76 77 78 79 80 81 82 83 84 85 86 87 88 89 90 91 92 93 94 95 96 97 98 99 
 9
 0 9 10 27 44 47 55 82 93
 8
 0 9 10 27 44 47 82 96
 11
 0 9 16 21 27 37 44 58 66 82 93
 10
 0 10 21 27 37 44 55 74 81 93
 9
 0 16 33 44 47 52 53 71 93
 10
 0 16 41 46 49 58 67 74 93 94
 9
 0 18 28 35 36 43 44 53 93
 8
 0 21 28 41 44 46 67 93
 12
 1 10 17 27 32 42 44 47 55 81 93 96
 9
 2 8 19 31 39 52 59 90 97
 11
 2 8 19 32 39 52 59 64 90 97 98
 7
 2 12 14 22 58 61 91
 6
 3 31 38 45 60 98
 11
 4 16 22 44 61 66 67 82 91 93 96
 9
 4 22 61 62 67 70 91 93 96
 9
 4 22 61 66 67 70 91 93 96
 9
 5 6 46 58 61 62 66 83 91
 12
 5 8 14 17 19 37 42 62 70 83 85 99
 7
 5 8 34 39 80 85 93
 8
 6 19 51 58 61 62 66 91
 8
 6 31 38 67 77 78 91 96
 8
 7 19 31 50 59 69 87 91
 8
 7 19 31 50 63 85 87 91
 16
 8 12 17 19 31 32 37 42 50 59 70 87 90 93 98 99
 7
 8 14 19 62 69 70 85
 11
 8 17 19 31 39 42 46 52 59 90 97
 13
 8 17 19 32 39 42 46 52 59 64 90 97 98
 6
 8 19 39 54 59 90
 9
 9 12 15 44 53 64 65 79 93
 10
 9 12 44 49 55 58 64 65 79 93
 8
 9 15 33 44 47 53 71 93
 9
 10 16 27 44 74 78 81 86 93
 6
 10 16 27 44 84 93
 8
 10 22 29 58 61 76 82 91
 8
 11 16 21 74 78 86 93 94
 7
 11 16 74 78 81 86 93
 4
 11 16 84 93
 7
 11 19 35 49 59 76 87
 10
 12 30 44 55 58 64 74 77 93 94
 4
 13 58 61 91
 9
 14 37 39 48 50 59 78 87 91
 7
 14 47 48 50 52 59 91
 5
 14 58 61 91 92
 13
 16 17 18 20 22 36 42 44 64 66 82 87 93
 9
 16 19 44 48 66 82 85 87 93
 12
 16 21 27 44 50 55 58 78 81 86 93 96
 12
 16 21 27 44 55 58 74 78 86 93 94 96
 8
 16 21 27 44 55 62 84 93
 8
 16 21 27 44 55 66 84 93
 12
 16 21 27 44 58 66 74 78 82 86 93 94
 8
 16 21 27 44 58 82 84 93
 12
 16 21 36 43 44 53 59 64 72 74 87 93
 9
 16 24 35 44 68 75 78 86 93
 11
 17 18 20 22 36 42 62 64 70 87 93
 11
 17 18 20 22 36 42 64 66 70 87 93
 11
 17 20 31 41 42 58 62 64 67 75 91
 9
 19 25 31 58 59 67 82 87 96
 11
 19 25 32 58 59 64 67 82 87 96 98
 5
 19 26 40 59 87
 7
 19 48 62 70 85 87 93
 7
 19 48 66 70 85 87 93
 5
 20 30 31 56 64
 7
 20 31 56 64 74 77 94
 4
 20 31 64 89
 4
 22 57 58 61
 10
 23 33 37 44 50 53 59 78 87 93
 8
 23 33 44 47 52 53 87 93
 8
 24 35 68 70 75 78 86 93
 11
 28 31 32 37 38 70 74 78 83 88 94
 8
 28 31 37 38 70 83 88 95
 9
 31 38 41 62 67 77 78 91 96
 9
 31 38 41 66 67 77 78 91 96
 10
 31 38 62 66 67 75 77 78 91 96
 4
 31 50 73 91
 4
 31 73 87 91
 12
 32 38 62 64 66 67 75 77 78 91 96 98
 5
 35 49 76 80 90
 6
 36 44 47 72 93 97
 8
 37 39 50 63 69 78 87 91
 6
 47 50 52 63 69 91
