 114 200 0 1 2 3 4 5 6 7 8 9 10 11 12 13 14 15 16 17 18 19 20 21 22 23 24 25 26 27 28 29 30 31 32 33 34 35 36 37 38 39 40 41 42 43 44 45 46 47 48 49 50 51 52 53 54 55 56 57 58 59 60 61 62 63 64 65 66 67 68 69 70 71 72 73 74 75 76 77 78 79 80 81 82 83 84 85 86 87 88 89 90 91 92 93 94 95 96 97 98 99 100 101 102 103 104 105 106 107 108 109 110 111 112 113 114 115 116 117 118 119 120 121 122 123 124 125 126 127 128 129 130 131 132 133 134 135 136 137 138 139 140 141 142 143 144 145 146 147 148 149 150 151 152 153 154 155 156 157 158 159 160 161 162 163 164 165 166 167 168 169 170 171 172 173 174 175 176 177 178 179 180 181 182 183 184 185 186 187 188 189 190 191 192 193 194 195 196 197 198 199 
 15
 0 1 4 25 32 60 65 72 78 79 105 162 178 180 183
 16
 0 1 5 18 25 32 80 92 120 143 154 159 172 183 185 195
 13
 0 1 18 32 61 62 80 109 120 128 154 176 183
 19
 0 1 22 25 53 62 90 93 122 138 143 147 156 158 159 166 178 179 183
 22
 0 5 18 25 28 51 53 60 62 82 90 95 109 128 143 147 162 178 179 183 185 195
 15
 0 6 25 41 51 53 60 70 80 90 102 143 146 149 159
 11
 0 10 15 25 59 60 120 143 159 181 182
 13
 0 13 32 65 72 79 112 136 146 159 161 178 179
 18
 0 18 32 38 62 64 65 72 74 78 79 95 143 156 178 183 194 195
 16
 0 18 32 65 72 84 95 106 112 150 177 180 183 184 194 195
 22
 1 3 5 18 22 28 30 43 51 55 74 95 99 117 126 140 143 145 156 180 183 195
 18
 1 5 9 18 33 66 72 82 86 102 108 125 143 156 160 183 184 195
 17
 1 5 18 25 53 62 90 95 110 125 140 147 159 183 185 194 195
 14
 1 5 18 33 65 72 84 86 95 108 127 128 143 184
 13
 1 5 45 59 64 65 71 92 120 152 181 184 191
 14
 1 7 22 25 41 46 53 56 58 65 88 90 138 183
 12
 1 11 37 52 62 84 95 103 110 156 159 183
 14
 1 11 45 65 71 90 122 124 152 166 173 184 185 191
 7
 1 12 65 86 96 113 118
 12
 1 18 33 49 65 72 86 96 108 111 184 195
 13
 1 28 45 65 71 87 91 104 115 140 152 184 191
 20
 2 3 13 18 22 28 74 79 95 122 126 138 145 156 166 170 180 183 193 195
 19
 2 18 22 26 33 84 120 125 126 143 145 149 170 180 183 185 188 193 195
 17
 3 5 13 18 20 22 28 62 79 95 126 138 145 156 180 183 195
 18
 3 18 22 25 30 55 74 95 99 110 125 126 128 140 148 180 183 195
 14
 3 18 22 26 55 56 74 78 126 138 148 180 183 189
 18
 3 22 25 28 30 51 66 72 82 126 128 138 143 145 180 183 185 189
 10
 3 30 43 76 82 102 126 130 150 180
 8
 4 78 83 94 96 105 180 197
 9
 4 85 150 157 160 173 180 183 194
 10
 5 8 42 95 116 131 143 151 192 195
 14
 5 12 18 45 57 58 87 91 95 115 140 143 170 195
 23
 5 13 18 28 38 51 62 64 71 74 79 82 95 128 143 145 151 156 176 178 179 183 195
 17
 5 13 18 28 51 62 82 95 112 123 128 145 146 149 179 183 195
 6
 5 17 38 92 99 133
 12
 5 18 20 95 113 118 120 151 160 165 179 195
 12
 5 18 95 114 121 132 143 150 165 171 176 177
 17
 5 22 26 46 56 64 95 102 105 109 122 130 143 150 170 183 195
 6
 5 37 38 92 153 157
 6
 5 38 40 92 99 133
 8
 5 38 42 64 92 135 151 157
 7
 5 64 89 92 108 135 136
 11
 6 7 51 66 82 86 91 102 112 151 198
 14
 6 14 22 30 43 82 86 98 102 138 149 183 189 191
 11
 6 41 42 51 101 102 127 146 149 167 183
 11
 7 8 22 46 68 76 138 172 183 188 193
 11
 7 9 18 23 42 75 95 109 151 175 179
 13
 7 13 16 35 42 66 79 91 138 151 160 184 198
 11
 7 16 31 75 101 133 139 150 177 183 185
 11
 7 19 31 75 90 101 125 132 139 183 185
 18
 7 22 25 29 30 35 64 66 85 93 115 147 150 158 162 170 178 198
 12
 7 22 35 66 86 138 150 174 183 187 189 198
 13
 7 22 45 49 80 91 96 111 112 138 183 189 198
 11
 7 35 51 66 86 91 112 127 138 151 198
 6
 7 42 134 138 144 187
 14
 8 10 18 30 73 84 95 108 116 156 182 183 188 195
 10
 8 22 76 85 102 130 150 165 183 188
 7
 9 14 49 57 63 81 89
 15
 11 13 22 78 98 105 112 122 138 146 147 158 166 179 183
 11
 11 13 30 76 103 111 112 116 146 172 179
 15
 11 22 28 60 90 110 122 124 143 154 166 173 183 185 193
 7
 11 38 44 103 115 136 170
 7
 11 38 103 136 137 144 155
 7
 12 14 69 77 78 105 161
 13
 12 22 41 42 96 116 127 138 146 150 151 183 196
 6
 12 49 57 63 81 98
 11
 13 20 22 46 80 129 138 150 160 183 189
 10
 13 20 22 46 86 119 138 160 183 189
 12
 13 22 30 36 43 143 147 158 164 183 186 197
 10
 13 22 46 78 105 111 119 161 165 183
 7
 13 39 42 44 138 151 187
 7
 14 17 49 88 104 162 196
 7
 14 34 49 94 117 119 124
 7
 14 34 49 94 117 124 129
 8
 14 49 50 97 104 167 177 196
 4
 14 94 169 197
 5
 15 34 70 97 107
 10
 15 70 85 106 141 150 172 180 183 194
 8
 16 19 21 38 54 122 136 147
 6
 16 19 38 52 133 136
 5
 16 19 76 133 174
 12
 16 28 51 82 87 89 95 109 128 160 168 195
 6
 17 34 39 47 69 94
 15
 18 22 25 28 29 30 39 87 93 147 158 168 178 195 196
 17
 18 22 29 31 54 55 66 74 80 84 93 95 148 154 156 183 195
 17
 18 22 35 53 55 74 95 96 120 138 139 143 148 156 183 189 195
 19
 18 26 28 51 71 84 87 95 125 127 143 151 156 166 168 183 185 191 195
 13
 18 28 68 95 108 117 121 143 168 171 183 190 195
 16
 18 33 74 95 110 120 125 126 128 140 145 149 156 183 185 195
 8
 18 34 39 40 47 69 94 95
 7
 18 34 67 70 94 142 195
 8
 18 47 70 120 141 172 176 199
 6
 18 61 120 141 176 199
 6
 18 83 96 120 176 199
 15
 19 22 26 31 35 84 125 133 138 149 170 183 188 189 193
 8
 21 38 39 54 122 136 147 155
 7
 21 38 115 122 134 136 170
 18
 22 25 29 30 31 35 84 93 115 138 147 149 158 170 178 183 188 189
 13
 22 26 28 78 93 94 105 119 138 139 143 156 183
 8
 22 46 64 138 162 163 183 192
 11
 22 50 58 129 143 147 158 167 179 183 196
 10
 22 64 86 102 123 130 152 183 188 192
 7
 24 38 52 73 90 110 125
 6
 24 70 85 107 153 157
 7
 24 83 86 96 110 136 152
 8
 27 42 95 131 137 144 151 195
 7
 27 47 69 76 102 137 174
 8
 28 32 33 70 74 85 115 199
 3
 44 131 196
 3
 45 100 152
 3
 48 144 196
 4
 61 83 96 141
 8
 94 110 125 128 129 139 140 183
 3
 131 134 196
