 94 200 0 1 2 3 4 5 6 7 8 9 10 11 12 13 14 15 16 17 18 19 20 21 22 23 24 25 26 27 28 29 30 31 32 33 34 35 36 37 38 39 40 41 42 43 44 45 46 47 48 49 50 51 52 53 54 55 56 57 58 59 60 61 62 63 64 65 66 67 68 69 70 71 72 73 74 75 76 77 78 79 80 81 82 83 84 85 86 87 88 89 90 91 92 93 94 95 96 97 98 99 100 101 102 103 104 105 106 107 108 109 110 111 112 113 114 115 116 117 118 119 120 121 122 123 124 125 126 127 128 129 130 131 132 133 134 135 136 137 138 139 140 141 142 143 144 145 146 147 148 149 150 151 152 153 154 155 156 157 158 159 160 161 162 163 164 165 166 167 168 169 170 171 172 173 174 175 176 177 178 179 180 181 182 183 184 185 186 187 188 189 190 191 192 193 194 195 196 197 198 199 
 14
 0 1 5 18 32 61 62 80 120 128 143 154 176 183
 17
 0 7 22 25 41 46 53 56 58 60 65 90 138 143 150 159 183
 11
 0 10 15 25 59 60 120 143 159 181 182
 14
 0 13 32 38 65 72 78 79 105 112 146 159 178 179
 16
 0 18 25 28 51 82 95 98 128 143 147 156 158 183 185 194
 22
 1 5 6 7 22 26 55 66 71 74 79 82 95 102 125 138 143 166 183 189 191 195
 12
 1 5 7 65 84 86 91 112 127 128 143 198
 16
 1 5 9 18 33 66 72 82 86 95 102 108 128 143 183 184
 13
 1 5 32 62 74 80 84 92 120 154 159 172 183
 15
 1 11 26 45 65 71 90 122 124 125 152 173 184 185 191
 7
 1 12 65 86 96 113 118
 14
 1 13 31 41 42 51 66 127 138 141 146 149 182 183
 17
 2 13 22 93 95 98 109 112 138 143 146 147 158 166 179 183 195
 12
 2 18 22 25 54 68 108 117 158 168 190 195
 15
 2 22 25 29 93 95 103 115 122 132 147 158 168 178 195
 17
 3 5 18 28 51 74 82 95 126 128 143 145 148 156 180 183 195
 20
 3 18 22 30 55 66 74 93 95 126 128 138 143 145 156 166 180 183 185 195
 19
 4 13 18 25 51 82 90 112 125 128 138 143 146 156 173 179 183 185 195
 11
 4 15 32 33 70 74 106 132 176 183 185
 10
 4 18 70 142 157 160 173 180 194 195
 19
 5 7 18 22 25 28 29 35 66 76 85 93 109 143 147 150 158 178 198
 10
 5 7 18 28 39 42 44 123 138 151
 12
 5 12 57 58 87 91 109 115 140 143 152 170
 11
 5 13 18 36 95 121 164 171 186 195 197
 6
 5 17 92 99 133 136
 24
 5 18 22 25 26 28 53 60 64 90 93 95 125 138 143 147 150 156 159 162 183 185 194 195
 20
 5 22 25 28 29 31 35 84 93 95 109 138 143 147 149 158 178 183 188 189
 14
 5 22 41 53 54 55 66 74 93 96 120 148 156 183
 11
 5 22 49 120 123 130 150 162 165 183 192
 16
 5 29 35 54 55 66 74 84 93 96 120 143 148 183 188 189
 6
 5 37 92 136 153 157
 6
 5 38 40 92 99 133
 6
 5 38 89 92 108 135
 6
 5 47 48 49 69 120
 12
 6 8 22 50 58 101 104 109 122 142 167 188
 10
 6 41 42 51 101 102 127 146 149 182
 12
 7 9 23 28 30 75 102 122 143 175 179 195
 13
 7 13 16 35 42 66 79 91 138 151 160 184 198
 11
 7 13 20 22 46 80 119 160 162 183 189
 9
 7 16 31 70 75 85 101 133 139
 12
 7 16 35 51 64 66 82 89 128 150 160 198
 18
 7 18 22 25 29 41 64 75 85 93 115 122 147 150 158 162 178 195
 11
 7 18 23 42 109 123 138 151 175 179 195
 11
 7 19 31 75 101 132 139 150 176 183 185
 13
 7 22 45 49 80 91 96 111 112 138 183 189 198
 12
 7 25 29 93 123 138 144 147 151 158 178 196
 6
 7 42 44 138 144 187
 12
 8 10 18 30 73 95 116 142 150 182 183 188
 10
 8 22 95 102 104 116 131 188 192 195
 7
 9 57 63 81 89 104 196
 7
 11 16 19 38 103 133 136
 12
 11 28 73 84 103 115 125 132 156 160 181 183
 7
 11 38 44 103 115 136 170
 8
 11 38 47 69 103 136 137 155
 7
 11 38 103 115 134 136 170
 7
 12 14 69 77 106 111 156
 6
 12 49 57 63 81 98
 8
 12 61 78 94 105 141 161 197
 8
 12 78 83 94 96 105 161 197
 11
 13 20 22 46 80 129 138 160 162 183 189
 6
 13 42 134 138 144 187
 7
 14 17 49 88 104 162 196
 7
 14 34 49 94 117 119 124
 7
 14 34 49 94 117 124 129
 7
 14 40 49 88 104 162 196
 8
 14 49 50 97 104 167 177 196
 4
 14 94 169 197
 5
 15 34 70 97 107
 12
 15 70 95 106 141 142 150 172 180 183 194 195
 11
 16 36 42 79 91 99 117 151 160 167 184
 5
 17 34 39 94 107
 20
 18 22 26 28 33 78 84 93 105 120 126 138 143 145 149 156 180 183 185 195
 23
 18 25 35 54 55 66 72 84 86 93 95 120 125 138 148 156 158 179 183 184 185 193 195
 15
 18 33 65 72 84 86 95 108 109 125 127 156 160 183 184
 8
 18 34 39 40 70 94 95 142
 6
 18 61 120 141 176 199
 6
 18 83 96 120 176 199
 7
 18 120 141 144 172 195 199
 11
 20 28 30 95 102 113 118 122 160 165 195
 7
 21 38 122 136 137 144 155
 13
 22 26 56 58 78 86 102 109 120 130 138 179 183
 12
 22 28 86 88 114 121 143 150 162 171 183 195
 12
 22 30 43 50 54 129 143 158 167 183 193 196
 6
 22 64 163 165 183 192
 7
 22 85 131 137 150 155 188
 7
 24 38 83 86 96 110 152
 7
 24 52 73 90 110 125 136
 7
 27 47 69 76 102 137 174
 4
 34 39 67 94
 3
 44 131 196
 3
 45 100 152
 13
 51 82 94 125 128 129 138 139 156 160 183 185 195
 9
 54 99 107 114 147 165 177 183 185
 3
 131 134 196
