 96 200 0 1 2 3 4 5 6 7 8 9 10 11 12 13 14 15 16 17 18 19 20 21 22 23 24 25 26 27 28 29 30 31 32 33 34 35 36 37 38 39 40 41 42 43 44 45 46 47 48 49 50 51 52 53 54 55 56 57 58 59 60 61 62 63 64 65 66 67 68 69 70 71 72 73 74 75 76 77 78 79 80 81 82 83 84 85 86 87 88 89 90 91 92 93 94 95 96 97 98 99 100 101 102 103 104 105 106 107 108 109 110 111 112 113 114 115 116 117 118 119 120 121 122 123 124 125 126 127 128 129 130 131 132 133 134 135 136 137 138 139 140 141 142 143 144 145 146 147 148 149 150 151 152 153 154 155 156 157 158 159 160 161 162 163 164 165 166 167 168 169 170 171 172 173 174 175 176 177 178 179 180 181 182 183 184 185 186 187 188 189 190 191 192 193 194 195 196 197 198 199 
 14
 0 1 5 18 32 61 62 80 120 128 143 154 176 183
 18
 0 5 7 22 41 53 56 58 62 65 86 90 128 138 143 162 183 189
 19
 0 5 22 30 32 43 60 65 72 79 95 143 156 159 175 178 180 183 195
 12
 0 5 25 32 60 80 92 120 143 154 159 172
 11
 0 10 15 25 59 60 120 143 159 181 182
 13
 0 13 32 65 72 79 112 136 146 159 161 178 179
 19
 0 18 22 25 53 60 90 95 115 147 156 158 159 166 178 179 180 183 193
 17
 1 3 22 26 66 72 78 93 105 126 138 143 145 156 180 183 189
 13
 1 6 22 41 42 51 66 71 101 102 127 151 183
 12
 1 10 45 52 65 68 70 71 152 184 191 193
 14
 1 11 45 65 71 90 122 124 152 166 173 184 185 191
 7
 1 12 65 86 96 113 118
 14
 1 13 31 41 42 51 66 127 138 141 146 149 182 183
 15
 2 5 13 25 29 39 93 122 147 158 164 167 170 178 183
 23
 2 5 18 22 25 28 29 79 90 93 95 109 138 143 146 147 158 178 183 184 185 188 195
 17
 2 18 22 33 74 93 120 122 126 132 138 143 145 149 156 166 183
 14
 3 18 22 26 55 56 74 78 126 138 148 180 183 189
 16
 3 18 22 30 31 55 66 74 93 126 138 148 166 180 183 185
 13
 4 15 18 32 33 70 74 84 90 106 156 180 183
 8
 4 61 78 94 105 141 180 197
 8
 4 70 85 157 160 173 180 194
 14
 5 6 8 22 28 30 50 95 101 102 104 109 142 167
 10
 5 7 9 23 49 75 104 120 175 179
 16
 5 7 13 35 51 62 66 82 112 128 138 145 146 149 179 198
 13
 5 7 22 41 53 55 74 96 120 139 148 183 189
 11
 5 7 58 109 115 123 134 138 143 144 170
 11
 5 12 28 57 87 91 122 140 152 179 188
 6
 5 17 38 92 99 133
 19
 5 18 25 28 29 42 93 95 103 132 143 147 151 158 168 178 183 185 195
 18
 5 18 25 33 51 70 82 95 120 126 128 143 145 149 156 177 183 185
 17
 5 18 25 51 53 60 62 82 90 95 99 117 128 147 162 194 195
 13
 5 22 49 64 80 120 123 130 138 162 183 189 192
 6
 5 37 38 92 153 157
 6
 5 38 40 92 99 133
 8
 5 38 42 64 92 135 151 157
 6
 5 61 120 141 176 199
 6
 5 89 92 108 135 136
 14
 6 14 22 51 66 82 86 98 102 138 151 183 189 191
 13
 6 18 33 51 66 72 82 86 95 102 108 151 184
 13
 7 8 22 76 80 85 102 130 138 150 183 188 189
 11
 7 13 20 22 46 64 80 129 160 183 189
 14
 7 13 21 35 47 66 68 87 138 150 151 179 193 198
 9
 7 16 31 70 75 85 101 133 139
 12
 7 18 23 28 42 95 123 138 151 175 179 195
 10
 7 19 31 47 69 75 95 101 139 195
 18
 7 22 25 29 35 64 66 85 93 122 143 147 150 158 162 170 178 198
 11
 7 22 35 66 86 138 174 183 187 189 198
 13
 7 22 45 49 80 91 96 111 112 138 183 189 198
 17
 7 26 41 51 64 71 75 84 125 127 150 151 156 166 183 185 191
 6
 7 42 44 138 144 187
 6
 7 42 134 138 144 187
 13
 8 10 18 30 70 73 95 116 156 176 180 182 188
 9
 8 22 58 109 116 122 131 188 192
 6
 9 14 89 98 111 161
 7
 9 57 63 81 89 104 196
 12
 11 13 30 76 103 106 112 116 146 156 172 179
 7
 11 38 44 103 115 136 170
 8
 11 38 70 85 103 136 137 155
 7
 11 38 103 115 134 136 170
 6
 12 14 69 77 111 161
 6
 12 49 57 63 81 98
 8
 12 61 94 106 141 156 161 197
 8
 12 78 83 94 96 105 161 197
 12
 13 16 42 79 91 99 117 151 160 164 167 184
 8
 13 20 22 46 119 160 165 183
 13
 13 22 30 36 43 54 143 158 164 183 186 193 197
 7
 14 17 49 88 104 162 196
 7
 14 34 49 94 117 124 129
 7
 14 40 49 88 104 162 196
 4
 14 48 49 142
 8
 14 49 50 97 104 167 177 196
 7
 14 49 67 104 132 176 196
 5
 15 34 70 97 107
 8
 16 19 21 38 54 122 136 147
 6
 16 19 54 76 147 174
 5
 17 34 39 85 94
 20
 18 22 26 28 33 74 78 105 120 126 143 145 149 156 170 180 183 185 193 195
 13
 18 22 28 80 88 114 121 138 143 150 162 171 183
 13
 18 26 42 45 56 78 80 102 109 130 151 183 195
 13
 18 28 68 95 108 117 121 143 168 171 183 190 195
 7
 18 32 33 74 107 120 199
 8
 18 47 70 120 141 172 176 199
 6
 18 83 96 120 176 199
 6
 18 83 96 141 172 176
 10
 20 22 58 109 113 118 122 160 165 188
 7
 21 38 107 122 136 137 155
 18
 22 25 29 30 31 35 84 93 115 138 147 149 158 170 178 183 188 189
 9
 22 46 64 138 150 162 163 183 192
 7
 24 52 73 90 110 125 136
 15
 25 54 90 95 99 109 114 125 132 143 158 165 177 183 195
 7
 27 70 76 85 102 137 174
 5
 27 131 137 144 196
 10
 28 50 119 121 143 167 171 183 195 196
 3
 44 131 196
 3
 45 100 152
 4
 94 169 196 197
