 210 200 0 1 2 3 4 5 6 7 8 9 10 11 12 13 14 15 16 17 18 19 20 21 22 23 24 25 26 27 28 29 30 31 32 33 34 35 36 37 38 39 40 41 42 43 44 45 46 47 48 49 50 51 52 53 54 55 56 57 58 59 60 61 62 63 64 65 66 67 68 69 70 71 72 73 74 75 76 77 78 79 80 81 82 83 84 85 86 87 88 89 90 91 92 93 94 95 96 97 98 99 100 101 102 103 104 105 106 107 108 109 110 111 112 113 114 115 116 117 118 119 120 121 122 123 124 125 126 127 128 129 130 131 132 133 134 135 136 137 138 139 140 141 142 143 144 145 146 147 148 149 150 151 152 153 154 155 156 157 158 159 160 161 162 163 164 165 166 167 168 169 170 171 172 173 174 175 176 177 178 179 180 181 182 183 184 185 186 187 188 189 190 191 192 193 194 195 196 197 198 199 
 32
 0 3 6 12 16 35 48 63 65 88 91 94 99 101 113 117 118 122 129 131 138 159 160 162 169 175 180 183 187 190 195 198
 21
 0 3 6 50 63 65 76 94 113 117 120 122 129 131 138 159 160 161 169 180 183
 21
 0 3 6 50 63 65 76 94 113 117 120 122 129 131 138 159 160 161 180 183 190
 20
 0 3 6 50 63 65 76 94 117 120 122 129 131 138 159 160 161 169 180 183
 19
 0 3 6 50 63 65 76 94 117 122 129 131 138 159 160 161 169 180 183
 20
 0 3 6 50 63 65 88 94 113 117 122 129 131 138 159 160 161 180 183 190
 20
 0 3 6 50 63 65 94 113 117 120 122 129 131 138 159 160 161 180 183 190
 45
 1 2 3 6 12 22 26 29 35 41 42 59 61 65 76 82 88 90 91 94 97 101 104 110 113 117 120 122 138 146 159 162 164 169 172 175 176 182 183 186 187 190 191 195 198
 33
 1 3 6 7 12 21 26 35 42 58 60 61 63 65 69 76 82 88 91 94 101 110 113 117 122 138 159 164 169 183 190 191 198
 32
 1 3 6 7 12 21 26 35 42 58 60 63 65 88 90 91 94 101 110 113 117 120 122 138 140 159 164 169 183 190 191 198
 39
 1 3 6 7 12 21 26 35 50 58 61 65 76 82 88 90 91 94 99 101 109 110 113 120 122 138 149 150 159 162 164 169 172 175 183 187 190 192 195
 34
 1 3 6 12 22 26 35 42 50 63 65 82 91 93 94 97 101 104 110 113 117 120 122 138 159 162 164 169 172 176 182 183 190 195
 30
 1 3 6 12 25 41 42 48 59 63 65 81 82 88 94 101 102 110 114 117 122 138 140 159 164 169 172 183 187 190
 31
 1 3 6 12 35 41 59 63 65 81 82 84 88 94 101 102 110 113 114 117 122 138 157 159 164 169 170 172 180 183 190
 34
 1 3 6 12 35 42 49 50 63 65 69 72 81 88 94 101 102 103 110 113 114 117 118 122 138 159 162 164 169 172 176 183 190 198
 28
 1 3 6 35 42 50 60 61 63 65 70 82 88 94 110 113 120 122 138 150 159 164 172 176 180 183 187 190
 42
 2 3 6 7 12 21 26 35 37 42 44 50 59 61 63 65 74 75 76 82 88 90 91 94 97 101 103 110 113 120 122 148 159 164 169 172 175 187 190 191 195 198
 55
 2 3 6 8 11 12 13 15 21 25 26 35 40 41 42 49 50 51 54 59 61 63 65 66 77 82 84 88 90 94 97 101 105 110 111 113 116 118 120 122 136 151 158 159 163 164 167 169 172 176 180 186 190 191 195
 49
 2 3 6 8 11 12 22 25 26 35 38 41 42 49 50 63 65 66 69 81 82 88 94 97 101 103 109 110 113 116 122 137 138 141 151 155 159 164 167 169 170 172 175 176 186 190 191 195 198
 55
 2 3 6 8 12 18 21 25 26 35 38 41 42 49 59 61 63 65 69 76 77 82 84 88 94 97 101 103 110 113 118 120 121 122 133 136 137 138 145 146 151 159 162 164 169 172 175 176 178 183 187 190 191 195 198
 49
 2 3 6 11 12 15 25 26 35 37 40 41 42 49 54 58 61 63 65 66 67 76 77 81 82 84 88 91 94 101 110 113 116 120 122 140 151 153 159 162 164 169 172 181 183 190 191 195 198
 43
 2 3 6 11 12 21 25 26 35 42 50 54 57 61 63 65 67 74 76 77 78 82 88 94 97 101 109 110 113 120 122 145 146 159 164 169 172 187 190 191 194 195 198
 48
 2 3 6 12 16 25 26 27 35 36 37 38 40 42 50 63 65 76 77 82 88 91 94 97 101 103 110 113 116 118 122 130 137 139 151 159 162 163 164 167 169 172 176 180 183 190 191 198
 47
 3 4 6 8 11 12 14 21 25 26 27 33 35 41 42 43 47 50 61 63 65 69 74 76 77 82 88 90 94 97 101 109 110 113 122 138 145 146 151 159 164 169 172 176 183 190 191
 45
 3 4 6 11 12 13 15 18 21 25 26 27 35 41 42 54 55 61 63 65 74 82 88 94 101 110 113 117 120 122 130 151 159 162 164 169 172 183 186 189 190 191 194 195 198
 51
 3 4 6 11 12 14 16 20 21 25 26 33 35 41 42 47 49 50 61 63 65 66 69 74 82 88 90 94 97 101 103 109 110 113 122 138 139 145 146 151 159 162 164 169 172 176 183 187 190 191 195
 53
 3 4 6 11 12 14 21 22 25 26 33 35 41 42 47 49 50 61 63 65 74 77 82 90 94 95 97 101 109 110 113 116 122 133 138 140 141 145 146 151 158 159 162 164 169 172 176 183 186 187 190 191 198
 50
 3 4 6 11 12 21 25 26 30 33 35 41 42 50 54 61 63 65 74 76 77 81 82 84 88 90 91 94 95 99 101 109 110 113 120 121 122 138 146 159 164 165 169 170 172 176 183 187 190 191
 45
 3 4 6 11 12 22 24 26 35 36 41 42 55 61 63 65 69 72 74 76 77 82 88 91 94 97 101 110 117 122 136 138 145 158 159 164 169 172 180 183 186 189 190 191 195
 34
 3 4 6 12 14 21 26 33 42 50 56 61 63 65 66 76 88 90 94 101 109 110 122 130 146 148 159 164 165 169 172 180 183 190
 33
 3 4 6 21 25 26 30 35 37 42 61 63 65 67 77 81 82 90 94 110 122 138 140 147 151 159 164 165 172 180 183 190 191
 54
 3 5 6 8 9 11 12 15 17 25 26 27 35 41 42 50 61 63 65 69 76 77 82 88 89 91 94 97 99 101 103 110 113 120 122 138 140 145 151 159 162 164 169 172 175 176 180 183 187 188 190 191 192 198
 51
 3 5 6 9 12 21 26 34 35 41 42 49 61 63 65 69 71 74 76 81 82 88 89 91 94 101 109 110 113 115 122 138 145 146 149 151 159 164 169 172 175 176 177 183 186 187 188 190 191 195 198
 55
 3 5 6 11 12 13 14 15 20 22 25 26 35 36 41 42 50 61 63 65 74 76 81 82 86 88 91 94 97 101 103 106 109 110 112 113 120 122 126 140 151 157 159 162 164 169 170 172 176 180 183 186 187 190 191
 52
 3 5 6 11 12 21 22 23 25 26 28 35 41 42 49 50 61 63 65 74 76 81 82 88 90 91 94 97 101 109 110 113 120 122 125 138 145 146 151 159 162 164 169 172 176 180 183 184 187 190 195 198
 54
 3 5 6 12 13 15 16 20 22 25 26 37 39 41 42 49 53 61 63 65 74 76 82 84 86 88 91 94 97 101 106 109 110 113 115 118 120 122 133 145 151 157 159 162 164 169 172 176 177 180 183 190 191 195
 49
 3 5 6 12 17 20 26 35 36 39 42 49 56 61 63 65 74 76 82 86 88 90 91 94 97 101 110 112 113 115 120 122 133 138 141 145 146 148 159 164 169 172 175 176 180 186 187 190 191
 40
 3 5 6 12 17 24 26 34 37 42 59 61 63 65 71 82 84 88 94 97 101 110 113 118 122 124 138 141 142 152 159 164 169 176 178 183 187 190 195 198
 54
 3 5 6 12 25 26 35 36 40 41 42 49 54 59 61 63 65 66 68 72 77 82 85 88 94 97 101 110 113 118 120 122 123 130 138 145 152 159 162 164 167 169 170 172 175 176 179 180 183 187 190 194 195 198
 44
 3 6 7 8 12 16 25 26 35 41 42 44 50 59 63 65 74 75 76 82 88 90 94 101 110 113 117 120 122 133 150 151 157 159 162 164 169 172 183 187 190 191 195 198
 50
 3 6 7 11 12 16 25 26 32 35 42 48 49 50 59 63 65 66 75 76 77 82 84 88 90 91 94 97 101 103 110 113 117 120 122 138 151 159 164 167 169 172 180 183 185 187 190 191 195 198
 35
 3 6 7 11 23 26 36 41 42 53 58 61 63 65 66 79 82 90 94 101 103 110 122 144 158 159 164 169 170 172 183 186 190 191 199
 31
 3 6 7 21 26 42 43 49 61 63 65 75 82 94 97 101 110 117 122 138 145 158 159 160 164 169 172 176 180 183 199
 46
 3 6 8 9 12 22 25 26 27 30 35 37 41 42 61 63 65 71 81 82 89 90 91 94 95 97 101 103 109 110 112 113 122 135 138 151 159 162 164 165 169 172 183 186 190 191
 51
 3 6 8 11 16 21 25 26 30 35 42 50 59 61 63 64 65 71 74 76 82 84 88 91 94 97 101 110 113 117 120 122 126 133 138 142 151 152 159 162 164 169 172 175 183 187 190 191 192 194 198
 56
 3 6 8 11 21 25 26 27 39 41 42 49 50 51 54 59 61 63 65 66 76 77 82 84 86 88 91 94 97 101 103 109 110 112 113 120 122 133 138 145 146 150 151 156 159 164 167 169 170 172 175 176 178 183 190 191
 46
 3 6 8 12 14 17 21 25 26 35 36 42 51 55 61 63 65 69 73 74 82 88 91 94 101 106 110 112 113 120 122 133 136 138 144 159 162 164 169 172 187 189 190 191 195 198
 56
 3 6 8 12 16 22 25 26 35 41 42 49 50 59 61 63 65 66 69 71 74 76 82 89 91 92 94 97 101 110 112 113 117 120 121 122 132 133 138 139 141 145 146 151 153 159 162 164 169 172 176 183 190 191 194 198
 46
 3 6 8 12 22 24 26 34 35 42 49 63 65 71 76 82 88 91 94 97 100 101 110 113 118 119 120 122 124 133 145 148 149 159 162 164 169 172 176 180 183 186 187 190 195 198
 32
 3 6 8 16 35 42 50 62 63 65 82 92 94 101 110 113 117 120 122 124 133 138 145 151 159 164 172 176 187 192 195 198
 39
 3 6 8 18 25 26 35 42 53 63 65 76 82 91 94 97 101 110 113 119 120 122 124 138 141 145 147 159 162 164 169 172 176 178 183 187 190 192 198
 37
 3 6 8 25 26 35 42 43 63 65 71 74 78 82 88 91 94 100 101 110 113 118 119 122 133 146 148 151 159 164 167 169 172 186 190 192 198
 47
 3 6 9 11 12 16 21 25 26 35 40 41 42 49 50 61 63 65 66 74 76 77 82 84 88 91 94 101 103 110 113 122 123 145 150 151 159 164 168 169 172 176 183 185 187 190 198
 58
 3 6 9 11 12 22 25 26 27 29 30 35 41 42 49 50 61 63 65 69 74 76 77 82 84 88 94 97 101 105 109 110 113 120 122 138 139 145 146 148 151 158 159 162 164 169 172 176 180 183 186 187 188 189 190 191 195 198
 45
 3 6 9 12 15 21 24 26 34 42 50 61 63 65 74 82 89 90 94 97 101 103 109 110 113 115 122 135 136 138 146 149 151 159 162 164 165 169 172 183 186 187 190 194 198
 43
 3 6 9 12 16 21 26 32 35 42 50 63 65 69 74 76 81 82 88 90 94 99 101 110 113 122 123 138 140 145 146 148 151 159 162 164 168 169 172 176 183 187 190
 47
 3 6 9 12 21 25 26 30 36 41 42 47 61 63 65 69 74 76 82 89 90 91 94 97 101 103 106 110 113 122 138 140 141 146 149 151 154 159 164 169 172 177 187 190 191 195 198
 36
 3 6 10 11 12 25 35 41 42 45 50 61 65 66 69 76 82 94 98 101 110 113 120 122 138 157 159 162 164 169 183 185 187 190 193 198
 37
 3 6 10 11 13 25 35 41 45 50 59 61 65 66 82 84 88 91 94 98 101 110 113 118 120 122 138 159 164 169 172 183 187 190 191 193 198
 32
 3 6 10 12 13 16 36 42 45 61 65 72 82 84 88 94 98 101 110 113 118 122 138 151 159 164 169 175 183 187 190 193
 37
 3 6 10 12 16 35 36 41 42 45 61 63 65 66 76 82 88 91 94 98 101 110 113 120 122 138 157 159 164 169 172 183 187 190 193 195 198
 32
 3 6 10 12 16 35 36 42 45 59 61 63 65 72 74 94 98 101 110 113 120 122 138 151 157 159 164 169 183 190 193 198
 29
 3 6 10 12 21 26 35 44 45 61 63 65 71 90 91 94 101 110 114 122 136 151 164 169 189 190 191 195 198
 28
 3 6 10 12 25 36 41 44 63 65 74 82 91 94 101 110 113 114 136 140 143 151 159 162 164 169 190 198
 35
 3 6 10 12 45 48 61 65 66 69 76 81 82 84 88 94 98 101 110 113 120 122 138 140 151 159 162 164 169 183 187 190 193 195 198
 45
 3 6 11 12 13 14 22 25 26 39 41 42 50 61 63 65 69 74 82 86 88 91 94 97 101 103 109 110 113 122 126 138 145 146 154 159 164 169 170 172 176 180 183 188 190
 45
 3 6 11 12 13 15 20 22 26 35 41 50 52 63 65 68 69 72 82 91 94 101 102 106 110 112 113 116 120 122 138 139 148 151 157 159 164 167 172 176 183 185 190 191 195
 53
 3 6 11 12 13 17 22 25 26 35 41 42 48 49 50 58 59 63 65 76 77 81 82 88 90 94 101 110 111 115 116 120 122 133 138 139 145 146 151 156 159 162 164 167 172 173 176 180 183 187 190 191 198
 51
 3 6 11 12 14 16 25 26 35 41 42 49 54 61 63 65 68 69 73 74 76 82 88 90 94 95 97 101 110 111 113 122 133 136 138 143 144 145 151 155 159 162 164 169 172 176 183 190 191 195 198
 49
 3 6 11 12 14 21 24 25 26 27 34 35 36 39 40 41 42 54 61 63 64 65 72 74 76 82 94 99 101 108 110 113 115 120 122 133 144 146 151 159 163 164 169 172 177 187 189 195 198
 45
 3 6 11 12 14 25 26 34 35 41 49 50 52 63 65 68 76 82 84 91 94 97 99 101 102 103 110 113 116 120 122 149 151 159 164 169 170 172 183 185 187 190 192 194 195
 53
 3 6 11 12 15 21 22 25 26 31 35 36 41 42 52 59 61 63 65 66 69 74 76 82 88 90 94 97 101 110 112 113 115 120 122 138 139 141 145 146 151 159 162 164 172 174 176 183 187 189 191 195 198
 41
 3 6 11 12 16 21 26 40 41 42 50 61 63 65 66 82 83 84 90 91 94 97 101 108 110 113 116 122 135 138 140 144 151 152 159 164 168 169 172 183 190
 65
 3 6 11 12 17 21 25 26 29 34 35 36 37 41 42 48 49 50 54 59 61 63 65 66 69 76 77 81 82 83 84 88 91 94 97 101 103 105 109 110 113 116 118 120 122 138 140 145 146 151 159 162 164 169 170 172 176 183 186 187 189 190 191 195 198
 49
 3 6 11 12 17 25 26 35 36 41 42 49 55 56 61 63 65 74 82 88 90 91 94 97 101 110 113 122 135 138 139 140 145 148 151 159 163 164 167 169 172 176 177 180 183 190 191 195 198
 56
 3 6 11 12 18 21 25 26 27 28 35 36 41 42 50 59 61 63 65 72 74 76 82 84 88 90 91 94 99 101 110 113 120 122 137 138 139 146 148 151 153 159 162 163 164 169 171 172 174 175 183 187 190 191 195 198
 53
 3 6 11 12 20 21 25 26 28 35 41 42 50 53 54 61 63 65 69 76 82 83 84 88 94 97 99 101 110 112 113 120 122 123 133 138 145 146 151 152 158 159 162 164 168 169 172 175 176 183 190 191 198
 40
 3 6 11 12 21 25 26 28 35 41 42 49 60 65 67 74 77 82 94 101 106 110 113 116 122 145 146 151 159 162 164 165 169 172 176 181 183 190 191 195
 39
 3 6 11 12 21 25 26 29 35 37 42 49 57 61 65 67 78 82 90 94 101 110 113 117 122 140 146 151 159 162 164 167 169 172 187 190 194 195 198
 43
 3 6 11 12 21 25 26 30 35 41 42 48 50 61 63 65 69 73 76 81 82 91 94 101 110 121 122 125 130 136 139 143 153 159 162 164 169 172 175 180 183 190 195
 54
 3 6 11 12 22 24 26 28 31 35 36 41 42 49 50 59 61 63 65 66 76 82 88 90 94 97 101 103 110 113 118 120 122 132 138 145 151 158 159 164 169 170 172 174 175 176 177 178 187 188 190 191 195 198
 51
 3 6 11 12 22 25 26 33 35 41 42 49 56 60 61 63 65 68 74 76 77 82 86 88 91 94 95 97 101 110 113 117 121 122 138 139 145 148 151 153 159 164 167 169 172 176 180 183 190 191 194
 52
 3 6 11 12 22 25 26 35 41 42 49 50 61 63 65 74 75 76 82 88 94 97 99 101 109 110 111 113 118 121 122 133 138 141 145 148 156 159 162 164 169 170 171 172 175 176 183 187 190 194 195 198
 39
 3 6 11 12 22 25 26 35 42 43 48 50 63 65 82 84 92 94 101 110 113 117 122 127 133 141 149 159 163 164 172 180 181 183 187 190 191 195 198
 48
 3 6 11 12 22 25 26 41 42 43 47 49 63 65 74 76 82 88 94 101 105 110 113 117 120 122 126 130 138 145 146 151 154 159 162 164 169 170 172 176 180 183 184 187 188 190 191 195
 32
 3 6 11 12 23 26 35 42 63 65 82 91 94 100 101 110 113 120 122 136 146 151 159 162 164 169 172 190 191 195 196 198
 46
 3 6 11 12 24 25 33 34 35 41 42 55 56 61 63 65 69 82 88 94 95 97 101 103 110 113 120 121 122 124 138 145 151 159 162 164 169 172 176 180 183 190 191 194 195 198
 37
 3 6 11 12 25 26 27 29 37 42 54 63 65 70 78 82 84 94 97 101 106 110 117 122 141 148 152 159 162 164 167 169 172 176 185 190 191
 51
 3 6 11 12 25 26 29 35 38 41 42 49 50 59 63 65 69 72 76 81 82 91 94 97 99 101 103 106 110 113 116 122 137 138 140 158 159 162 163 164 169 172 175 176 183 186 187 190 191 195 198
 47
 3 6 11 12 25 26 35 37 41 42 50 52 58 59 61 63 65 68 69 74 76 82 94 95 101 110 113 122 130 145 146 159 163 164 169 170 171 172 176 180 183 186 188 191 194 195 198
 48
 3 6 11 12 25 26 35 37 41 42 50 54 57 59 61 63 65 71 72 74 76 78 81 82 88 94 101 106 110 113 117 120 122 133 143 151 159 162 164 169 172 175 185 187 190 191 195 198
 28
 3 6 11 12 25 42 49 63 65 77 82 88 94 97 101 110 138 144 145 159 164 169 179 182 183 186 190 197
 30
 3 6 11 12 25 42 50 53 65 82 94 101 104 110 117 122 138 140 144 145 151 159 164 169 172 180 182 183 190 197
 35
 3 6 11 13 16 19 21 26 42 61 63 65 66 70 74 76 82 94 97 103 110 116 120 122 130 145 146 148 158 164 167 170 183 190 191
 39
 3 6 11 13 25 26 35 41 42 50 61 63 65 68 71 82 87 88 90 94 101 106 107 110 115 120 122 138 151 155 159 162 164 172 183 190 191 194 195
 34
 3 6 11 16 18 19 21 26 40 42 53 61 63 65 69 70 82 94 97 110 116 122 138 140 145 146 158 159 164 170 172 176 190 191
 60
 3 6 11 16 22 25 26 35 36 41 42 49 53 61 63 65 66 68 69 73 74 76 81 82 88 90 94 97 101 103 110 113 115 120 122 130 138 139 140 142 145 149 151 152 153 158 159 162 163 164 167 169 172 174 176 183 190 191 195 198
 55
 3 6 11 16 25 26 27 35 41 42 43 49 50 56 61 63 65 69 76 82 88 91 94 97 101 103 106 110 111 117 120 122 136 138 139 140 142 148 151 152 157 159 164 169 172 176 180 183 186 187 188 190 191 192 194
 52
 3 6 11 17 21 22 25 26 35 36 41 42 48 49 50 51 61 63 65 69 72 76 82 88 94 99 101 109 110 111 113 120 122 136 138 145 148 151 156 159 162 164 167 171 172 176 183 187 190 191 195 198
 48
 3 6 11 17 22 25 41 42 48 49 51 61 63 65 76 77 82 88 90 94 95 97 99 101 110 111 113 115 122 138 145 146 151 156 159 162 164 170 171 172 174 175 176 183 187 190 191 198
 44
 3 6 11 18 21 22 25 26 35 41 42 50 51 61 63 65 76 81 82 91 92 94 97 101 108 109 110 115 122 132 138 140 145 155 158 159 164 169 172 176 177 191 195 198
 46
 3 6 11 18 21 25 26 35 39 41 42 61 63 64 65 69 73 74 77 82 94 97 99 101 103 108 110 115 122 133 138 139 145 151 159 164 169 172 174 178 183 186 190 191 194 198
 34
 3 6 11 19 21 25 26 40 42 50 61 63 65 70 82 84 94 97 103 110 116 122 130 138 148 153 158 159 164 172 176 183 190 191
 35
 3 6 11 19 22 35 42 49 61 63 65 70 76 82 88 94 97 109 110 116 122 130 138 139 144 146 148 159 164 172 176 183 186 190 191
 48
 3 6 11 20 25 26 35 42 50 52 61 63 65 69 74 76 82 88 89 90 91 92 94 97 101 109 110 112 113 117 120 122 138 145 146 151 159 164 169 172 175 176 180 183 186 190 191 198
 51
 3 6 11 21 25 26 30 42 50 61 63 65 69 71 76 81 82 91 92 94 97 108 110 113 117 122 132 133 138 140 141 145 146 151 153 155 158 159 162 164 169 172 176 177 180 183 187 190 191 195 198
 42
 3 6 11 21 25 26 32 35 42 49 61 64 65 72 76 82 90 91 94 99 101 109 110 118 120 122 123 126 133 146 151 159 162 164 169 175 176 184 187 191 195 198
 25
 3 6 11 35 42 53 59 63 65 77 82 88 91 94 101 110 113 118 147 159 164 187 190 196 198
 25
 3 6 11 35 53 59 63 65 77 82 88 91 94 101 110 113 118 147 159 164 172 187 190 196 198
 41
 3 6 12 13 15 16 17 35 36 42 48 50 63 65 66 74 82 88 94 98 101 110 113 120 122 133 138 140 141 143 146 159 162 164 169 172 183 187 190 193 198
 42
 3 6 12 13 16 25 26 35 41 42 47 53 61 63 65 72 73 82 88 94 97 101 103 104 110 113 122 124 138 139 145 151 154 159 164 169 172 174 190 191 194 195
 35
 3 6 12 13 26 35 41 42 43 63 65 67 69 75 76 82 90 94 101 103 110 120 122 138 151 159 164 169 172 181 183 190 191 195 199
 31
 3 6 12 13 26 42 61 63 65 82 84 93 94 101 110 113 116 117 138 145 148 159 164 167 169 179 180 183 186 190 197
 23
 3 6 12 13 65 66 81 82 85 94 101 110 134 160 162 164 169 179 187 190 191 196 198
 32
 3 6 12 14 22 33 42 48 50 54 55 61 63 65 82 84 88 91 94 101 110 122 128 158 159 164 169 172 183 186 190 195
 46
 3 6 12 15 17 26 35 37 42 44 50 57 61 63 65 69 76 82 88 91 94 101 106 110 113 117 122 138 140 145 150 159 162 164 169 172 175 176 179 180 183 187 189 190 195 198
 59
 3 6 12 16 21 22 25 26 27 35 39 41 42 61 63 65 72 74 76 82 84 86 88 90 91 94 97 99 101 103 105 109 110 113 122 130 138 144 146 150 151 158 159 162 164 169 170 172 176 178 180 183 185 186 187 190 191 192 195
 45
 3 6 12 16 21 26 31 35 40 41 42 49 61 63 64 65 68 74 76 82 88 91 94 101 109 110 113 115 122 130 133 159 163 164 169 172 177 183 184 187 189 190 191 195 198
 36
 3 6 12 16 21 26 35 42 48 50 61 62 65 76 80 84 88 90 91 94 101 110 113 120 122 128 138 162 164 169 175 185 187 190 195 198
 39
 3 6 12 16 22 25 26 30 35 39 40 42 61 64 65 74 81 82 90 94 101 108 110 115 120 121 122 133 135 138 151 159 164 169 172 183 190 191 198
 45
 3 6 12 16 22 25 26 33 35 41 42 49 50 55 63 65 77 82 88 91 94 97 101 103 110 113 117 120 122 128 138 151 157 159 163 164 169 172 176 183 190 191 194 195 198
 49
 3 6 12 16 25 26 32 35 38 41 42 50 59 61 63 65 72 74 76 82 84 88 89 90 94 97 101 103 110 113 116 122 137 138 151 159 162 164 167 169 172 175 183 186 187 190 191 195 198
 37
 3 6 12 16 25 26 41 42 49 54 61 63 65 74 76 82 88 90 91 94 95 101 110 121 122 123 135 142 148 151 152 159 162 164 169 172 190
 39
 3 6 12 16 29 35 42 46 59 63 65 72 76 82 88 94 96 97 99 101 110 113 117 122 134 138 145 157 159 164 169 175 176 180 183 185 190 195 198
 49
 3 6 12 17 18 21 22 26 28 31 34 35 36 40 50 61 63 65 76 81 82 88 91 94 101 110 113 118 120 122 130 132 138 140 151 153 159 162 164 169 176 177 178 187 188 190 191 195 198
 52
 3 6 12 17 21 22 25 26 28 30 35 36 40 41 42 49 50 51 52 61 63 65 76 82 90 94 95 97 99 101 110 113 116 122 138 139 141 145 146 151 159 163 164 169 172 173 176 180 183 190 191 198
 53
 3 6 12 17 21 22 26 27 35 37 40 41 42 49 50 61 63 65 82 83 88 89 91 94 97 99 101 110 113 120 122 133 138 139 145 151 156 159 162 164 169 170 171 172 175 176 180 183 187 189 191 195 198
 50
 3 6 12 17 25 26 35 37 41 42 49 58 61 63 65 74 76 82 88 91 94 97 101 106 110 113 118 120 122 132 138 140 145 146 159 164 165 169 171 172 175 176 180 183 187 188 190 191 195 198
 42
 3 6 12 18 21 22 25 26 31 42 61 63 65 74 76 77 81 82 85 88 93 94 97 101 109 110 113 120 138 140 144 145 150 159 164 169 172 176 179 180 183 190
 39
 3 6 12 18 22 26 27 35 38 42 49 50 60 65 77 82 88 94 97 101 110 113 120 122 130 137 138 144 152 159 164 169 172 176 180 183 190 191 198
 41
 3 6 12 18 25 26 32 41 42 56 61 63 65 66 79 82 83 88 94 97 101 110 113 122 133 140 142 146 148 151 159 162 164 168 169 172 176 187 190 191 198
 35
 3 6 12 18 25 26 41 42 61 63 65 77 82 84 88 90 93 94 101 109 110 116 122 138 146 151 159 164 169 170 183 184 190 191 197
 32
 3 6 12 18 26 41 42 61 65 69 82 88 93 94 101 110 113 117 138 144 145 151 159 164 169 170 172 179 183 187 190 197
 52
 3 6 12 20 21 22 23 25 26 35 42 49 61 63 65 66 76 81 82 86 88 90 91 94 97 101 105 109 110 120 122 138 140 145 146 151 159 162 163 164 169 170 172 176 180 183 186 190 191 192 195 199
 51
 3 6 12 21 22 25 26 35 41 42 49 50 61 63 65 69 71 74 75 76 82 88 90 94 97 101 109 110 111 113 117 120 122 138 139 145 156 158 159 164 169 172 173 178 180 183 187 190 194 195 198
 47
 3 6 12 21 22 25 26 39 40 42 49 56 61 63 65 82 90 91 94 97 101 110 111 113 121 122 138 141 145 146 149 151 154 159 162 164 169 172 176 178 180 183 187 190 191 194 198
 41
 3 6 12 21 22 25 26 41 42 43 47 49 50 61 63 65 82 94 97 101 104 110 113 117 122 138 140 150 159 162 164 169 171 172 176 180 182 183 190 191 198
 48
 3 6 12 21 22 26 35 42 49 50 51 61 63 65 69 74 82 88 90 91 94 97 101 110 113 118 122 125 138 139 145 146 151 153 154 159 164 169 170 172 174 175 176 180 183 190 195 198
 44
 3 6 12 21 22 26 42 49 61 63 65 74 78 79 82 88 90 94 95 97 101 103 109 110 113 122 135 138 145 146 151 154 159 164 169 170 172 176 180 183 186 190 191 194
 46
 3 6 12 21 25 26 28 35 42 59 61 63 65 74 76 82 88 90 91 94 97 101 109 110 113 122 125 135 138 145 153 159 164 165 169 172 174 175 176 180 183 187 190 191 195 198
 57
 3 6 12 21 25 26 35 40 41 42 49 50 60 61 63 65 66 76 82 83 88 90 91 94 97 99 101 105 110 112 113 120 122 130 138 140 145 148 149 151 158 159 162 164 169 172 176 178 180 183 186 187 190 191 194 195 198
 41
 3 6 12 21 26 30 35 42 44 51 61 63 65 76 77 82 88 91 94 95 99 101 106 110 113 118 120 122 125 135 136 151 159 162 164 169 172 190 194 195 198
 45
 3 6 12 21 26 32 35 41 42 59 61 63 65 74 77 81 82 88 90 94 101 110 113 115 118 120 122 130 136 151 159 164 168 169 172 174 175 176 181 183 187 190 191 195 198
 33
 3 6 12 21 26 42 44 48 50 63 65 66 73 82 88 91 94 97 101 110 122 125 136 138 143 153 159 162 164 169 175 190 195
 45
 3 6 12 22 24 26 27 34 35 42 49 63 65 82 88 91 94 97 100 101 110 113 118 119 121 122 124 133 138 149 151 159 162 164 169 172 176 180 183 185 187 190 194 195 198
 45
 3 6 12 22 25 26 27 35 36 38 41 42 50 60 63 65 66 69 82 88 91 94 101 103 110 113 122 137 138 151 158 159 162 164 169 170 172 176 180 183 187 190 191 192 198
 39
 3 6 12 22 25 26 31 35 40 42 61 63 65 82 85 93 94 97 101 109 110 113 122 130 138 144 145 150 151 159 164 167 169 172 176 179 183 190 195
 43
 3 6 12 22 25 26 31 35 41 42 49 53 61 63 65 76 81 82 94 97 101 109 110 113 120 122 130 138 139 140 146 150 151 159 164 169 172 176 179 180 182 183 190
 41
 3 6 12 22 25 26 35 36 42 49 58 61 63 65 67 69 76 81 82 90 94 97 101 110 113 120 122 145 158 159 164 169 170 172 176 181 183 189 190 198 199
 45
 3 6 12 22 25 26 39 41 42 50 61 63 65 77 82 83 84 88 90 91 94 101 103 110 113 122 138 140 141 142 148 152 159 162 164 168 169 172 178 180 183 186 187 190 192
 45
 3 6 12 22 26 35 42 48 51 61 63 65 69 74 82 90 94 97 99 101 109 110 113 122 125 138 139 145 146 151 153 154 159 162 164 169 170 172 174 176 180 183 190 195 198
 31
 3 6 12 23 25 26 35 36 41 42 49 63 65 76 82 91 94 100 101 110 113 121 138 151 159 164 169 172 190 196 198
 38
 3 6 12 23 26 35 42 59 61 64 65 76 82 90 91 94 97 101 110 113 120 122 123 138 145 159 164 169 172 175 176 183 184 187 190 195 198 199
 45
 3 6 12 24 25 26 34 35 42 49 63 65 71 82 84 88 91 94 95 97 100 101 110 113 118 119 121 122 124 138 145 149 159 162 164 169 172 176 178 180 183 187 190 191 198
 39
 3 6 12 25 26 29 37 41 42 49 57 61 63 65 67 78 81 82 88 90 94 97 101 106 110 113 117 120 122 146 159 164 167 169 172 186 190 191 198
 41
 3 6 12 25 26 32 35 37 42 49 61 63 65 66 77 82 83 91 94 101 110 113 120 122 126 142 145 151 159 162 164 168 169 170 172 176 180 183 187 190 198
 43
 3 6 12 25 26 35 42 50 53 63 65 71 76 77 82 84 91 94 99 101 110 113 119 122 124 138 145 147 148 151 159 162 164 169 172 176 178 183 190 191 192 195 198
 39
 3 6 12 25 26 35 42 54 57 59 61 63 65 71 74 78 82 88 91 94 101 110 113 117 122 126 143 146 159 162 164 169 172 187 190 191 192 195 198
 39
 3 6 12 25 26 38 41 42 55 56 61 65 74 76 78 82 88 90 94 95 97 101 110 113 120 121 122 138 145 148 152 158 159 164 169 176 190 195 198
 36
 3 6 12 25 26 41 42 43 56 63 65 82 91 92 94 97 101 110 113 117 126 127 133 151 159 162 164 169 172 176 180 181 183 187 190 198
 35
 3 6 12 25 26 42 49 61 63 65 69 74 82 88 93 94 101 109 110 122 138 144 145 146 148 151 159 164 167 169 172 183 184 190 197
 34
 3 6 12 25 41 42 47 50 63 65 81 94 97 101 102 110 113 114 117 118 122 138 157 159 164 165 169 172 176 180 183 190 191 198
 32
 3 6 12 25 41 42 47 63 65 72 81 82 84 94 101 102 110 114 117 122 138 140 157 159 162 164 165 169 172 183 190 191
 28
 3 6 12 25 41 42 63 65 69 81 82 94 101 110 120 138 140 144 159 164 169 170 172 179 182 183 190 197
 37
 3 6 12 26 28 35 36 37 41 42 50 61 63 65 79 82 85 90 94 101 109 110 113 122 146 151 159 160 164 169 172 179 189 190 191 196 198
 37
 3 6 12 26 35 41 42 43 50 65 82 94 96 97 99 100 101 110 113 118 119 120 122 138 149 152 159 162 164 169 175 183 185 190 191 195 198
 36
 3 6 12 26 35 44 53 63 65 73 76 82 84 88 91 94 97 101 110 113 120 122 125 136 138 143 153 159 164 169 172 175 187 190 195 198
 34
 3 6 12 26 42 50 56 63 65 71 94 101 104 110 113 117 120 122 138 141 147 159 162 163 164 165 169 172 181 183 186 187 190 198
 38
 3 6 12 26 42 53 61 63 65 74 76 77 81 82 93 94 97 101 103 104 110 113 122 130 138 151 159 162 164 169 170 172 176 183 187 190 191 197
 36
 3 6 12 29 35 42 46 63 65 76 82 88 91 94 96 97 101 110 113 117 118 120 122 134 138 145 159 160 164 169 180 183 187 190 195 198
 25
 3 6 12 35 41 42 53 59 65 66 88 91 94 101 110 113 118 147 159 164 169 187 190 196 198
 31
 3 6 12 35 42 47 48 63 65 69 81 82 84 94 101 102 110 114 117 120 122 138 140 159 164 165 169 172 183 190 191
 27
 3 6 12 35 42 53 63 65 76 82 88 91 94 101 110 113 140 147 159 164 169 172 175 187 190 195 196
 28
 3 6 12 35 42 62 65 80 85 88 91 94 101 110 113 117 118 122 128 138 160 162 164 169 175 190 195 198
 20
 3 6 12 42 50 61 62 65 76 79 80 85 88 94 110 113 128 138 161 164
 40
 3 6 13 16 21 26 30 35 42 50 61 63 65 68 74 82 84 87 90 94 95 101 106 107 110 113 120 122 133 138 151 155 159 162 164 172 183 190 195 198
 36
 3 6 13 19 21 25 35 40 42 61 63 65 70 76 81 82 84 94 97 110 116 120 122 138 139 146 148 151 153 159 164 172 176 183 190 191
 39
 3 6 14 21 22 23 26 33 35 42 49 59 61 63 65 71 79 82 86 90 94 101 110 113 122 138 155 158 159 163 164 169 172 176 186 191 195 198 199
 37
 3 6 15 16 21 26 30 34 35 42 61 65 71 76 82 87 90 94 95 101 107 110 117 120 122 138 141 151 155 159 162 164 183 190 191 194 195
 40
 3 6 15 16 25 26 34 35 41 42 50 61 65 76 82 87 88 90 94 97 101 106 107 110 113 115 122 133 138 151 155 159 162 164 172 183 187 190 191 195
 43
 3 6 15 21 22 26 31 35 42 49 52 58 61 63 65 68 69 74 82 89 90 94 97 101 103 106 109 110 113 122 138 145 146 159 164 172 176 178 183 187 188 195 198
 40
 3 6 15 21 25 26 30 35 37 41 42 50 61 63 65 68 82 87 88 90 94 95 107 109 110 122 133 138 151 155 159 162 164 172 183 187 190 194 195 198
 36
 3 6 15 24 26 35 41 42 61 65 71 76 82 84 87 90 94 95 101 107 109 110 113 120 122 133 141 155 159 162 164 172 175 183 194 195
 39
 3 6 16 18 19 21 22 25 26 35 40 41 42 49 50 61 63 65 66 70 74 82 88 94 97 110 122 138 139 145 151 153 159 164 172 180 183 190 191
 45
 3 6 16 18 21 22 25 26 37 42 46 53 61 63 65 66 69 74 75 76 82 88 94 97 103 109 110 113 120 122 133 138 144 146 151 159 164 171 172 176 180 183 191 195 198
 34
 3 6 16 21 23 26 35 42 64 65 69 82 84 90 91 94 101 110 118 120 122 123 138 145 157 159 164 169 176 183 184 190 198 199
 43
 3 6 16 21 24 26 30 35 42 61 63 65 76 77 82 87 88 90 94 97 101 106 107 110 113 117 120 122 138 139 141 144 145 159 164 172 176 180 183 187 190 191 194
 50
 3 6 16 21 25 26 32 34 35 41 42 50 51 53 61 63 65 72 74 76 77 82 84 88 90 94 97 101 105 110 120 122 146 150 151 153 156 159 162 164 169 170 172 176 183 186 187 190 191 195
 39
 3 6 16 21 25 26 41 42 61 63 65 68 71 82 87 94 99 101 103 107 109 110 113 115 122 138 151 155 159 162 164 167 172 175 183 190 194 195 198
 39
 3 6 16 26 35 41 42 43 50 63 65 82 88 94 96 97 99 100 101 110 113 118 119 120 122 138 149 151 152 159 162 164 169 175 183 186 190 195 198
 33
 3 6 16 26 37 42 45 48 50 61 63 65 75 82 90 94 98 101 110 117 120 122 138 157 159 162 164 169 183 185 187 190 193
 29
 3 6 16 35 42 46 61 63 65 76 82 88 94 96 97 110 113 117 134 145 159 164 173 176 180 183 187 190 195
 30
 3 6 16 35 42 46 61 63 65 82 84 88 94 96 97 110 117 120 122 134 138 159 164 173 176 180 183 187 190 198
 36
 3 6 16 35 42 50 57 63 65 72 74 78 80 82 91 94 101 110 117 120 122 126 146 152 157 159 164 169 172 175 185 187 190 191 195 198
 27
 3 6 19 22 25 26 42 50 63 65 81 82 90 93 94 104 110 120 122 159 161 164 165 170 172 176 180
 23
 3 6 19 22 42 49 50 63 65 82 94 97 104 110 122 138 145 159 161 164 165 172 182
 49
 3 6 20 21 22 25 26 35 40 41 42 50 61 63 65 69 74 76 82 88 91 92 94 97 103 108 109 110 113 122 132 133 138 140 146 151 155 157 158 159 162 164 169 170 172 183 190 191 198
 33
 3 6 21 25 26 32 35 42 57 61 63 65 67 74 77 78 90 101 109 110 113 122 145 146 151 159 160 162 164 169 172 187 198
 45
 3 6 21 25 26 35 42 49 51 61 63 65 74 81 82 88 91 92 94 97 101 108 109 110 115 121 122 132 133 139 145 153 155 158 159 162 164 169 170 172 176 178 190 195 198
 24
 3 6 22 23 42 43 49 63 65 79 82 94 97 101 110 117 127 138 159 164 166 169 172 183
 24
 3 6 22 23 42 43 49 63 65 79 82 94 101 110 117 127 138 159 164 166 169 172 176 183
 23
 3 6 22 23 42 43 63 65 79 82 94 97 101 110 117 127 159 164 166 169 172 176 183
 43
 3 6 22 26 28 31 35 42 45 49 50 52 61 63 65 68 69 71 82 94 95 99 101 110 113 122 133 138 145 151 159 162 164 170 172 176 180 183 187 189 191 194 198
 24
 3 6 23 42 47 63 65 79 82 94 101 110 117 127 138 145 159 164 166 169 172 176 180 183
 22
 3 6 23 42 47 63 79 82 94 101 110 117 127 138 145 159 164 166 169 176 180 183
 28
 3 6 35 42 46 61 63 65 82 84 88 94 96 97 110 117 120 134 138 159 164 173 176 180 183 186 187 190
 30
 3 6 35 46 61 63 65 76 82 94 96 97 110 113 117 122 134 138 145 159 162 164 173 176 180 183 186 187 190 191
 29
 3 6 35 46 61 63 65 82 84 88 94 96 97 110 117 134 138 145 159 164 173 176 180 183 186 187 190 191 198
 20
 3 6 42 50 62 65 76 79 80 85 94 110 113 117 120 128 138 161 164 169
 19
 3 6 50 61 62 65 79 80 85 88 94 110 113 120 128 138 161 164 169
