 474 200 0 1 2 3 4 5 6 7 8 9 10 11 12 13 14 15 16 17 18 19 20 21 22 23 24 25 26 27 28 29 30 31 32 33 34 35 36 37 38 39 40 41 42 43 44 45 46 47 48 49 50 51 52 53 54 55 56 57 58 59 60 61 62 63 64 65 66 67 68 69 70 71 72 73 74 75 76 77 78 79 80 81 82 83 84 85 86 87 88 89 90 91 92 93 94 95 96 97 98 99 100 101 102 103 104 105 106 107 108 109 110 111 112 113 114 115 116 117 118 119 120 121 122 123 124 125 126 127 128 129 130 131 132 133 134 135 136 137 138 139 140 141 142 143 144 145 146 147 148 149 150 151 152 153 154 155 156 157 158 159 160 161 162 163 164 165 166 167 168 169 170 171 172 173 174 175 176 177 178 179 180 181 182 183 184 185 186 187 188 189 190 191 192 193 194 195 196 197 198 199 
 59
 0 6 10 11 12 14 15 16 23 27 31 32 33 36 38 40 41 49 52 55 58 61 63 65 69 71 73 74 80 83 85 86 96 106 109 111 112 115 120 125 127 130 134 135 136 143 144 147 151 153 154 159 162 165 171 174 188 191 193
 51
 0 6 10 11 12 14 15 16 23 27 31 32 33 36 38 40 41 49 58 61 62 63 65 69 74 75 83 85 91 96 101 106 111 112 115 120 125 127 128 135 136 143 146 151 156 159 162 165 171 188 193
 58
 0 6 10 11 12 14 15 16 23 27 31 32 33 36 40 44 49 52 58 61 63 65 69 71 74 83 85 86 96 101 109 111 115 120 125 127 135 136 141 143 144 146 148 151 153 154 156 159 162 165 171 174 178 182 186 188 193 195
 52
 0 6 10 11 12 14 16 17 23 27 31 32 33 38 40 41 58 61 63 64 65 69 83 86 91 96 105 106 111 112 115 120 127 133 135 136 143 144 148 151 153 156 158 159 162 165 171 172 180 182 188 193
 51
 0 6 10 11 12 15 16 17 23 27 31 32 33 36 37 40 41 58 61 63 65 69 72 80 82 83 86 87 96 106 111 112 115 120 127 135 136 143 144 148 151 153 156 159 162 165 171 172 180 188 193
 50
 0 6 10 11 12 15 16 17 23 27 31 32 33 36 40 58 60 61 63 65 69 72 75 77 80 83 87 96 97 105 106 111 112 115 120 127 135 136 143 144 146 151 153 159 165 171 172 180 188 193
 44
 0 6 10 11 12 15 16 23 27 31 32 33 36 38 40 41 63 68 69 74 96 111 112 115 120 124 127 130 136 141 143 146 151 156 158 159 162 165 169 171 178 183 186 193
 53
 0 6 10 11 12 15 16 23 27 31 32 33 36 38 40 44 58 60 61 63 65 69 72 74 80 85 86 96 101 102 111 112 115 120 123 127 128 135 136 143 144 146 148 151 153 155 159 165 166 171 178 188 193
 44
 0 6 10 11 12 15 16 23 27 31 32 33 36 41 63 68 69 71 86 96 106 111 112 115 120 124 127 130 136 141 143 146 151 153 156 158 159 162 163 165 169 171 186 193
 47
 0 6 10 11 12 15 16 23 27 31 32 33 40 41 58 63 66 69 74 80 96 101 105 111 112 113 115 120 125 127 136 143 146 151 153 159 162 165 169 171 178 184 186 187 191 193 194
 42
 0 6 10 11 12 15 16 23 31 32 33 40 41 58 63 68 69 86 96 101 106 111 112 115 120 123 124 125 127 136 141 143 151 156 159 162 165 169 171 178 186 190
 43
 0 6 10 11 12 15 16 27 31 32 33 41 58 63 68 69 71 86 96 101 106 111 112 115 120 124 125 130 136 141 143 146 151 153 156 159 162 165 169 171 178 186 190
 57
 0 6 10 11 16 23 27 31 32 33 36 40 41 58 61 62 63 65 69 73 74 75 80 81 83 96 101 102 106 111 112 115 120 127 128 133 135 136 141 143 144 146 148 151 153 154 155 156 159 165 171 174 178 183 186 188 193
 51
 0 6 11 12 16 23 25 27 31 32 33 36 40 41 44 58 61 63 65 69 71 74 77 83 85 91 95 96 97 101 111 112 115 120 123 127 132 136 143 144 146 148 150 151 159 162 165 171 188 192 193
 56
 0 8 10 11 15 16 20 23 24 27 30 31 32 33 36 40 41 52 58 63 66 69 71 74 83 86 96 106 111 112 115 120 124 127 133 136 143 144 146 148 151 153 156 158 159 161 162 165 171 173 174 181 183 188 193 199
 45
 0 10 11 15 16 23 27 31 32 40 41 52 58 63 68 69 74 83 86 96 111 112 115 120 123 124 125 127 130 136 143 146 148 151 156 158 159 163 165 169 171 178 186 188 193
 47
 1 6 10 11 12 15 16 20 23 27 31 32 33 36 40 57 58 60 63 69 73 74 76 83 96 101 106 111 115 117 120 127 136 143 144 146 148 151 159 165 171 172 173 178 179 193 194
 60
 1 6 10 11 12 15 16 23 24 27 30 31 32 33 36 40 42 50 52 58 62 63 69 71 73 74 80 96 101 105 106 111 112 115 120 125 127 130 136 139 143 146 150 151 153 158 159 162 163 165 171 172 173 174 178 179 190 191 193 194
 60
 1 6 10 11 12 15 16 23 27 31 32 33 35 36 40 41 55 58 63 69 72 74 77 83 86 90 96 101 106 109 111 112 115 120 125 127 130 133 136 143 144 146 147 151 152 153 156 159 162 165 170 171 172 174 178 183 188 190 193 194
 39
 1 6 10 11 12 16 19 20 23 27 31 32 33 36 58 60 63 69 83 90 96 101 105 107 108 111 115 120 127 136 143 151 152 153 159 171 172 173 179
 42
 1 6 10 11 12 16 20 23 27 31 32 33 36 40 58 60 63 69 74 96 101 105 107 111 115 120 127 136 139 143 146 148 151 152 159 171 172 173 174 178 179 188
 40
 1 6 10 11 12 16 20 23 27 31 32 33 36 58 60 63 69 90 96 101 105 107 111 115 120 127 130 136 139 143 144 148 151 152 159 171 172 174 179 188
 39
 1 6 10 11 12 16 23 27 31 32 33 36 40 55 60 63 69 72 84 96 104 105 107 111 115 120 127 130 136 139 143 144 151 153 159 171 174 179 188
 43
 1 6 10 11 16 23 27 30 31 32 33 36 57 58 60 63 69 74 76 96 104 106 111 115 120 123 125 127 136 143 144 146 151 159 163 165 171 172 179 187 188 191 193
 47
 1 6 10 12 16 20 23 27 31 32 33 36 40 55 58 60 63 69 73 80 84 90 96 105 107 111 115 120 127 130 133 135 136 139 143 144 148 151 153 159 164 171 172 174 179 188 191
 39
 1 6 10 12 16 20 23 27 31 32 33 36 40 58 60 63 69 90 96 101 105 107 111 115 120 127 130 136 139 143 148 151 152 159 171 172 174 179 188
 38
 1 6 10 12 16 20 23 27 31 32 33 36 40 58 60 63 69 90 96 101 105 107 111 115 127 130 136 139 148 151 152 159 171 172 173 174 179 188
 39
 1 6 10 12 16 20 23 27 31 32 33 36 40 58 60 63 69 90 96 101 107 111 115 120 127 130 136 139 143 148 151 152 153 159 171 172 173 179 183
 41
 1 10 11 12 16 23 27 31 32 33 36 40 55 58 60 63 69 72 84 96 101 104 105 107 111 115 120 127 130 136 139 143 144 148 151 153 159 171 174 179 188
 31
 2 6 12 16 19 31 32 40 58 63 69 74 91 96 103 111 112 115 120 127 136 144 146 151 166 171 174 178 182 183 184
 27
 2 6 12 16 19 31 32 40 63 69 74 87 96 103 111 115 120 127 136 151 153 166 171 174 182 183 184
 27
 2 6 12 16 19 31 40 52 58 63 69 87 96 103 111 112 115 120 127 136 151 166 171 174 182 183 184
 39
 2 6 12 16 31 32 33 36 38 40 52 58 63 66 69 71 74 83 90 96 101 103 111 115 120 127 128 136 141 144 146 148 151 153 163 166 171 184 188
 37
 2 6 12 16 31 32 33 36 38 40 58 63 66 69 74 90 96 101 103 111 112 115 120 127 128 132 136 141 144 146 148 150 151 166 171 182 184
 32
 2 6 12 16 31 32 33 36 38 40 58 63 69 74 83 87 96 101 103 111 115 127 136 144 148 151 153 166 171 174 183 184
 35
 2 6 12 16 31 32 33 36 38 40 58 63 69 80 85 96 103 111 112 115 120 127 128 132 134 136 144 146 148 151 166 171 182 184 188
 32
 2 6 12 16 31 32 33 36 38 40 58 63 69 83 87 96 101 103 111 115 120 127 136 144 150 151 153 166 171 174 183 184
 34
 2 6 12 16 31 32 33 36 40 52 58 63 69 73 74 96 101 103 111 115 120 128 132 134 136 144 148 151 166 171 178 182 184 188
 34
 2 6 12 16 31 32 33 36 40 58 63 66 69 74 90 96 101 103 111 112 115 120 127 130 136 145 148 151 153 154 166 171 174 184
 31
 2 6 12 16 31 32 33 36 44 58 63 66 69 74 83 85 96 103 112 115 120 123 128 134 136 151 166 171 184 187 188
 35
 2 6 12 16 31 32 36 38 40 58 63 66 69 71 74 90 96 103 111 112 115 120 127 128 132 136 141 146 148 151 166 171 182 184 188
 27
 2 6 16 19 31 32 40 52 63 69 71 74 80 87 96 103 111 112 115 120 127 136 151 166 171 182 184
 25
 2 6 16 19 31 32 63 69 71 74 87 96 103 111 115 120 127 136 151 166 171 174 182 183 184
 34
 2 6 16 25 31 32 33 36 40 52 58 63 66 69 71 90 96 103 111 115 120 127 128 132 136 141 144 146 148 151 166 171 184 188
 30
 2 6 16 31 32 33 36 38 40 52 58 63 69 83 96 103 111 115 120 127 136 144 146 148 151 166 168 171 182 184
 30
 2 6 16 31 32 33 36 38 52 58 63 69 74 83 96 103 111 115 120 127 136 144 146 148 151 166 168 171 182 184
 29
 2 6 16 31 32 33 36 38 52 58 63 69 83 96 103 111 115 120 127 136 144 146 148 151 166 168 171 182 184
 35
 2 6 16 31 32 33 36 40 58 63 69 73 74 96 103 111 112 115 120 127 128 132 134 136 144 146 148 151 153 166 171 178 184 187 188
 36
 2 6 16 31 32 33 36 58 63 66 69 73 74 81 83 96 103 108 111 112 115 120 127 130 136 139 141 146 148 151 153 166 171 178 184 188
 29
 2 6 16 31 32 33 38 52 58 63 69 74 83 96 103 111 115 120 127 136 144 146 148 151 166 168 171 182 184
 29
 2 6 16 31 32 33 38 52 58 63 69 83 96 103 111 115 120 127 136 144 146 148 151 166 168 171 182 184 188
 33
 2 6 16 31 32 33 40 44 58 63 66 69 83 85 96 101 103 111 112 115 120 127 128 132 136 141 146 151 166 171 178 184 188
 31
 2 6 16 31 32 33 58 63 66 69 73 85 96 103 111 112 115 120 127 128 132 136 141 144 146 151 153 166 171 184 188
 24
 2 12 16 19 31 32 40 58 63 66 69 85 91 96 103 111 136 144 146 150 151 166 182 184
 32
 2 12 16 31 32 33 36 38 40 44 52 63 66 74 83 85 96 103 111 112 115 120 123 127 128 134 136 148 151 166 171 184
 32
 2 12 16 31 33 36 38 40 44 52 58 63 66 74 83 85 96 103 111 112 115 120 123 127 128 134 136 148 151 166 171 184
 27
 2 16 19 31 32 33 36 58 63 69 71 74 87 96 103 111 115 120 127 136 144 151 166 171 174 183 184
 23
 2 16 19 31 32 63 69 71 74 87 96 103 111 112 115 136 151 166 171 174 182 183 184
 26
 2 16 31 32 33 40 44 58 63 80 85 96 103 111 112 115 120 128 132 134 136 151 154 166 171 184
 27
 3 4 6 10 16 23 27 31 32 33 36 63 69 78 96 100 101 106 111 115 120 122 136 144 148 165 171
 28
 3 4 6 10 23 27 31 32 33 36 63 69 78 96 100 101 103 106 111 115 120 122 125 136 144 148 165 171
 40
 3 6 7 11 12 16 19 23 27 31 32 33 36 58 63 69 74 96 103 105 111 112 115 120 127 135 136 143 144 145 146 148 151 159 164 165 171 185 188 193
 39
 3 6 7 11 12 16 19 23 27 31 32 33 36 58 63 69 96 103 105 111 112 115 120 127 135 136 143 144 145 146 148 151 159 164 165 171 185 188 193
 35
 3 6 10 11 12 16 20 23 27 31 32 33 36 41 58 63 67 69 96 111 115 120 127 136 143 144 151 156 159 165 167 171 177 179 193
 41
 3 6 10 11 12 16 23 26 27 30 31 32 33 36 58 63 69 83 86 89 96 106 107 111 112 115 120 127 130 136 143 151 153 159 162 165 171 173 179 188 193
 51
 3 6 10 11 15 16 23 27 31 32 33 36 40 45 55 57 58 63 69 74 80 83 96 101 106 111 115 120 123 127 135 136 143 144 146 148 150 151 155 158 159 162 163 165 171 172 180 188 190 193 199
 31
 3 6 10 11 16 23 27 30 31 32 33 36 53 57 58 60 63 69 83 89 96 111 115 120 136 143 159 171 173 179 193
 34
 3 6 10 11 19 23 27 29 31 32 33 36 48 58 63 69 74 101 111 115 125 136 140 143 144 146 148 151 159 162 170 171 182 188
 33
 3 6 10 11 19 23 27 29 31 32 33 36 48 58 63 69 74 101 111 115 136 140 143 144 146 148 151 159 162 165 170 171 188
 32
 3 6 10 11 23 27 31 32 33 36 41 58 63 67 69 96 111 115 127 136 143 144 148 151 155 156 159 165 167 171 177 193
 33
 3 6 11 12 19 27 29 31 32 33 36 48 58 63 69 74 101 111 115 125 135 136 140 143 144 146 148 151 155 159 162 171 188
 32
 3 10 11 12 23 27 31 32 33 36 67 69 96 101 111 112 115 120 127 136 143 144 151 155 156 159 165 167 171 177 179 193
 38
 3 10 11 15 16 23 27 31 32 33 36 58 63 65 69 83 93 96 101 111 115 120 125 127 135 136 143 144 151 155 159 165 171 177 179 191 193 194
 30
 3 10 11 16 20 23 27 30 31 32 33 36 53 57 58 60 63 69 83 89 96 111 115 120 136 143 159 171 179 193
 31
 3 10 11 16 20 23 27 31 32 33 36 53 57 58 60 63 69 83 89 96 111 115 120 136 143 159 171 173 179 188 193
 31
 3 10 11 16 23 30 31 32 33 36 53 57 58 60 63 69 83 89 96 101 111 115 120 136 143 159 171 173 179 188 193
 28
 3 10 16 23 27 31 32 33 36 51 58 63 69 83 96 103 111 136 144 148 151 155 158 159 165 170 171 188
 26
 3 10 16 23 27 31 32 33 51 58 63 69 83 96 103 111 136 151 155 158 159 165 170 171 182 193
 25
 3 10 20 23 31 32 33 36 58 63 69 78 82 96 100 101 103 106 111 115 122 136 144 148 165
 27
 3 16 23 27 31 32 36 51 58 63 69 83 96 103 111 135 136 144 148 151 159 165 170 171 182 188 193
 47
 4 6 9 10 11 12 16 23 27 31 32 33 36 37 40 48 58 63 69 74 83 87 90 95 96 101 106 111 112 115 120 127 130 134 136 143 146 148 151 153 158 159 171 174 182 188 193
 48
 4 6 9 10 11 15 16 23 27 31 32 33 36 37 40 41 52 58 63 69 72 75 80 84 86 87 96 106 111 112 115 120 125 127 136 139 143 144 148 151 159 162 165 171 179 189 191 193
 51
 4 6 10 11 12 16 20 21 23 27 30 31 32 33 35 36 37 40 41 43 58 63 69 74 81 82 83 96 106 108 111 115 120 121 124 127 136 141 143 144 146 148 151 158 159 165 171 173 179 188 193
 51
 4 6 10 11 12 20 23 25 27 30 31 32 33 36 40 46 58 63 69 74 76 80 96 99 106 111 112 115 120 122 124 127 136 143 144 146 148 151 156 158 159 162 163 165 170 171 173 178 179 188 193
 42
 4 6 10 11 14 16 23 27 31 32 33 40 41 63 69 80 86 94 96 103 106 111 112 115 120 125 127 136 143 151 155 159 162 165 167 169 171 172 173 179 191 193
 48
 4 6 10 11 16 23 27 30 31 32 33 36 37 38 39 40 41 58 63 66 69 74 76 80 86 88 96 99 101 111 112 115 120 124 127 136 143 144 146 148 151 159 162 171 179 180 188 193
 42
 4 6 10 12 16 23 27 31 32 33 36 40 44 58 63 69 74 90 96 105 110 111 115 120 123 126 127 132 134 136 143 144 148 151 158 159 163 171 182 185 190 193
 43
 4 6 10 12 16 23 27 31 32 33 36 40 58 63 69 83 93 96 101 105 106 111 115 120 122 127 136 139 143 144 146 148 150 151 157 159 165 170 171 174 179 188 193
 36
 4 6 10 12 16 25 31 32 33 36 37 40 50 58 63 69 96 104 111 112 115 120 127 130 136 143 144 148 149 151 162 163 165 171 179 184
 42
 4 6 10 12 20 23 25 27 30 31 32 33 36 46 58 63 69 74 76 78 96 100 103 106 111 115 120 122 136 143 144 146 148 151 159 165 171 173 179 182 188 193
 37
 4 6 10 23 27 31 32 33 36 58 63 69 74 78 96 100 103 106 111 115 120 122 124 135 136 143 144 148 151 158 159 162 164 165 171 182 188
 42
 4 6 12 15 16 17 23 31 32 33 36 40 58 63 68 69 74 83 91 96 101 105 111 115 120 127 136 143 144 146 148 151 153 158 159 165 171 183 188 189 190 193
 39
 4 10 11 16 19 23 31 32 33 36 58 60 63 68 69 74 84 96 111 115 120 124 125 127 136 138 143 144 146 151 153 158 159 162 165 171 174 183 188
 29
 4 10 15 16 23 27 31 33 37 40 58 63 70 82 94 96 103 111 112 115 120 136 149 151 159 171 179 184 193
 33
 4 10 20 23 27 31 33 36 63 69 93 96 101 103 111 115 120 122 136 143 144 146 148 151 157 159 162 165 166 171 173 179 193
 59
 5 6 10 11 12 13 16 20 22 23 27 30 31 32 33 36 38 40 41 52 58 63 66 69 74 75 80 83 95 96 98 106 111 112 115 120 124 125 127 136 137 143 144 146 148 150 151 153 156 159 165 171 173 178 180 187 188 193 194
 43
 5 6 10 11 12 13 16 20 23 26 27 31 32 33 40 46 56 58 63 66 69 70 80 96 98 101 111 112 115 120 127 130 136 142 143 144 145 151 159 165 171 179 183
 51
 5 6 10 11 12 15 16 22 23 27 31 32 33 36 38 40 55 58 63 69 74 80 83 86 96 97 106 111 112 115 120 127 132 136 143 144 147 148 151 159 165 171 173 176 178 179 180 181 186 188 199
 48
 5 6 10 11 12 16 20 22 23 25 27 28 30 31 32 33 36 41 58 63 69 83 86 96 106 111 112 115 120 127 136 143 144 146 148 151 153 159 165 171 173 176 180 181 188 193 195 199
 49
 5 6 10 11 12 16 23 26 27 30 31 32 33 36 38 39 40 46 58 63 69 73 83 90 96 101 107 111 115 116 119 120 127 130 132 136 141 143 144 146 148 150 151 158 159 165 171 179 193
 49
 5 6 10 11 12 16 23 27 31 32 33 36 40 58 63 69 70 74 80 96 106 111 112 114 115 119 120 127 130 136 143 144 148 151 158 159 165 168 171 172 173 174 178 179 180 182 188 191 193
 47
 5 6 10 11 12 16 23 27 31 32 33 36 52 58 63 69 70 74 80 96 105 111 112 114 115 119 120 124 127 136 143 144 146 148 151 158 159 165 168 171 173 174 178 179 180 188 193
 50
 5 6 10 11 15 16 20 22 23 25 28 31 32 33 36 40 55 58 63 69 73 83 96 97 111 112 115 120 123 127 130 136 143 144 146 151 154 158 159 165 171 173 174 176 178 180 181 182 188 193
 47
 5 6 10 11 15 16 20 22 23 27 30 31 32 33 35 36 40 41 58 63 69 74 83 86 96 98 111 115 120 127 129 136 143 144 146 148 151 156 159 165 171 173 176 181 188 193 199
 46
 5 6 10 11 16 20 22 23 24 25 27 28 31 32 33 36 40 41 58 63 69 73 80 83 96 97 109 111 115 120 127 136 143 144 151 153 159 165 171 173 174 176 179 180 181 193
 45
 5 6 10 11 16 20 22 23 27 28 30 31 32 33 36 40 58 63 69 73 83 96 97 109 111 112 115 120 124 127 136 143 144 148 151 153 159 171 176 179 181 182 193 195 199
 47
 5 6 10 11 16 20 23 27 28 31 32 33 35 36 41 58 63 69 74 83 86 96 106 111 112 115 120 124 127 129 136 143 144 146 150 151 156 159 165 171 176 181 182 188 193 195 199
 49
 5 6 10 11 16 20 23 27 30 31 32 33 36 40 41 43 58 59 63 69 72 74 86 96 111 112 115 120 127 136 143 144 146 148 151 158 159 161 163 165 171 173 176 178 181 182 188 193 199
 46
 5 6 10 11 16 23 27 30 31 32 33 36 52 58 63 69 70 74 80 96 106 111 114 115 119 120 127 136 143 144 148 150 151 159 165 168 171 173 174 178 179 180 183 188 190 193
 56
 5 6 10 12 15 16 20 22 23 25 27 29 31 32 33 36 38 40 41 58 63 69 73 75 83 86 96 98 105 111 112 115 116 120 123 125 127 130 136 143 144 148 151 153 154 158 159 165 171 173 174 176 178 188 192 193
 54
 5 6 10 12 16 22 23 27 30 31 32 33 36 38 40 49 52 58 62 63 69 71 74 80 83 90 96 101 105 106 111 115 116 120 121 124 127 130 136 144 146 148 151 153 159 163 171 173 174 179 180 188 192 193
 58
 5 6 10 12 16 22 23 27 30 31 32 33 36 40 44 53 55 58 63 69 74 75 83 95 96 97 101 106 109 111 112 115 120 124 125 127 136 137 143 144 146 147 148 150 151 153 158 159 165 171 172 174 178 180 182 187 188 193
 49
 5 6 10 12 16 23 25 27 30 31 32 33 35 36 40 41 43 59 62 63 69 73 74 75 86 95 96 101 105 111 112 115 120 121 127 135 136 143 146 147 148 151 159 165 171 173 186 188 193
 46
 5 9 10 11 12 15 16 23 27 30 31 32 33 36 40 43 44 58 63 69 71 73 77 85 96 97 101 111 112 115 120 124 127 136 143 148 151 156 159 160 162 165 171 182 192 193
 49
 5 10 11 12 16 20 23 27 30 31 32 33 36 40 44 58 63 69 74 76 96 101 103 106 111 114 115 119 120 127 136 139 143 144 146 148 151 155 158 159 166 171 173 178 179 182 188 190 193
 51
 5 10 11 15 16 20 23 27 30 31 32 33 36 38 40 58 63 69 71 86 96 101 106 109 111 112 115 120 124 127 134 136 143 144 150 151 156 159 161 171 172 173 174 176 178 179 181 183 188 193 199
 45
 5 10 11 16 20 22 23 27 30 31 32 33 35 36 38 41 58 63 69 83 86 96 97 98 106 111 112 115 120 127 129 136 143 144 148 151 159 165 171 173 176 181 182 193 199
 41
 5 10 11 16 23 27 28 30 31 32 33 35 36 41 58 59 63 69 71 86 96 97 111 112 115 120 124 127 129 136 143 148 151 158 159 165 171 176 181 182 199
 49
 5 10 11 16 23 27 30 31 32 33 36 40 41 43 62 63 69 71 74 80 83 86 96 106 111 112 115 120 127 136 143 144 146 148 150 151 158 161 163 165 171 173 176 178 181 182 188 193 199
 43
 5 10 16 27 29 31 32 33 36 41 44 58 63 66 69 83 95 96 111 112 115 120 124 125 127 129 130 136 143 148 151 153 154 159 162 165 171 174 187 188 192 195 198
 50
 6 7 10 11 12 13 16 23 26 27 30 31 32 33 36 39 40 46 58 63 69 72 74 80 81 96 105 111 115 116 120 127 132 134 136 143 144 148 151 154 159 165 171 173 178 179 185 186 188 193
 38
 6 7 10 11 12 16 19 31 32 33 36 40 50 63 69 72 74 80 85 91 96 111 112 115 120 124 127 133 136 143 146 148 151 165 171 178 180 185
 45
 6 7 10 11 12 16 23 27 31 32 33 36 40 44 50 52 55 58 63 69 74 80 83 91 96 101 105 111 112 115 120 127 136 143 144 146 148 151 153 159 165 171 180 185 188
 44
 6 7 10 11 12 16 23 27 31 32 33 36 50 55 58 63 69 73 90 96 101 105 111 112 115 120 127 130 132 136 143 144 145 148 151 153 159 163 165 171 185 188 193 194
 44
 6 7 10 11 12 16 23 27 31 32 33 40 50 52 58 63 69 72 80 83 91 96 101 105 111 112 115 120 127 136 143 146 151 153 159 165 171 174 182 183 185 188 193 194
 43
 6 7 10 11 12 16 31 32 33 36 40 50 55 58 63 69 72 73 74 90 96 101 105 111 115 120 127 130 136 143 144 145 148 150 151 153 159 163 165 171 178 185 188
 41
 6 7 10 11 16 31 32 33 36 40 50 52 58 63 69 72 74 83 96 111 112 115 120 124 127 136 143 144 146 148 151 153 159 165 168 171 172 180 185 188 193
 38
 6 7 10 12 16 19 27 31 32 33 36 50 55 58 63 69 72 74 87 96 111 112 115 120 133 136 146 148 150 151 159 165 171 182 183 185 188 193
 43
 6 7 10 12 16 23 27 31 32 33 40 50 58 63 66 69 72 74 80 91 96 101 105 111 112 115 120 123 124 127 133 136 143 144 146 148 151 153 165 171 180 185 188
 42
 6 7 10 12 16 31 32 33 36 40 44 50 58 63 69 72 74 80 83 91 96 101 105 111 112 115 120 124 127 133 136 143 146 151 153 165 171 178 180 182 185 193
 42
 6 7 10 16 19 23 27 31 32 33 36 40 50 52 55 58 63 69 74 80 91 96 105 111 112 115 120 123 136 143 144 146 148 150 151 159 165 171 180 182 185 191
 39
 6 7 11 12 16 23 27 31 32 33 36 55 63 69 83 96 104 105 111 115 120 127 136 139 143 144 145 146 148 150 151 159 164 165 171 185 188 191 193
 38
 6 7 11 16 23 27 31 32 33 36 63 69 74 83 96 111 115 117 120 127 135 136 139 143 144 145 146 148 151 153 159 165 170 171 180 185 193 194
 59
 6 8 10 11 12 13 16 20 23 27 30 31 32 33 36 38 41 47 58 63 65 69 72 74 75 80 85 86 96 97 101 105 111 115 120 125 127 133 136 143 144 146 148 151 156 159 162 165 171 172 173 174 176 179 182 183 188 193 199
 62
 6 8 10 11 12 15 16 20 21 23 24 27 31 32 33 36 39 40 41 42 43 52 58 61 63 69 74 77 96 98 101 106 111 112 115 120 125 127 130 136 143 144 146 147 150 151 153 158 159 161 162 165 171 172 173 174 179 180 188 190 193 194
 61
 6 8 10 11 12 15 16 20 21 23 27 30 31 32 33 36 40 41 44 46 52 55 58 61 63 69 76 77 80 83 96 101 111 112 115 120 124 125 127 132 136 141 143 144 146 148 150 151 153 159 165 171 174 175 179 180 187 188 190 193 195
 59
 6 8 10 11 12 15 16 20 23 27 28 30 31 32 33 36 40 41 52 53 55 58 63 64 69 70 74 80 81 83 86 89 96 105 106 109 111 112 115 120 125 127 136 143 144 147 151 156 159 162 165 171 172 173 179 180 188 191 193
 57
 6 8 10 11 12 15 16 23 25 26 27 31 32 33 36 38 40 42 58 62 63 65 66 69 74 80 81 86 96 101 105 106 110 111 115 120 123 125 127 136 143 146 150 151 153 156 158 159 162 165 171 172 178 191 193 194 196
 54
 6 8 10 11 12 15 16 23 26 27 28 31 32 33 36 39 40 41 42 44 58 63 69 76 83 89 96 97 105 106 111 115 120 123 124 125 127 136 143 144 146 148 151 156 159 162 165 171 172 179 188 190 193 195
 49
 6 8 10 11 12 15 16 23 26 27 28 31 32 33 36 39 40 42 46 58 63 69 74 89 96 97 106 111 112 115 120 123 125 127 136 143 146 148 151 156 159 163 165 171 172 173 180 192 193
 53
 6 8 10 11 12 15 16 23 26 27 28 31 32 33 36 40 41 46 52 58 63 69 74 76 80 86 89 96 105 109 111 112 115 120 124 125 127 136 143 147 150 151 154 156 159 165 171 179 183 186 188 193 199
 51
 6 8 10 11 12 15 16 23 27 29 31 32 33 36 38 40 42 44 58 59 63 64 69 74 80 90 96 101 111 112 115 120 127 129 133 136 143 144 146 148 151 156 159 171 178 179 188 190 193 195 197
 55
 6 8 10 11 12 16 19 20 21 23 24 25 27 31 32 33 36 38 40 41 43 55 58 62 63 69 74 77 81 83 96 101 108 111 115 120 123 127 136 143 144 146 147 148 151 153 159 163 165 171 172 173 175 188 193
 52
 6 8 10 11 12 16 20 23 26 27 28 31 32 33 36 40 58 63 69 71 75 80 81 83 96 97 101 109 111 115 120 121 125 127 136 143 144 148 151 153 156 159 162 165 171 174 178 179 180 181 182 193
 59
 6 8 10 11 12 16 20 23 27 28 30 31 32 33 36 40 58 63 69 72 74 80 81 86 96 101 105 106 109 111 115 120 127 134 136 141 143 144 146 148 151 153 154 156 159 161 165 171 178 179 180 182 186 188 190 193 194 197 199
 53
 6 8 10 11 12 16 20 23 27 29 31 32 33 36 40 49 55 58 63 65 69 73 74 77 83 96 98 101 111 112 115 116 120 127 135 136 143 144 146 147 148 151 154 159 165 171 174 179 182 183 188 192 195
 55
 6 8 10 11 12 16 21 23 24 27 30 31 32 33 36 39 40 47 55 58 63 69 74 83 96 97 98 101 106 111 112 115 116 120 125 127 130 136 139 143 144 146 147 148 151 153 158 159 165 171 174 187 188 193 194
 53
 6 8 10 11 12 16 23 26 27 31 32 33 36 38 40 42 46 58 63 69 74 76 80 86 89 96 98 101 105 111 112 115 120 124 127 136 143 144 146 150 151 153 156 159 165 171 174 180 187 188 191 193 199
 57
 6 8 10 11 15 16 20 23 24 27 30 31 32 33 36 39 40 41 42 58 63 69 74 80 83 86 89 96 106 108 111 112 115 120 125 127 136 143 144 146 148 151 153 156 158 159 161 162 165 171 172 173 180 188 190 191 193
 50
 6 8 10 11 15 16 21 23 27 30 31 32 33 36 42 58 62 63 65 69 83 91 96 105 106 111 115 120 124 125 127 129 130 136 143 146 151 153 159 162 165 171 172 175 178 187 188 191 193 195
 48
 6 8 10 11 16 23 26 27 28 31 32 33 36 39 40 42 43 46 58 63 69 76 83 89 90 96 97 101 111 112 115 120 123 125 136 143 146 148 151 156 159 165 171 179 180 188 190 193
 49
 6 8 10 11 16 23 27 30 31 32 33 36 40 41 42 58 63 69 80 83 90 96 100 103 105 106 108 111 112 115 120 124 127 136 143 151 153 158 159 162 163 165 171 174 179 188 190 193 197
 59
 6 8 10 12 15 16 21 22 23 24 27 28 30 31 32 33 36 39 40 41 42 43 52 58 61 63 64 69 74 80 96 97 105 111 112 115 120 125 127 130 136 141 143 144 146 147 148 151 153 159 163 165 171 173 174 179 188 190 193
 44
 6 9 10 11 12 16 23 27 31 32 33 36 40 44 56 58 63 64 69 72 74 80 84 91 96 111 112 115 120 127 136 139 143 146 150 151 159 165 171 172 179 182 189 193
 43
 6 9 10 11 15 16 27 30 31 32 33 36 40 41 58 63 68 69 71 74 96 106 111 112 115 120 123 124 125 127 136 141 143 146 151 159 162 165 169 171 173 178 186
 44
 6 9 10 13 16 19 23 27 31 32 33 36 40 52 56 58 63 69 74 80 84 96 111 112 115 120 127 136 143 144 146 148 150 151 159 165 168 171 179 180 188 189 190 193
 37
 6 9 11 12 13 16 30 31 32 33 36 40 56 58 63 66 69 84 85 91 96 111 112 115 120 127 133 136 139 143 147 151 165 171 179 182 189
 51
 6 9 11 12 15 16 17 23 27 31 32 33 36 37 40 52 58 63 69 72 74 75 80 83 86 87 96 97 106 111 112 115 120 125 127 135 136 143 144 151 153 155 159 162 165 171 172 174 180 188 193
 57
 6 9 11 12 15 16 23 27 31 32 33 36 40 44 52 58 59 63 69 73 74 75 77 80 83 84 90 96 97 101 105 106 111 112 115 120 125 127 130 136 139 143 148 150 151 156 159 162 163 165 171 179 183 188 189 192 193
 46
 6 9 11 12 15 16 23 27 31 32 36 38 40 58 63 68 69 74 86 96 97 106 108 111 115 120 123 124 125 127 136 141 143 144 146 148 151 158 159 160 162 165 171 180 186 193
 43
 6 9 11 12 16 19 23 27 30 31 32 33 36 40 52 56 58 63 69 80 84 96 111 112 115 120 127 133 136 143 147 148 151 159 165 168 171 179 182 188 189 193 194
 39
 6 9 12 13 16 31 32 33 40 56 58 63 66 69 74 84 91 96 111 115 120 123 127 130 136 139 144 146 147 151 153 159 165 171 179 182 183 189 190
 38
 6 9 12 13 31 32 33 36 56 58 63 66 69 81 84 90 96 101 108 111 112 115 120 127 136 145 146 147 151 153 154 163 165 179 183 189 190 193
 42
 6 9 16 19 23 27 31 32 33 36 52 56 58 63 69 74 80 84 96 111 112 115 120 127 133 136 143 144 146 147 151 159 165 168 171 172 179 188 189 190 193 194
 57
 6 10 11 12 13 14 15 16 23 27 31 32 33 36 40 41 58 62 63 69 74 76 80 86 88 92 96 97 101 106 111 112 115 120 125 127 130 136 143 144 146 147 150 151 153 159 162 165 171 172 173 179 180 188 190 191 193
 49
 6 10 11 12 13 14 16 20 23 27 31 32 33 36 40 41 46 52 58 63 69 76 80 82 86 88 96 99 101 111 115 120 127 130 136 143 144 146 148 151 159 162 165 171 173 179 180 188 193
 58
 6 10 11 12 13 15 16 20 23 24 25 27 28 30 31 32 33 36 40 42 52 58 59 63 69 71 74 83 90 93 96 101 111 115 120 127 133 136 143 144 146 148 150 151 153 158 159 165 171 172 173 178 179 182 188 191 193 199
 49
 6 10 11 12 13 15 16 20 23 24 27 30 31 32 33 36 40 43 58 63 69 83 96 101 106 111 115 120 125 127 136 138 143 144 146 151 153 156 159 161 165 171 173 179 183 188 190 192 193
 49
 6 10 11 12 13 15 16 20 23 24 27 30 31 32 33 40 41 43 58 63 69 83 96 98 101 106 111 112 115 120 123 127 136 138 143 144 151 153 158 159 161 162 165 171 173 179 188 190 193
 50
 6 10 11 12 13 15 16 23 24 27 30 31 32 33 36 40 41 43 58 63 69 74 83 86 96 98 101 111 112 115 120 123 127 136 138 143 146 148 151 153 159 161 165 171 173 179 188 191 193 194
 54
 6 10 11 12 13 15 16 23 25 26 27 31 32 33 36 40 58 61 63 69 70 74 77 80 83 84 90 96 98 105 111 112 115 120 123 130 136 142 143 146 148 151 158 159 162 165 171 178 180 182 186 187 192 193
 54
 6 10 11 12 13 15 16 23 27 30 31 32 33 36 40 46 58 63 69 76 80 90 93 96 101 106 111 115 120 122 125 127 136 143 146 150 151 153 159 162 163 165 171 172 173 174 178 179 182 188 190 191 193 194
 55
 6 10 11 12 13 16 17 20 23 27 30 31 32 33 36 40 41 58 63 69 74 76 80 90 96 101 105 106 110 111 112 113 115 120 124 127 136 143 144 145 146 148 151 153 156 159 162 165 171 172 173 179 188 193 194
 62
 6 10 11 12 13 16 20 23 25 27 31 32 33 36 38 40 55 58 59 63 65 69 71 74 77 80 86 92 96 98 106 109 111 112 115 116 120 123 124 127 136 143 144 146 148 151 156 158 159 162 164 165 171 172 173 174 179 182 188 190 193 199
 57
 6 10 11 12 13 16 20 23 25 27 31 32 33 36 39 40 52 55 58 62 63 64 69 70 72 74 80 86 96 106 109 111 112 115 116 120 127 136 143 144 146 147 148 151 158 159 165 167 169 171 172 173 179 183 188 193 194
 51
 6 10 11 12 13 16 20 23 27 31 32 33 36 38 40 46 52 53 58 63 69 71 74 86 88 96 99 111 112 115 120 127 136 143 144 146 148 150 151 159 163 167 171 172 173 179 180 182 188 193 194
 54
 6 10 11 12 13 16 23 25 27 30 31 32 33 36 40 43 58 63 69 70 74 77 80 85 86 96 98 111 115 120 123 124 127 130 136 141 142 143 144 146 148 150 151 153 158 159 165 171 172 188 190 191 192 193
 49
 6 10 11 12 13 16 23 26 27 30 31 32 33 36 39 40 58 63 64 69 70 73 83 96 101 107 111 115 119 120 124 127 130 136 141 143 144 146 148 150 151 159 165 171 173 179 188 191 193
 54
 6 10 11 12 13 16 23 26 27 31 32 33 36 38 40 46 58 59 63 69 74 77 80 86 88 96 99 101 103 106 111 115 120 125 127 136 143 144 146 148 150 151 153 158 159 162 165 171 172 179 188 190 193 194
 50
 6 10 11 12 13 16 23 27 28 30 31 32 33 36 40 43 47 55 58 63 66 69 74 86 95 96 98 111 115 116 120 123 125 127 130 136 141 143 147 151 153 159 161 165 171 172 174 180 187 193
 51
 6 10 11 12 13 16 23 27 31 32 33 36 40 41 46 58 63 69 74 88 90 92 96 101 106 111 112 113 115 116 120 125 127 130 136 143 144 146 148 151 153 159 162 165 171 173 178 179 187 188 193
 44
 6 10 11 12 13 16 31 32 33 63 68 69 74 76 88 90 92 96 105 111 112 115 120 123 124 127 133 136 143 144 146 147 151 153 159 162 165 171 172 179 188 190 191 193
 47
 6 10 11 12 14 15 16 23 27 31 32 33 38 40 52 58 63 69 75 80 86 96 101 103 106 109 111 112 115 120 125 127 129 136 137 143 151 158 159 162 165 169 171 180 188 193 194
 47
 6 10 11 12 14 15 16 23 27 31 32 33 40 41 52 58 63 64 69 74 80 83 86 96 101 105 106 109 111 112 115 120 125 127 136 137 143 151 153 156 159 162 165 169 171 191 193
 48
 6 10 11 12 14 16 20 23 25 26 27 30 31 32 33 36 38 40 58 63 69 74 82 86 88 96 99 111 112 115 116 120 127 136 143 148 150 151 153 156 159 165 171 173 178 179 182 193
 50
 6 10 11 12 14 16 20 23 26 27 30 31 32 33 36 40 41 58 63 69 74 82 88 90 96 99 109 111 115 116 120 127 130 136 143 144 146 148 150 151 153 159 162 165 171 173 179 180 188 193
 50
 6 10 11 12 14 16 20 23 26 27 30 31 32 33 36 40 52 55 58 63 69 74 82 88 96 99 101 106 111 115 116 120 127 136 143 144 146 148 150 151 153 159 162 165 171 173 179 180 188 193
 46
 6 10 11 12 15 16 18 23 27 31 32 33 36 38 40 58 59 63 64 69 71 73 74 83 94 96 101 111 112 115 120 127 130 132 136 143 144 146 147 148 151 154 159 165 171 188
 45
 6 10 11 12 15 16 18 23 27 31 32 33 36 40 58 59 63 64 69 74 81 83 94 96 101 111 112 115 120 127 129 136 141 143 144 146 148 150 151 153 154 165 171 182 188
 45
 6 10 11 12 15 16 18 23 27 31 32 33 36 40 58 59 63 69 74 80 81 83 90 94 96 101 108 109 111 112 115 120 127 129 136 143 144 146 151 163 171 174 180 186 188
 44
 6 10 11 12 15 16 18 23 27 31 32 33 36 40 58 59 63 69 74 81 83 94 96 101 111 112 115 120 127 129 134 136 141 143 144 146 147 148 150 151 159 165 171 188
 42
 6 10 11 12 15 16 18 23 27 31 32 33 36 58 59 63 69 73 74 90 94 96 101 108 109 111 112 115 120 127 129 136 141 143 144 146 148 150 151 154 171 180
 43
 6 10 11 12 15 16 18 23 31 32 33 36 40 58 59 63 69 74 90 94 96 101 108 109 111 112 115 120 127 129 136 141 143 144 150 151 153 171 174 180 182 186 188
 44
 6 10 11 12 15 16 19 23 27 30 31 32 33 36 40 58 63 68 69 84 86 96 111 112 115 120 123 124 125 136 138 143 146 151 153 156 159 162 165 171 174 180 190 193
 54
 6 10 11 12 15 16 20 22 23 27 30 31 32 33 36 38 40 41 55 58 63 69 74 80 81 86 95 96 105 111 115 120 124 125 127 129 136 137 143 144 146 148 151 153 158 159 162 165 171 174 185 188 190 193
 58
 6 10 11 12 15 16 20 23 24 25 26 27 28 30 31 32 33 36 40 41 42 46 58 59 63 69 74 76 80 83 86 90 93 96 101 106 111 112 115 120 123 127 136 143 146 148 151 158 159 165 171 173 179 182 183 188 193 199
 52
 6 10 11 12 15 16 20 23 24 27 30 31 32 33 36 38 40 41 44 58 63 66 69 77 83 96 98 101 106 111 112 115 120 127 130 136 138 143 144 146 148 151 153 159 161 162 165 171 173 179 190 193
 48
 6 10 11 12 15 16 20 23 24 27 31 32 33 36 40 41 43 63 69 72 74 83 96 98 111 112 115 120 123 127 136 138 143 144 151 153 158 159 161 162 165 171 173 179 180 191 193 194
 63
 6 10 11 12 15 16 20 23 27 28 30 31 32 33 36 38 40 41 42 55 58 63 69 71 74 76 80 83 86 93 96 98 101 105 106 111 112 115 120 123 127 136 143 144 146 150 151 153 156 159 163 165 171 172 173 178 179 182 188 191 193 194 199
 46
 6 10 11 12 15 16 20 23 27 30 31 32 33 36 39 40 46 58 63 69 74 77 81 88 90 93 96 101 105 106 111 115 120 127 136 143 144 148 151 159 171 179 183 186 188 192
 48
 6 10 11 12 15 16 22 23 25 27 30 31 32 33 38 40 52 58 61 63 69 83 86 96 102 105 106 111 115 120 125 127 129 136 143 148 149 151 153 158 159 162 163 165 171 174 183 193
 46
 6 10 11 12 15 16 22 23 27 30 31 32 33 36 40 61 63 69 74 83 96 102 106 111 112 115 120 125 127 129 136 141 143 147 148 149 150 151 158 159 163 165 171 174 182 188
 53
 6 10 11 12 15 16 23 24 27 31 32 33 36 40 58 63 66 69 72 74 83 84 86 96 97 101 106 111 112 115 120 123 125 127 130 136 138 143 144 146 147 151 153 158 159 161 162 165 171 178 191 193 194
 53
 6 10 11 12 15 16 23 27 28 31 32 33 35 36 38 40 41 52 54 58 63 69 74 75 77 80 91 96 101 109 111 112 115 120 124 127 136 143 144 146 148 151 153 156 159 163 165 171 175 180 188 193 194
 41
 6 10 11 12 15 16 23 27 31 32 33 34 36 58 63 64 69 72 90 96 101 110 111 112 115 120 125 127 136 143 144 145 148 150 153 155 165 171 179 180 185
 43
 6 10 11 12 15 16 23 27 31 32 33 34 40 50 55 58 63 69 72 74 83 87 96 106 111 112 115 120 127 130 136 143 150 151 155 159 165 171 182 183 185 188 193
 52
 6 10 11 12 15 16 23 27 31 32 33 36 38 40 58 62 63 69 74 77 78 79 80 90 92 96 101 105 111 115 120 125 127 130 135 136 143 144 146 148 151 153 159 163 164 165 171 172 174 179 188 193
 47
 6 10 11 12 15 16 23 27 31 32 33 36 40 43 63 69 74 80 96 97 106 111 112 115 120 121 123 125 127 136 143 146 151 155 158 159 161 162 163 165 169 171 173 178 183 193 194
 48
 6 10 11 12 15 16 23 27 31 32 33 36 40 47 55 58 63 65 69 74 75 83 86 90 93 96 97 101 104 108 111 115 120 127 135 136 143 148 151 153 159 162 163 165 171 179 188 193
 53
 6 10 11 12 15 16 23 27 31 32 33 36 40 58 63 69 74 80 81 83 86 96 97 106 111 112 113 115 120 123 125 127 130 136 138 143 144 146 151 153 155 159 162 165 170 171 172 173 178 183 190 191 193
 51
 6 10 11 12 15 16 23 27 31 32 33 36 40 58 63 69 74 81 83 84 86 96 97 106 111 112 113 115 120 123 124 125 127 130 136 138 143 144 146 151 153 159 162 165 171 172 173 174 178 190 193
 53
 6 10 11 12 15 16 23 27 31 32 33 36 45 47 58 62 63 64 65 69 72 74 90 96 101 110 111 112 115 120 125 127 136 143 144 146 148 151 153 154 156 159 162 165 171 172 173 179 180 188 191 193 199
 50
 6 10 11 12 15 16 23 27 31 32 33 38 40 41 50 63 66 69 70 74 75 80 96 106 109 111 112 115 120 125 127 129 132 136 143 150 151 153 156 159 161 162 165 169 171 174 180 190 193 194
 43
 6 10 11 12 15 16 31 32 33 34 36 38 40 50 58 63 69 72 74 80 96 103 106 111 112 115 120 124 127 136 143 144 148 151 155 165 168 171 180 182 185 188 193
 46
 6 10 11 12 15 16 31 32 33 36 37 40 58 60 63 69 74 82 83 96 101 105 106 110 111 115 120 127 130 136 141 142 143 146 148 151 159 165 167 170 171 172 179 188 191 193
 38
 6 10 11 12 15 31 32 33 36 63 69 81 93 96 104 106 108 111 115 120 122 125 127 130 136 143 146 151 155 162 163 165 171 172 178 179 191 194
 49
 6 10 11 12 16 19 20 23 27 30 31 32 33 36 38 40 46 48 52 58 63 69 74 76 80 96 101 111 112 115 120 125 127 136 140 143 144 146 148 150 151 159 165 171 172 175 179 188 195
 45
 6 10 11 12 16 19 20 27 31 32 33 36 39 40 46 48 58 63 69 74 80 96 101 106 111 112 115 120 125 127 136 140 143 144 146 148 150 151 159 171 175 179 187 188 195
 54
 6 10 11 12 16 19 23 24 27 30 31 32 33 36 38 40 41 45 58 59 63 68 69 72 74 80 96 111 112 115 120 124 125 127 136 143 144 146 150 151 153 156 158 159 162 165 171 175 178 179 180 183 193 194
 54
 6 10 11 12 16 19 23 25 27 31 32 33 36 38 40 50 52 58 62 63 69 74 75 77 80 86 96 98 106 111 112 115 120 124 125 127 135 136 139 142 143 144 146 151 159 162 165 171 178 183 188 190 193 194
 49
 6 10 11 12 16 19 23 27 30 31 32 33 36 38 40 43 50 58 62 63 69 74 75 77 85 86 96 111 112 115 120 124 125 127 135 136 139 142 143 144 148 151 159 162 163 165 171 172 193
 52
 6 10 11 12 16 20 22 23 25 27 30 31 32 33 36 38 40 42 54 59 62 63 69 71 86 96 97 108 111 112 115 120 127 134 136 143 144 146 148 150 151 154 159 165 171 174 182 186 188 193 195 198
 54
 6 10 11 12 16 20 23 25 27 30 31 32 33 36 38 40 45 52 53 57 58 59 63 64 69 74 80 84 86 96 111 112 115 120 127 136 143 144 146 147 148 151 153 158 159 165 170 171 172 178 179 187 193 199
 55
 6 10 11 12 16 20 23 25 27 30 31 32 33 36 38 40 50 58 61 63 69 72 73 74 75 80 86 96 98 99 101 108 111 112 115 116 120 124 127 136 143 144 146 148 151 153 154 162 165 171 179 186 188 193 194
 56
 6 10 11 12 16 20 23 25 27 31 32 33 36 40 41 52 58 63 69 70 74 76 83 86 96 105 106 111 112 113 115 120 124 127 136 143 144 146 151 155 156 158 159 165 169 170 171 173 178 180 187 188 190 191 193 194
 54
 6 10 11 12 16 20 23 26 27 30 31 32 33 36 40 58 63 69 74 83 90 91 96 101 105 111 114 115 116 119 120 124 127 136 141 143 144 146 148 150 151 158 159 165 171 172 173 174 179 186 188 190 191 193
 46
 6 10 11 12 16 20 23 26 27 31 32 33 36 40 58 63 68 69 74 80 88 92 96 101 106 111 112 115 116 120 123 127 130 136 143 148 151 153 159 163 165 171 172 179 190 193
 45
 6 10 11 12 16 20 23 26 27 31 32 33 36 40 58 63 69 73 76 91 96 101 106 111 112 114 115 116 120 127 136 143 144 148 151 159 165 166 171 179 183 187 188 193 196
 55
 6 10 11 12 16 20 23 27 29 31 32 33 36 38 40 50 58 63 69 74 75 80 81 86 92 96 101 105 108 111 112 115 120 125 127 129 132 133 136 143 146 148 150 151 156 159 162 165 171 174 179 180 188 193 194
 46
 6 10 11 12 16 20 23 27 30 31 32 33 34 36 39 58 63 69 74 76 79 83 85 91 96 106 111 115 120 124 125 136 143 144 146 148 151 155 159 165 171 178 185 188 190 193
 48
 6 10 11 12 16 20 23 27 30 31 32 33 36 39 40 46 58 63 69 74 77 81 88 90 93 96 101 106 111 115 120 125 127 136 143 144 146 148 151 159 165 171 174 179 183 186 188 192
 56
 6 10 11 12 16 20 23 27 31 32 33 35 36 40 41 42 54 58 62 63 64 69 73 74 80 86 96 97 105 106 111 112 115 120 127 128 136 143 144 146 148 151 153 158 159 165 171 172 178 179 180 187 188 193 195 198
 56
 6 10 11 12 16 20 23 27 31 32 33 36 38 40 41 44 46 52 58 61 63 69 74 77 80 81 92 96 101 108 109 111 112 115 116 120 127 132 133 136 143 146 147 148 151 156 158 159 165 171 174 175 179 188 190 193
 47
 6 10 11 12 16 20 23 27 31 32 33 36 38 40 56 58 63 69 74 96 105 111 115 120 123 127 130 135 136 141 142 143 144 146 148 150 151 152 153 159 165 171 172 174 178 179 186
 52
 6 10 11 12 16 20 23 27 31 32 33 36 38 40 58 63 69 74 76 83 90 93 96 100 101 108 111 115 120 123 125 127 130 136 139 143 144 146 148 151 153 158 159 162 164 165 171 173 179 182 187 188
 51
 6 10 11 12 16 20 23 27 31 32 33 36 39 40 58 63 64 69 74 76 81 83 96 101 105 106 111 114 115 120 127 132 136 143 144 145 146 148 151 153 154 159 165 171 173 179 186 188 191 193 196
 47
 6 10 11 12 16 20 23 27 31 32 33 36 40 56 58 63 69 74 83 90 96 105 111 112 115 120 127 130 135 136 141 142 144 150 151 152 153 159 163 165 171 172 174 178 179 183 193
 44
 6 10 11 12 16 20 31 32 33 36 40 58 63 64 68 69 74 88 92 96 101 106 111 115 116 120 124 127 130 133 136 143 146 148 151 153 159 165 171 173 179 183 188 190
 58
 6 10 11 12 16 21 23 25 27 31 32 33 36 38 39 40 42 50 58 59 61 63 69 71 72 73 76 80 86 90 96 98 109 111 112 115 120 124 127 130 136 143 144 148 151 156 158 159 165 171 173 174 179 180 188 190 193 195
 45
 6 10 11 12 16 21 23 25 27 31 32 33 38 40 41 44 55 62 63 65 69 74 96 106 111 115 120 127 129 135 136 143 144 146 151 154 159 165 171 172 175 187 193 195 198
 53
 6 10 11 12 16 22 23 27 28 31 32 33 36 39 40 47 52 54 58 59 63 69 71 73 74 81 96 97 108 111 112 115 116 120 127 130 136 143 144 146 148 150 151 158 159 165 171 174 183 186 188 193 195
 59
 6 10 11 12 16 22 23 27 30 31 32 33 36 38 40 52 58 63 66 69 74 75 80 81 83 95 96 97 101 106 109 111 112 115 120 124 127 132 136 137 143 144 146 147 148 150 151 153 156 159 165 171 174 180 182 187 188 193 194
 60
 6 10 11 12 16 23 24 27 30 31 32 33 36 40 47 58 62 63 64 65 69 71 72 74 75 80 83 96 105 111 112 115 120 124 125 127 133 136 143 144 146 147 148 150 151 153 159 165 170 171 174 176 178 179 180 182 183 187 190 193
 48
 6 10 11 12 16 23 24 27 31 32 33 35 36 38 40 59 60 63 64 69 77 80 96 106 108 111 115 120 127 130 136 143 146 147 151 156 158 159 160 162 163 165 171 174 180 183 193 198
 53
 6 10 11 12 16 23 25 26 27 31 32 33 36 38 40 44 58 59 63 69 73 74 83 85 90 96 101 108 111 112 114 115 116 120 123 124 127 128 136 143 144 146 148 151 153 159 165 171 179 183 187 188 196
 51
 6 10 11 12 16 23 25 27 30 31 32 33 36 40 41 45 57 58 63 69 73 74 80 96 101 106 109 111 112 115 120 125 127 136 143 144 146 148 151 157 158 159 165 170 171 173 178 179 188 193 199
 51
 6 10 11 12 16 23 26 27 28 30 31 32 33 36 40 43 47 54 61 63 65 69 73 74 75 81 86 96 106 108 111 115 116 120 127 130 136 144 146 148 151 153 159 161 165 171 172 173 174 188 193
 52
 6 10 11 12 16 23 26 27 28 31 32 33 36 39 40 46 47 54 58 59 63 69 73 74 75 76 81 96 97 108 111 115 116 120 127 136 143 146 148 150 151 153 158 159 162 165 171 179 187 188 193 195
 50
 6 10 11 12 16 23 26 27 29 30 31 32 33 36 39 40 41 54 58 63 69 75 81 90 96 101 105 111 115 120 127 130 136 139 143 144 146 148 151 152 153 156 159 162 163 165 171 174 188 193
 51
 6 10 11 12 16 23 26 27 30 31 32 33 36 40 46 58 59 63 69 74 80 81 90 96 105 107 111 112 115 120 130 133 136 139 143 144 146 148 150 151 153 159 164 165 171 172 174 178 188 193 196
 45
 6 10 11 12 16 23 26 27 31 32 33 36 39 40 58 63 68 69 74 76 88 90 92 96 105 106 111 115 120 127 130 136 143 144 148 151 158 159 165 171 172 179 188 191 193
 45
 6 10 11 12 16 23 26 27 31 32 33 36 39 40 58 63 68 69 74 76 88 92 96 106 111 115 120 127 130 136 143 144 146 148 151 158 159 165 171 174 178 179 188 190 193
 51
 6 10 11 12 16 23 26 27 31 32 33 36 40 58 63 64 69 73 74 96 101 105 111 112 114 115 116 120 124 128 132 133 134 136 141 143 144 146 148 151 153 159 165 171 179 182 186 188 191 193 196
 53
 6 10 11 12 16 23 27 29 30 31 32 33 36 40 58 59 62 63 69 71 77 79 80 81 90 92 96 101 108 111 112 115 120 127 132 136 143 144 148 151 159 163 164 165 171 172 173 174 179 180 187 188 193
 49
 6 10 11 12 16 23 27 29 31 32 33 36 40 50 58 63 69 74 75 77 80 81 85 92 96 108 111 112 115 120 124 125 127 133 136 143 146 148 150 151 154 156 159 165 171 179 183 188 193
 52
 6 10 11 12 16 23 27 29 31 32 33 36 40 52 55 58 59 61 63 64 66 69 95 96 105 111 112 115 120 127 129 130 133 136 143 146 147 148 151 153 158 159 165 171 172 174 180 188 193 194 195 198
 52
 6 10 11 12 16 23 27 30 31 32 33 36 40 58 63 69 72 80 81 83 95 96 101 108 111 112 115 120 123 124 127 134 136 137 143 144 148 150 151 156 159 165 171 172 178 180 183 185 186 188 193 194
 43
 6 10 11 12 16 23 27 30 31 32 33 36 40 58 63 69 74 83 90 96 107 111 112 115 119 120 127 136 139 143 144 148 151 152 153 159 165 171 172 178 179 187 188
 39
 6 10 11 12 16 23 27 30 31 32 33 36 63 69 74 90 96 107 111 115 119 120 127 136 139 143 144 146 151 152 159 165 171 172 173 174 178 179 186
 41
 6 10 11 12 16 23 27 31 32 33 34 36 40 50 55 58 63 69 72 74 83 87 90 96 106 111 115 120 127 136 143 151 155 159 162 165 171 174 182 185 193
 45
 6 10 11 12 16 23 27 31 32 33 34 36 50 58 63 69 72 74 80 83 87 96 106 111 112 115 120 125 127 136 143 144 146 148 150 151 155 165 171 174 180 185 188 191 193
 50
 6 10 11 12 16 23 27 31 32 33 36 38 40 44 58 61 62 63 65 69 74 83 95 96 100 105 106 111 112 115 120 124 127 136 143 146 148 151 153 156 158 159 165 171 172 174 182 188 193 198
 53
 6 10 11 12 16 23 27 31 32 33 36 38 40 50 58 61 63 65 69 74 75 80 83 86 96 97 101 111 112 115 120 124 125 127 133 135 136 139 142 143 146 148 150 151 153 156 159 165 171 182 188 192 193
 51
 6 10 11 12 16 23 27 31 32 33 36 40 41 47 62 63 69 73 83 84 86 93 96 101 105 106 108 109 111 112 115 120 125 127 136 143 146 148 150 151 153 157 159 162 163 165 171 174 178 183 193
 40
 6 10 11 12 16 23 27 31 32 33 36 40 41 58 63 67 69 96 101 111 112 115 120 136 143 144 146 148 150 151 156 157 159 165 167 171 177 179 188 193
 51
 6 10 11 12 16 23 27 31 32 33 36 40 44 47 58 59 63 69 74 75 83 90 93 96 101 104 108 111 112 115 120 125 127 135 136 143 144 146 148 151 153 156 159 162 163 165 171 172 178 191 193
 36
 6 10 11 12 16 23 27 31 32 33 36 40 53 64 69 90 96 105 110 111 115 120 126 133 136 139 143 144 145 148 150 151 159 171 185 193
 40
 6 10 11 12 16 23 27 31 32 33 36 40 58 63 64 69 73 90 96 110 111 115 120 126 127 132 134 136 143 148 150 151 154 158 159 162 171 182 185 190
 44
 6 10 11 12 16 23 27 31 32 33 38 40 41 52 58 63 69 75 80 96 101 111 113 115 120 127 133 136 137 143 150 151 153 156 159 162 165 169 171 172 188 191 193 194
 41
 6 10 11 12 16 23 31 32 33 36 38 40 48 58 63 69 81 83 90 96 108 111 112 115 117 120 127 131 136 139 143 144 148 151 159 163 171 178 183 193 194
 46
 6 10 11 12 16 25 27 31 32 33 36 40 55 58 63 64 69 74 83 96 101 105 110 111 112 115 120 125 126 127 132 133 134 136 143 144 146 148 150 151 153 165 171 185 188 193
 48
 6 10 11 12 16 25 31 32 33 36 39 40 46 58 63 69 71 73 74 76 80 81 96 101 105 111 112 115 116 120 125 126 127 132 134 136 141 143 144 148 150 151 153 159 171 178 185 188
 52
 6 10 11 12 16 27 31 32 33 34 36 38 40 50 58 63 69 72 74 80 81 83 90 96 101 105 111 112 115 120 123 125 127 130 136 143 144 146 148 150 151 153 155 159 165 171 174 178 183 185 188 193
 33
 6 10 11 12 16 27 31 32 33 36 53 55 63 64 69 90 96 105 110 111 115 126 133 136 139 143 144 145 151 171 185 188 193
 40
 6 10 11 12 16 31 32 33 36 38 40 48 58 63 69 83 96 111 115 117 120 127 131 136 139 141 143 144 146 148 151 153 163 171 172 178 183 187 188 194
 43
 6 10 11 12 16 31 32 33 36 40 58 63 64 69 73 74 90 96 101 105 110 111 112 115 120 123 125 126 127 132 133 134 136 143 144 148 150 151 165 171 185 187 188
 43
 6 10 11 12 16 31 32 33 36 40 58 63 64 69 74 90 96 101 105 110 111 115 120 123 125 126 127 132 133 134 136 143 144 146 148 150 151 153 171 182 185 187 188
 41
 6 10 11 12 16 31 32 33 36 44 58 63 64 69 73 74 90 96 105 110 111 112 115 120 125 126 127 132 133 134 136 143 144 146 148 150 151 165 171 185 188
 32
 6 10 11 12 16 31 32 33 53 55 63 64 69 90 96 105 110 111 115 120 126 127 133 136 139 143 145 148 151 171 185 193
 45
 6 10 11 12 23 25 27 31 32 33 34 36 40 50 55 58 63 80 81 85 90 96 106 108 111 112 115 120 125 130 133 136 139 143 144 150 151 155 159 165 171 172 178 180 185
 37
 6 10 11 12 23 27 31 32 33 36 40 41 58 63 67 69 96 111 115 120 127 136 143 144 146 150 151 155 156 157 159 165 167 171 177 188 193
 38
 6 10 11 12 23 27 31 32 33 36 40 58 63 67 69 86 96 101 111 112 115 120 127 136 143 144 146 150 151 155 157 159 162 167 171 177 188 193
 47
 6 10 11 13 15 23 27 31 32 33 36 38 40 41 46 55 58 63 69 70 74 86 96 99 101 106 111 112 115 120 122 127 130 136 143 144 151 159 165 171 173 179 180 188 191 193 194
 47
 6 10 11 13 16 23 27 30 31 32 33 36 40 58 60 63 69 73 74 80 88 92 96 101 105 111 113 115 116 120 127 130 136 143 146 148 150 151 158 159 165 171 173 179 187 191 193
 54
 6 10 11 14 15 16 23 27 31 32 33 36 40 58 63 69 72 74 80 86 88 90 92 96 97 106 109 111 112 115 116 120 125 127 130 136 143 144 146 147 150 151 153 159 162 165 171 172 173 179 180 188 191 193
 42
 6 10 11 14 16 23 27 30 31 32 36 58 63 65 69 72 75 83 90 96 97 111 115 120 127 136 137 143 146 148 151 153 159 160 162 165 171 173 174 188 192 193
 44
 6 10 11 15 16 18 23 27 31 32 33 36 40 58 59 63 64 69 74 80 83 90 94 96 106 108 111 112 115 120 127 128 129 136 143 144 146 148 151 153 165 171 178 188
 57
 6 10 11 15 16 20 23 24 27 31 32 33 36 38 40 41 58 63 66 69 71 74 86 90 96 101 109 111 112 114 115 120 125 127 133 136 143 144 147 150 151 153 156 158 159 161 162 165 171 173 174 178 179 181 182 183 193
 47
 6 10 11 15 16 20 23 27 30 31 32 33 34 36 39 40 46 58 63 69 74 79 83 85 91 96 106 111 115 120 124 136 143 144 146 148 150 151 155 159 165 171 182 185 188 190 193
 49
 6 10 11 15 16 22 23 27 31 32 33 36 38 40 58 61 63 69 74 80 83 86 96 102 106 109 111 112 115 120 125 127 136 141 143 144 146 148 149 151 159 162 163 165 171 180 182 188 193
 41
 6 10 11 15 16 23 27 31 32 33 34 36 38 40 50 55 58 63 69 96 101 106 111 112 115 120 124 127 136 143 144 146 151 155 159 165 168 171 185 188 194
 52
 6 10 11 15 16 23 27 31 32 33 35 36 38 40 43 52 58 62 63 69 71 74 80 96 111 112 115 120 127 130 136 143 144 146 148 150 151 159 163 165 171 173 174 176 179 180 181 182 183 188 193 199
 45
 6 10 11 15 16 23 27 31 32 33 40 41 52 63 69 74 80 86 90 96 105 106 111 113 115 120 125 127 136 137 143 148 151 153 159 162 165 169 171 172 187 188 191 193 194
 43
 6 10 11 15 20 23 27 31 32 33 36 38 46 58 63 69 74 75 76 96 99 101 106 111 115 120 122 127 136 143 144 146 148 151 157 159 162 165 171 173 188 193 194
 45
 6 10 11 16 19 20 23 26 27 31 32 33 36 40 58 63 69 72 74 80 81 83 96 104 107 111 115 119 120 136 143 144 146 148 151 158 159 165 171 172 173 179 187 188 193
 53
 6 10 11 16 20 22 23 25 27 30 31 32 33 36 39 40 41 45 53 57 58 63 64 69 74 79 83 86 90 96 106 111 112 115 120 124 127 136 143 144 146 148 151 159 171 173 174 178 179 180 182 188 193
 55
 6 10 11 16 20 22 23 27 30 31 32 33 35 36 39 41 42 58 63 69 74 80 83 86 89 96 106 111 112 115 120 125 127 134 136 141 143 144 146 148 151 156 158 159 161 162 165 171 172 173 174 188 190 191 193
 41
 6 10 11 16 20 23 25 27 31 32 33 36 57 58 60 63 69 81 83 96 101 111 115 117 120 127 136 143 144 146 148 151 159 171 174 178 179 188 191 194 196
 44
 6 10 11 16 20 23 26 27 30 31 32 33 36 40 58 63 68 69 73 80 88 92 96 111 112 115 116 120 123 130 136 143 144 148 151 153 159 165 171 172 178 179 188 193
 51
 6 10 11 16 20 23 27 30 31 32 33 36 38 40 58 63 69 73 74 80 91 96 103 111 112 115 116 120 124 126 136 143 144 146 148 150 151 158 159 162 165 171 172 173 179 182 185 187 188 190 193
 44
 6 10 11 16 20 23 27 31 32 33 36 37 39 58 61 63 66 69 73 82 88 96 99 109 111 112 115 120 127 136 143 144 147 148 151 159 162 165 171 179 182 188 191 193
 51
 6 10 11 16 21 23 26 27 31 32 33 35 36 40 41 42 44 58 60 63 65 66 69 96 97 105 111 112 115 120 127 129 136 143 144 148 151 153 156 159 165 171 173 178 179 180 186 188 193 198 199
 43
 6 10 11 16 22 23 25 27 31 32 33 40 58 63 69 75 86 96 97 102 106 108 109 111 112 115 120 127 129 132 136 143 144 148 149 151 158 159 162 165 171 182 188
 43
 6 10 11 16 22 23 27 30 31 32 33 35 36 41 62 63 69 83 86 96 102 111 112 115 120 127 129 136 143 144 147 148 149 151 153 158 159 162 165 171 174 188 193
 46
 6 10 11 16 22 23 27 30 31 32 33 40 41 52 58 61 63 69 71 74 81 83 86 96 102 106 109 111 112 115 120 125 127 136 141 143 149 151 159 165 171 174 180 182 183 193
 44
 6 10 11 16 23 25 27 30 31 32 33 36 40 45 46 53 55 57 58 63 69 80 83 96 111 115 117 120 127 136 143 144 148 151 159 171 178 179 180 188 191 193 194 199
 43
 6 10 11 16 23 26 27 31 32 33 36 39 46 58 63 64 69 72 76 83 86 89 90 96 105 107 111 112 115 120 125 136 143 150 151 159 162 165 171 174 188 193 194
 48
 6 10 11 16 23 27 29 31 32 33 36 40 50 58 63 64 65 69 74 75 80 81 92 96 101 108 111 112 115 120 127 129 132 133 136 143 146 147 148 150 151 159 165 171 179 188 193 194
 43
 6 10 11 16 23 27 31 32 33 35 38 40 41 44 52 58 63 69 74 75 80 86 96 111 113 115 120 127 133 136 143 150 151 159 162 165 169 171 172 193 194 195 198
 45
 6 10 11 16 23 27 31 32 33 35 38 40 41 58 63 69 74 80 86 96 97 105 111 112 113 115 120 125 127 136 143 146 150 151 154 158 159 165 169 171 178 187 190 193 198
 46
 6 10 11 16 23 27 31 32 33 36 38 40 48 52 58 63 68 69 74 79 80 81 83 89 90 96 101 111 112 115 120 124 125 127 136 143 144 146 148 151 159 165 171 179 188 193
 50
 6 10 11 16 23 27 31 32 33 36 40 41 47 55 58 62 63 69 75 81 83 93 96 101 104 106 108 111 115 120 125 127 135 136 143 144 146 148 150 151 153 156 159 162 165 171 174 178 188 193
 43
 6 10 11 16 23 27 31 32 33 36 40 41 52 63 69 74 75 80 86 94 96 111 112 113 115 120 125 127 133 136 143 146 150 151 155 159 162 165 169 171 172 179 193
 36
 6 10 11 16 23 27 31 32 33 36 41 63 67 69 96 101 111 112 115 120 127 136 143 144 146 148 151 155 156 157 165 167 171 177 188 193
 38
 6 10 11 16 23 27 31 32 33 36 48 58 63 69 74 96 104 105 111 112 115 120 127 131 136 139 143 145 146 148 151 159 171 172 179 188 191 193
 34
 6 10 11 16 23 27 31 32 33 53 63 64 69 90 96 101 105 110 111 115 126 133 136 139 143 144 145 151 158 159 171 185 188 193
 45
 6 10 11 16 23 31 32 33 36 40 55 58 63 64 69 73 74 90 96 101 105 110 111 112 115 120 126 127 132 133 134 136 143 144 146 148 151 153 162 165 171 182 185 188 193
 41
 6 10 11 16 31 32 33 36 40 58 63 64 69 73 80 90 96 105 110 111 112 115 120 126 127 132 133 134 136 143 144 146 148 151 162 171 178 182 185 187 188
 48
 6 10 12 13 16 20 22 23 27 30 31 32 33 35 36 40 58 63 69 72 76 80 83 86 96 106 107 111 112 115 120 127 130 136 143 144 151 153 158 159 165 171 173 174 179 182 193 197
 52
 6 10 12 13 16 23 27 31 32 33 36 38 39 40 58 63 66 69 74 75 76 80 86 88 96 99 106 111 112 115 120 127 133 136 143 144 146 147 148 150 151 159 162 165 171 179 187 188 190 193 194 195
 41
 6 10 12 13 16 27 30 31 32 33 36 56 63 66 69 70 74 80 84 96 111 112 115 120 136 142 143 145 146 150 151 158 164 165 171 178 179 182 183 188 193
 44
 6 10 12 14 15 16 23 27 31 32 33 36 37 40 52 58 63 64 69 71 75 83 95 96 105 111 112 115 120 127 136 137 143 144 147 150 151 153 159 165 171 188 193 199
 48
 6 10 12 15 16 20 23 24 27 31 32 33 36 40 41 58 63 66 69 74 81 83 96 98 105 111 112 115 120 124 127 136 138 143 144 148 151 153 156 159 161 165 171 173 179 190 192 193
 51
 6 10 12 15 16 20 23 24 27 31 32 33 36 41 43 58 63 64 69 74 81 83 96 98 101 105 106 111 112 115 120 127 136 138 143 144 146 148 151 153 158 159 161 162 165 171 173 179 180 191 193
 55
 6 10 12 15 16 22 23 27 28 30 31 32 33 35 36 40 47 54 58 61 63 65 69 71 74 81 83 86 90 96 97 105 111 112 115 116 120 127 130 136 143 144 148 151 153 158 159 165 171 172 173 188 191 193 195
 46
 6 10 12 15 16 23 27 31 32 33 34 36 40 50 58 63 69 73 80 83 90 96 101 106 111 112 115 120 127 136 143 145 150 151 153 154 155 159 162 163 165 171 180 185 188 191
 36
 6 10 12 16 19 23 27 31 32 33 48 52 58 63 69 71 80 83 90 96 105 111 115 117 123 127 131 136 139 143 148 151 153 171 193 194
 55
 6 10 12 16 20 21 23 25 27 31 32 33 36 38 40 41 42 44 55 58 62 63 65 66 69 73 74 80 96 101 105 111 115 120 127 129 135 136 143 144 146 148 151 159 161 163 165 171 178 179 180 188 193 195 198
 47
 6 10 12 16 20 23 25 27 30 31 32 33 36 58 63 69 70 76 96 101 105 111 113 115 120 132 133 136 143 144 146 148 150 151 159 164 165 167 169 171 173 178 179 187 188 191 193
 54
 6 10 12 16 20 23 27 28 30 31 32 33 36 39 40 43 47 52 55 58 63 69 74 75 80 95 96 98 101 109 111 112 115 116 120 125 127 136 143 146 150 151 156 159 165 171 173 178 180 183 186 187 188 193
 52
 6 10 12 16 20 23 27 31 32 33 36 38 39 40 58 63 64 69 74 76 80 81 96 105 111 114 115 120 124 127 128 133 134 136 141 143 144 146 148 150 151 153 159 165 171 173 182 186 187 188 193 196
 53
 6 10 12 16 23 25 27 29 30 31 32 33 36 40 41 44 58 59 61 63 69 83 86 90 95 96 101 105 106 111 112 115 120 125 127 130 133 136 143 148 151 153 154 159 162 165 171 178 187 188 193 195 198
 51
 6 10 12 16 23 25 27 31 32 33 35 36 40 41 43 54 58 62 63 66 69 74 75 88 96 101 105 109 111 112 115 120 127 136 141 143 144 146 148 151 153 159 165 171 179 183 188 191 192 193 194
 37
 6 10 12 16 23 26 27 31 32 33 36 58 63 69 74 83 85 96 101 106 111 114 115 120 127 136 143 151 159 165 171 174 175 179 188 195 197
 53
 6 10 12 16 23 27 30 31 32 33 36 38 40 44 58 63 69 80 83 85 96 101 105 111 112 114 115 120 127 128 134 136 141 143 144 146 148 150 151 155 159 164 165 171 172 173 174 179 182 188 191 193 196
 51
 6 10 12 16 23 27 30 31 32 33 36 40 58 63 64 69 70 74 80 83 96 101 105 111 112 114 115 120 127 128 132 134 136 141 143 144 146 148 150 151 159 165 171 173 174 179 182 183 188 193 196
 42
 6 10 12 16 23 27 30 31 32 33 36 40 63 69 74 90 96 107 111 115 119 120 127 130 136 139 143 144 146 148 151 152 153 159 165 171 172 178 179 186 188 193
 43
 6 10 12 16 23 27 31 32 33 36 40 58 59 63 69 83 96 101 105 107 111 112 115 120 123 127 130 134 136 143 144 151 152 153 159 165 171 172 174 178 179 193 196
 36
 6 10 12 19 20 23 27 30 31 33 36 48 58 63 66 69 74 79 91 96 111 115 120 124 131 136 146 151 153 155 159 171 173 178 179 187
 42
 6 10 12 20 23 25 27 31 32 33 36 58 63 67 69 74 86 96 101 111 115 120 127 136 143 144 146 148 151 158 159 164 165 167 171 172 173 177 179 182 188 193
 50
 6 10 13 16 23 27 31 32 33 36 40 58 59 63 69 73 74 76 80 81 96 101 106 111 114 115 116 120 124 127 136 143 144 145 146 148 150 151 153 154 159 163 165 171 179 183 186 188 193 196
 49
 6 10 15 16 23 27 31 32 33 36 38 40 41 44 58 61 63 69 70 81 94 96 101 102 106 108 111 115 120 125 127 133 136 143 144 146 151 154 156 159 162 163 165 171 174 182 186 193 195
 38
 6 10 16 19 23 27 30 31 32 33 36 40 48 52 58 63 69 74 79 87 96 111 115 120 127 131 136 144 148 151 159 170 171 174 179 182 183 188
 46
 6 10 16 19 23 27 31 32 33 36 40 58 63 69 74 80 83 85 96 107 111 115 117 119 120 124 127 130 136 143 144 146 150 151 153 155 159 165 171 173 174 179 190 191 193 194
 37
 6 10 16 20 23 26 27 30 31 32 33 36 58 63 69 74 78 83 96 106 111 114 115 124 127 136 144 148 151 153 159 165 171 179 188 193 197
 39
 6 10 16 20 23 27 30 31 32 33 36 38 48 52 58 63 69 74 79 83 96 111 115 120 124 127 131 136 144 148 151 155 159 168 171 173 179 182 188
 46
 6 10 16 22 23 25 27 30 31 33 36 38 40 61 63 69 71 74 83 86 90 96 102 111 112 115 120 123 127 129 136 143 144 148 149 150 151 156 158 159 162 163 165 171 183 193
 43
 6 10 16 22 23 27 31 32 33 35 36 40 41 58 62 63 69 74 96 102 106 111 115 120 127 129 136 143 144 147 148 149 150 151 153 156 158 159 171 180 182 188 193
 42
 6 10 16 22 23 27 31 32 33 35 36 40 41 62 63 69 74 83 96 102 106 111 115 120 127 129 136 143 144 147 148 149 150 151 156 158 159 171 180 182 188 193
 42
 6 10 16 23 25 27 31 32 33 36 40 41 58 63 69 75 86 96 97 102 106 108 111 112 115 120 125 127 128 129 132 136 143 144 148 149 151 158 159 171 186 193
 34
 6 10 16 23 26 27 31 32 33 36 58 63 69 74 76 83 96 100 106 111 114 115 127 136 144 146 151 159 165 171 179 182 193 197
 35
 6 10 16 23 26 27 31 32 33 36 58 63 69 76 78 83 96 106 111 114 115 127 136 144 146 148 151 153 165 171 179 182 188 193 197
 36
 6 10 16 23 26 27 31 32 33 36 58 63 69 78 83 96 106 111 114 115 127 136 143 144 148 151 153 159 165 171 179 182 188 190 193 197
 33
 6 10 16 23 26 27 31 32 33 36 63 69 76 83 96 100 106 111 114 115 127 136 143 144 146 151 165 171 179 182 188 193 197
 41
 6 10 16 23 26 27 31 32 33 40 41 46 54 58 63 69 75 96 100 103 111 115 120 125 127 129 130 136 143 148 151 159 162 165 171 179 183 186 193 195 198
 33
 6 10 16 23 26 31 32 33 36 58 63 69 76 78 83 96 106 111 114 115 127 136 144 148 151 153 165 171 179 182 188 193 197
 40
 6 10 16 23 27 30 31 32 33 36 40 48 52 58 63 69 80 83 84 96 111 112 115 120 124 127 131 136 143 144 148 150 151 159 164 168 171 188 193 194
 35
 6 10 16 23 27 30 31 32 33 36 58 63 69 74 76 83 96 100 106 111 114 115 124 127 136 144 146 148 151 165 171 179 188 193 197
 36
 6 10 16 23 27 31 32 33 36 58 63 69 74 76 83 96 100 106 111 114 115 124 127 136 143 144 148 151 158 159 165 171 179 188 193 197
 36
 6 10 16 31 32 33 36 40 48 58 63 69 71 96 104 111 112 115 120 123 127 128 130 131 132 136 148 150 151 163 171 172 179 182 183 191
 21
 6 10 16 31 32 33 36 51 58 63 69 83 96 103 111 115 118 127 136 155 165
 21
 6 10 16 31 32 33 36 51 58 63 69 83 96 111 115 118 127 136 153 155 165
 20
 6 10 16 31 32 33 51 58 63 69 83 96 103 111 115 118 127 136 155 165
 20
 6 10 16 31 32 33 51 58 63 69 83 96 111 115 118 127 136 153 155 165
 20
 6 10 16 31 32 36 51 58 63 69 83 96 103 111 115 118 127 136 155 165
 20
 6 10 16 31 32 36 51 58 63 69 83 96 111 115 118 127 136 153 155 165
 41
 6 11 12 14 16 23 27 31 32 40 41 58 63 69 80 85 86 96 101 111 112 115 120 124 125 127 136 137 143 151 153 156 159 160 165 171 188 191 192 193 195
 44
 6 11 12 15 16 17 23 27 30 31 32 33 36 58 63 68 69 74 83 91 96 101 105 106 111 115 120 125 127 136 143 144 146 148 151 153 162 165 171 174 188 189 190 193
 42
 6 11 12 15 16 18 31 32 36 38 40 41 58 63 69 74 96 101 105 109 111 115 120 121 125 127 136 143 144 145 146 148 150 151 153 154 156 163 165 171 178 188
 50
 6 11 12 15 16 23 27 31 32 35 36 40 52 58 63 69 71 74 75 80 81 86 96 101 111 112 113 115 120 125 127 130 136 143 146 150 151 153 156 158 159 160 162 165 171 174 180 190 193 198
 44
 6 11 12 15 16 23 27 31 32 40 41 43 58 63 69 74 96 97 101 111 115 120 121 125 127 135 136 143 146 151 153 156 158 159 161 162 165 169 171 178 186 191 193 194
 38
 6 11 12 15 31 32 33 36 63 69 81 93 96 104 106 108 111 115 120 122 125 127 130 136 143 146 151 155 159 163 165 171 172 178 179 191 193 194
 47
 6 11 12 16 18 23 27 31 32 33 36 38 40 58 63 69 73 80 81 90 96 101 106 109 111 112 115 120 121 125 127 132 133 136 141 143 144 148 150 151 159 165 171 172 178 188 193
 39
 6 11 12 16 18 31 32 33 36 38 40 58 63 69 74 83 90 96 109 111 112 115 120 121 125 127 132 136 143 144 145 146 151 154 162 165 171 193 194
 39
 6 11 12 16 18 31 32 33 36 38 41 58 63 69 73 74 80 83 90 96 106 109 111 115 120 121 127 136 143 144 145 148 151 154 156 162 165 171 188
 43
 6 11 12 16 18 31 32 33 36 40 58 63 69 73 74 90 96 101 106 109 111 112 115 120 121 125 127 136 143 144 145 146 148 151 153 154 159 162 165 171 188 191 193
 33
 6 11 12 16 19 23 27 31 32 36 48 63 69 74 87 96 111 115 127 131 136 143 144 148 151 153 157 159 170 171 174 183 193
 34
 6 11 12 16 19 23 27 31 32 36 48 63 69 87 96 111 115 120 127 131 136 143 144 148 150 151 153 157 159 170 171 174 183 193
 33
 6 11 12 16 19 23 27 31 32 48 63 69 74 87 96 111 115 120 127 131 136 143 144 148 151 153 157 159 170 171 174 183 193
 49
 6 11 12 16 23 25 27 31 32 33 36 38 40 58 59 63 69 73 74 77 79 83 90 93 96 101 105 106 108 111 115 120 125 127 136 143 144 146 148 151 153 159 163 164 165 171 175 191 194
 45
 6 11 12 16 23 27 31 32 33 36 40 44 49 56 58 63 64 69 72 74 80 83 85 96 105 111 112 115 120 127 136 143 144 146 148 150 151 153 159 168 171 172 188 189 193
 47
 6 11 12 16 23 27 31 32 35 36 38 40 52 58 62 63 69 71 74 80 83 96 106 108 111 113 115 120 125 127 133 136 143 146 150 151 159 160 162 163 165 171 172 180 188 193 198
 49
 6 11 12 16 23 27 31 32 36 38 40 58 63 64 69 70 74 84 90 96 101 105 111 112 115 120 126 127 132 133 134 136 143 146 151 153 159 162 165 170 171 178 183 185 187 188 191 193 194
 42
 6 11 12 16 23 27 31 32 36 40 58 61 63 65 69 80 90 96 105 111 113 115 120 125 127 136 137 143 146 148 150 151 159 160 165 171 172 187 188 191 193 194
 44
 6 11 12 16 23 27 31 32 37 38 40 41 58 62 63 69 71 75 82 86 96 97 101 111 112 115 120 125 127 136 137 143 151 153 156 159 160 162 165 171 172 191 193 195
 44
 6 11 12 16 23 27 31 32 38 40 41 44 58 62 63 69 71 80 96 106 111 112 113 115 120 125 127 136 137 143 150 151 153 156 159 160 162 165 171 172 188 190 191 193
 41
 6 11 12 16 23 27 31 32 38 40 62 63 69 71 80 83 85 90 96 111 113 115 120 125 127 136 137 143 148 150 151 153 159 160 162 165 171 188 191 193 194
 39
 6 11 12 16 23 27 31 32 40 44 58 62 63 64 69 71 80 90 96 111 112 115 120 127 133 136 137 143 148 150 151 159 160 171 185 188 191 193 194
 41
 6 11 13 16 17 23 27 31 32 33 36 52 56 58 63 69 74 80 96 101 111 112 115 120 127 136 143 148 151 153 158 159 162 165 168 171 172 182 189 190 193
 40
 6 11 14 15 16 27 31 32 33 36 40 58 63 69 83 84 96 105 111 113 115 120 125 127 136 138 143 144 151 153 159 162 165 171 172 174 187 191 193 194
 47
 6 11 15 16 23 27 31 32 33 36 38 40 58 63 69 74 77 79 83 86 93 96 101 111 112 115 120 127 136 139 143 144 146 148 151 158 159 163 164 165 171 175 178 183 186 193 195
 40
 6 11 16 18 31 32 33 36 38 41 58 63 69 73 74 83 90 96 101 106 109 111 115 120 121 125 127 132 136 143 144 145 146 148 151 156 162 165 171 188
 31
 6 11 16 19 23 27 30 31 32 33 48 58 59 63 69 79 84 96 106 112 115 120 125 133 136 140 143 151 171 175 195
 31
 6 11 16 19 23 27 30 31 32 33 48 58 59 63 69 79 84 96 106 115 120 125 133 136 140 143 151 159 171 175 195
 29
 6 11 16 19 23 27 31 32 33 48 58 63 69 74 79 84 85 96 106 125 136 140 143 151 159 171 174 175 195
 35
 6 11 16 19 23 27 31 32 36 40 48 58 63 69 74 80 91 96 111 112 115 120 127 131 136 143 144 150 151 157 159 170 171 187 193
 50
 6 11 16 23 27 31 32 33 36 40 41 53 58 60 63 69 70 74 75 84 86 96 97 106 111 112 115 120 127 132 136 143 151 155 156 158 159 162 164 165 167 169 170 171 178 188 190 191 193 194
 45
 6 11 16 23 27 31 32 36 38 40 41 52 61 63 69 71 74 80 90 96 101 105 111 112 113 115 120 127 136 137 143 148 150 151 158 159 160 162 165 171 172 187 188 190 193
 29
 6 11 19 29 31 32 33 36 48 58 63 69 74 90 111 115 118 125 127 136 140 143 144 146 148 151 162 171 188
 47
 6 12 13 16 23 27 31 32 33 36 38 40 49 52 56 58 63 69 74 80 83 96 101 105 111 112 115 120 124 127 136 143 144 146 148 151 153 159 163 165 168 171 187 188 189 190 193
 40
 6 12 13 16 30 31 32 33 48 58 63 69 70 71 80 83 84 90 96 101 111 112 115 120 124 127 128 130 131 136 144 146 151 154 159 163 171 183 186 193
 53
 6 12 15 16 23 27 31 32 33 36 38 40 41 58 59 63 69 71 74 79 80 83 90 93 96 101 105 106 111 112 115 120 127 136 139 143 144 146 148 150 151 153 156 159 162 164 165 171 175 178 183 188 193
 38
 6 12 15 31 32 33 36 63 69 81 93 96 104 106 108 111 115 120 122 125 127 130 136 143 146 151 155 159 162 163 165 171 172 178 179 191 193 194
 42
 6 12 16 18 23 25 27 31 32 33 36 38 55 58 63 69 83 96 101 106 108 109 111 112 115 120 121 127 128 136 141 144 148 150 151 154 162 165 171 174 188 193
 41
 6 12 16 18 23 25 31 32 33 36 38 55 58 63 69 83 96 101 106 108 109 111 112 115 120 121 127 128 136 141 144 148 150 151 154 162 165 171 174 188 193
 32
 6 12 16 19 23 27 31 32 36 48 63 69 71 74 87 96 111 112 115 127 131 136 143 148 151 157 159 170 171 183 188 193
 45
 6 12 16 23 27 30 31 32 33 34 36 53 58 63 69 74 79 83 90 96 101 103 105 111 115 120 127 136 143 144 146 148 151 153 155 158 159 164 165 166 170 171 182 185 188
 37
 6 12 16 23 27 31 32 33 35 37 38 58 59 62 63 69 71 74 77 83 96 115 120 127 136 146 150 151 159 160 162 165 171 192 193 195 198
 46
 6 13 15 16 23 27 31 32 36 38 40 49 52 58 61 63 64 65 69 71 74 83 85 91 96 97 111 115 120 123 127 128 136 143 144 146 151 153 159 171 182 183 188 189 192 193
 44
 6 13 16 31 32 33 36 38 40 48 52 58 63 69 70 71 74 80 83 84 96 111 112 115 120 127 131 136 143 144 148 150 151 154 159 163 171 172 174 182 183 186 187 188
 46
 6 16 17 19 23 27 31 32 33 36 38 40 58 62 63 69 71 74 77 83 85 96 101 106 109 111 115 121 125 127 135 136 141 143 144 148 151 153 159 162 170 171 174 188 192 193
 41
 6 16 18 23 25 27 31 32 33 36 40 55 58 63 69 80 81 83 96 106 109 111 112 115 120 121 127 128 132 136 141 144 146 151 159 162 165 171 183 188 193
 38
 6 16 23 27 30 31 32 33 36 40 48 52 58 63 69 74 83 96 111 115 120 124 127 131 135 136 143 144 148 150 151 159 164 168 170 171 188 194
 45
 6 16 23 27 31 32 33 36 58 63 66 69 74 78 79 93 96 101 106 111 112 115 120 123 124 127 130 136 139 143 144 146 148 151 153 158 162 164 165 171 178 182 186 188 193
 41
 9 10 16 23 27 31 32 33 36 40 52 56 58 63 66 69 71 72 80 84 91 96 111 115 120 127 136 139 143 144 147 148 151 165 171 172 179 188 189 193 194
 44
 9 11 15 16 23 27 30 31 32 36 38 40 41 58 63 68 69 71 86 96 97 108 111 112 115 120 123 124 125 127 136 141 143 146 151 159 160 162 165 171 173 180 186 193
 38
 10 11 12 13 16 20 23 27 31 32 33 39 40 46 53 57 58 60 63 69 76 83 89 96 111 115 120 136 143 144 148 151 159 171 173 188 190 193
 42
 10 11 12 15 16 18 25 31 32 33 36 40 63 69 73 74 80 94 96 101 105 108 109 111 112 115 120 127 129 136 141 143 144 146 147 148 151 159 165 171 188 193
 39
 10 11 12 15 16 31 32 33 34 36 38 50 63 69 72 74 80 96 103 106 111 115 120 124 127 136 143 144 148 151 155 165 168 171 180 182 185 188 193
 40
 10 11 12 15 20 23 27 31 32 33 36 40 63 69 70 78 96 100 103 106 111 115 120 122 124 125 136 143 144 148 150 151 159 165 171 173 179 188 190 193
 45
 10 11 12 16 23 24 27 30 31 32 36 40 58 59 60 63 64 69 80 86 96 98 101 106 111 115 120 127 129 136 137 143 146 151 153 159 160 162 163 165 171 172 174 188 193
 36
 10 11 12 16 23 27 31 32 33 36 53 63 64 69 90 96 101 105 110 111 115 120 126 133 136 139 143 144 145 151 158 159 171 185 188 193
 37
 10 11 12 16 23 27 31 32 33 36 58 63 67 69 96 101 111 112 115 120 127 136 143 144 146 148 151 155 156 157 159 165 167 171 177 188 193
 44
 10 11 12 16 23 27 31 32 33 40 52 63 69 71 74 80 86 90 96 101 105 111 112 113 115 120 136 137 143 146 148 151 156 158 159 162 165 169 171 172 187 188 190 193
 42
 10 11 12 20 23 27 30 31 32 33 36 39 46 63 67 69 74 76 96 101 106 111 115 120 125 127 136 143 144 146 148 151 158 159 165 167 171 177 179 188 190 193
 37
 10 11 13 16 20 23 27 31 32 33 36 39 46 53 57 58 60 63 69 76 83 89 96 111 115 120 136 143 144 148 151 159 171 173 188 190 193
 38
 10 11 13 16 20 23 27 31 32 33 36 41 63 67 69 70 96 111 115 120 127 136 143 144 148 151 156 158 159 165 167 171 177 179 182 188 190 193
 42
 10 11 15 16 23 25 27 30 31 32 33 36 40 58 61 63 65 69 83 84 93 96 101 106 111 115 120 127 136 143 144 148 151 159 164 171 177 179 182 188 191 193
 40
 10 11 15 16 23 27 31 32 33 36 45 46 57 58 63 69 83 96 106 109 111 112 115 117 120 124 125 132 136 143 148 151 159 171 179 180 188 191 193 199
 34
 10 11 15 16 23 27 31 32 33 40 58 61 63 65 69 83 93 96 104 111 115 120 127 136 143 151 155 165 171 172 177 179 191 193
 29
 10 11 15 16 23 27 31 33 37 58 63 69 70 94 96 103 111 115 136 143 149 151 158 159 167 171 179 190 193
 28
 10 11 15 16 23 27 31 33 37 58 63 70 94 96 103 111 115 136 143 149 151 158 159 167 171 179 190 193
 28
 10 11 15 16 23 27 31 33 37 63 69 70 94 96 103 111 115 136 143 149 151 158 159 167 171 179 190 193
 40
 10 11 15 16 27 31 32 33 34 36 38 40 50 63 69 72 80 90 96 101 103 106 111 115 120 127 136 143 144 146 151 155 165 168 171 182 185 188 191 193
 43
 10 11 15 20 23 27 31 32 33 36 40 41 58 63 69 74 75 96 99 106 111 115 117 120 122 125 127 136 143 144 146 148 151 156 159 162 165 171 173 179 188 190 193
 39
 10 11 15 31 32 33 36 38 58 63 75 76 86 96 99 106 111 112 115 117 120 122 125 127 136 143 148 151 156 158 159 162 165 171 179 188 190 193 194
 47
 10 11 16 20 23 27 30 31 32 33 36 40 45 57 58 63 69 74 83 96 106 109 111 112 115 117 120 124 125 136 143 144 146 148 151 155 158 159 165 171 179 180 182 188 191 193 199
 39
 10 11 16 20 23 27 30 31 32 33 36 41 58 63 67 69 70 96 111 115 120 127 136 143 144 148 151 156 158 159 165 167 171 172 173 177 179 190 193
 41
 10 11 16 23 27 31 32 33 36 38 40 45 46 52 53 55 57 58 63 66 69 74 80 86 96 111 112 115 117 120 124 136 143 146 151 159 171 179 193 194 199
 38
 10 11 16 23 27 31 32 33 36 40 58 63 67 69 96 101 111 112 115 120 127 136 143 144 146 148 151 155 156 157 159 165 167 171 177 179 188 193
 38
 10 11 16 30 31 32 33 34 36 58 63 69 74 79 83 85 91 96 106 111 120 125 136 143 146 148 151 153 155 157 159 165 171 179 183 185 188 193
 36
 10 11 16 31 32 33 36 38 40 48 52 58 63 69 73 74 83 96 101 111 115 117 120 123 127 128 131 134 136 143 144 148 151 171 172 194
 35
 10 11 19 23 27 29 30 31 32 33 36 40 48 58 63 69 74 80 104 111 115 124 136 140 143 144 148 151 162 171 172 179 188 191 193
 30
 10 11 19 23 29 30 31 32 33 36 48 58 63 69 74 80 111 115 117 136 140 143 144 148 151 162 171 179 188 194
 32
 10 11 19 23 29 31 32 33 36 48 58 63 69 74 111 115 117 124 125 136 140 143 144 146 151 159 165 171 179 188 193 194
 32
 10 11 19 29 30 31 32 33 36 40 48 58 69 104 111 115 124 136 140 143 144 148 151 159 162 171 172 179 188 191 193 194
 30
 10 11 19 29 30 31 32 33 36 40 48 69 74 104 111 115 124 125 136 140 143 144 151 159 171 172 179 191 193 194
 31
 10 11 19 29 30 31 32 33 36 48 58 63 69 74 111 115 117 124 125 136 140 143 144 148 151 165 171 179 188 191 194
 31
 10 11 19 29 30 31 32 33 36 48 58 63 69 74 111 115 117 125 136 140 143 144 146 148 151 165 171 172 179 188 194
 29
 10 11 19 29 31 32 33 36 48 58 63 69 74 111 115 117 124 125 136 140 143 146 151 165 171 179 188 191 194
 30
 10 11 19 29 31 32 33 36 48 58 63 69 74 111 115 117 125 136 140 143 144 148 151 165 171 172 179 182 188 194
 39
 10 11 20 23 25 26 27 30 31 32 33 36 46 53 58 63 69 74 78 96 100 103 106 111 115 122 136 143 144 146 148 151 159 165 171 179 182 188 193
 41
 10 11 20 23 25 26 27 30 31 32 33 36 46 58 63 69 74 78 96 100 103 106 111 115 120 122 125 136 143 144 146 148 151 159 162 165 171 179 182 188 193
 39
 10 11 20 23 26 27 30 31 32 33 36 39 46 58 63 67 69 74 86 96 101 111 112 115 120 136 143 144 146 151 159 165 167 171 173 177 179 188 193
 38
 10 11 23 27 31 32 33 36 53 58 63 69 74 78 96 100 103 106 111 115 120 122 124 135 136 143 144 146 148 150 151 158 159 164 165 171 182 188
 39
 10 12 16 20 23 27 31 32 33 36 56 58 63 69 74 96 101 111 112 115 120 130 135 136 142 144 145 146 148 151 152 159 165 171 172 179 183 188 193
 45
 10 12 16 24 27 30 31 32 33 35 36 38 40 41 43 58 62 63 69 71 86 96 101 106 111 112 115 120 127 136 143 144 148 151 159 163 165 171 173 176 181 182 188 193 199
 38
 10 13 16 20 23 27 31 32 33 36 39 46 63 67 69 76 96 101 111 112 115 120 136 143 144 148 151 156 158 159 165 167 171 177 179 188 190 193
 26
 10 14 15 16 23 27 31 33 37 58 63 69 70 94 96 103 111 115 127 136 149 151 159 171 179 193
 33
 10 16 19 23 27 31 32 33 36 48 52 58 63 66 69 71 79 80 91 111 115 124 131 136 148 150 151 159 170 171 179 182 188
 51
 10 16 20 23 27 31 32 33 36 38 40 49 58 61 63 69 71 75 77 81 85 86 96 109 111 115 120 121 125 127 136 141 143 144 148 150 151 153 155 158 159 162 165 170 171 174 182 186 192 193 195
 44
 10 16 22 23 25 27 31 33 36 40 58 61 63 69 71 74 86 96 102 106 109 111 115 120 123 127 129 132 136 143 144 146 148 149 151 156 159 162 165 171 182 183 188 193
 38
 10 16 23 25 27 31 32 33 36 40 41 58 63 67 69 74 79 96 111 112 115 120 124 125 127 135 136 143 144 146 148 151 159 165 167 171 177 193
 32
 10 16 23 27 31 32 33 36 58 63 69 74 78 82 96 100 101 106 111 115 122 136 143 144 146 148 151 157 159 165 171 188
 39
 10 16 27 31 32 33 36 40 48 58 63 69 74 80 96 104 111 112 115 120 127 128 131 132 136 143 144 150 151 154 163 171 172 178 179 183 188 191 193
 37
 10 16 31 32 33 36 38 40 48 52 58 63 69 80 83 96 111 112 115 117 120 123 127 131 136 139 141 143 148 150 151 153 171 174 178 187 194
 42
 11 12 14 15 16 23 27 31 32 40 41 58 63 69 71 72 83 90 96 106 109 111 112 115 120 127 136 137 143 148 151 156 159 160 162 165 171 172 188 192 193 194
 48
 11 12 15 16 23 27 30 31 32 38 40 58 63 69 71 72 74 75 80 83 90 96 97 106 109 111 112 115 120 127 136 137 143 146 147 150 151 153 156 159 160 162 165 167 171 172 180 193
 41
 11 12 16 18 31 32 36 38 40 55 58 63 69 81 83 96 106 108 109 111 112 115 120 121 127 128 136 141 143 146 148 151 159 162 165 171 174 178 180 182 188
 42
 11 12 16 23 27 31 32 40 44 61 63 69 75 80 86 90 96 106 111 113 115 120 125 127 133 136 137 143 148 150 151 153 159 160 162 165 171 172 188 191 193 194
 32
 11 15 16 23 27 30 31 33 36 37 63 69 94 96 103 111 115 120 136 143 144 146 148 149 151 155 159 164 167 171 172 193
 34
 11 15 23 25 31 32 33 36 40 58 63 69 78 79 96 100 103 106 111 115 120 122 125 136 144 146 148 151 155 162 165 171 182 188
 41
 11 16 19 23 27 31 32 33 36 40 48 58 63 69 71 76 85 96 111 115 125 127 136 140 143 144 146 148 150 151 159 164 165 171 174 175 180 190 191 193 194
 34
 11 16 19 23 27 31 33 36 38 40 48 63 69 74 87 96 111 115 120 127 131 136 143 148 151 153 157 159 170 171 174 183 188 193
