 180 150 0 1 2 3 4 5 6 7 8 9 10 11 12 13 14 15 16 17 18 19 20 21 22 23 24 25 26 27 28 29 30 31 32 33 34 35 36 37 38 39 40 41 42 43 44 45 46 47 48 49 50 51 52 53 54 55 56 57 58 59 60 61 62 63 64 65 66 67 68 69 70 71 72 73 74 75 76 77 78 79 80 81 82 83 84 85 86 87 88 89 90 91 92 93 94 95 96 97 98 99 100 101 102 103 104 105 106 107 108 109 110 111 112 113 114 115 116 117 118 119 120 121 122 123 124 125 126 127 128 129 130 131 132 133 134 135 136 137 138 139 140 141 142 143 144 145 146 147 148 149 
 33
 0 1 5 6 9 29 32 39 42 44 46 47 49 64 66 73 74 76 82 84 90 104 106 111 112 114 122 126 130 138 139 144 145
 26
 0 5 14 18 32 39 44 46 47 55 56 60 64 74 76 79 82 88 89 90 92 99 100 107 128 145
 25
 0 5 16 29 32 39 42 44 46 47 48 59 74 76 82 84 90 93 106 122 124 125 128 145 148
 27
 0 5 17 18 23 27 31 34 39 44 46 47 61 64 73 74 76 81 82 84 90 99 106 110 122 145 148
 23
 0 5 23 26 39 44 46 47 48 49 51 57 62 72 73 74 92 94 100 103 122 132 145
 27
 0 5 23 27 31 32 44 46 54 66 69 74 76 78 82 84 89 99 101 104 111 115 119 122 145 146 148
 31
 0 5 24 26 28 31 32 39 44 46 47 49 51 60 63 74 76 82 90 92 99 104 106 109 122 126 133 138 143 145 148
 30
 0 5 24 27 29 35 44 46 49 60 63 65 70 74 76 82 83 84 89 90 109 111 112 114 117 122 126 145 148 149
 27
 0 5 27 30 32 35 38 39 44 46 47 49 58 64 72 74 76 104 107 109 114 122 124 126 133 134 145
 21
 1 2 5 19 39 44 46 47 66 68 72 74 87 92 100 104 106 111 117 122 145
 23
 1 5 7 18 24 31 38 39 44 45 46 67 73 74 82 84 89 90 96 118 122 145 149
 29
 1 5 18 39 44 46 52 61 64 72 74 76 82 90 99 102 105 106 111 114 122 123 126 128 130 144 145 148 149
 22
 1 5 20 24 30 39 44 46 57 64 72 74 76 90 99 101 102 123 128 144 145 147
 26
 1 5 28 32 39 46 47 48 49 51 53 64 66 74 76 90 100 103 106 114 122 125 126 140 141 145
 27
 1 5 30 39 44 46 54 64 66 74 76 78 82 89 90 93 101 102 104 106 114 117 122 126 128 145 147
 26
 1 5 32 34 39 43 45 46 47 49 52 64 66 74 76 78 82 83 84 90 94 106 117 122 143 145
 28
 1 5 32 38 39 44 46 47 64 72 74 76 82 84 90 101 102 104 122 123 124 125 126 131 144 145 147 148
 21
 1 5 39 44 46 48 51 52 64 72 74 85 86 90 106 122 125 126 141 145 146
 19
 2 5 18 46 47 49 50 72 74 76 77 103 109 114 117 122 133 134 145
 20
 2 5 19 39 44 46 49 66 68 74 87 95 100 104 111 114 117 126 145 146
 20
 2 5 19 39 46 49 66 74 87 94 95 99 103 104 111 114 117 122 126 145
 20
 2 5 19 44 46 49 56 66 68 72 74 87 95 104 111 117 122 126 145 146
 17
 2 5 19 46 49 66 74 87 95 103 104 106 111 114 117 142 145
 20
 2 5 25 39 46 49 66 72 74 87 94 95 99 103 104 117 122 126 138 145
 23
 2 5 31 39 46 47 49 66 72 74 76 87 95 103 105 109 114 117 122 126 133 145 148
 26
 3 5 11 13 26 27 29 34 37 39 44 46 49 52 61 74 76 82 102 104 111 122 126 143 145 148
 27
 3 5 14 18 21 32 33 39 44 46 49 52 58 64 74 75 76 79 81 82 84 89 90 104 117 145 148
 29
 3 5 14 27 31 32 46 47 49 59 64 72 73 74 76 80 84 90 91 99 104 106 112 116 122 134 140 145 146
 21
 3 5 14 32 35 44 46 47 50 51 65 68 74 76 82 84 90 97 99 135 145
 29
 3 5 15 18 27 32 35 36 37 38 39 46 47 49 52 63 72 74 76 77 82 104 105 106 111 122 124 145 148
 22
 3 5 19 20 39 46 69 74 76 78 89 90 104 113 114 122 126 129 130 136 145 148
 23
 3 5 19 32 43 44 46 47 55 66 70 74 82 89 90 92 99 104 106 114 126 132 145
 27
 3 5 32 44 46 49 61 64 66 74 76 81 82 84 87 89 90 91 99 104 114 117 122 126 140 145 148
 24
 4 5 6 30 39 46 52 53 54 56 58 73 74 76 82 89 103 104 114 132 140 143 145 148
 25
 4 5 12 39 43 44 45 46 49 54 56 64 74 82 84 89 106 111 122 126 132 140 142 145 148
 25
 4 5 12 44 46 49 52 54 61 64 74 76 87 88 99 104 106 111 112 117 122 126 140 142 145
 30
 4 5 14 27 32 34 38 39 44 46 49 56 60 65 69 70 73 74 76 82 95 104 106 117 122 126 129 138 144 145
 27
 4 5 14 39 44 46 49 56 64 65 70 74 76 90 97 99 104 105 108 112 117 121 122 140 145 147 148
 26
 4 5 16 39 44 46 49 52 64 74 75 76 82 84 89 90 98 100 104 106 122 130 139 145 147 149
 30
 4 5 18 39 43 44 46 47 49 52 54 56 64 74 76 77 82 84 89 106 112 114 117 122 126 132 142 143 145 148
 25
 4 5 39 43 44 46 47 52 54 56 58 64 74 76 82 89 103 114 117 126 131 132 143 145 148
 29
 5 6 10 14 27 31 39 44 46 47 63 64 72 74 76 82 84 90 99 101 104 106 115 122 123 126 131 139 145
 32
 5 6 11 14 18 20 22 30 32 44 46 47 49 56 72 73 74 76 89 95 97 99 105 106 108 110 114 122 126 143 145 148
 30
 5 6 11 14 20 30 32 39 44 46 47 64 70 72 74 76 82 84 90 97 104 106 108 114 120 126 128 135 136 145
 24
 5 6 11 19 20 46 47 69 70 72 74 76 78 82 89 104 106 114 122 126 129 136 145 148
 31
 5 6 13 18 22 39 41 44 46 47 49 51 56 63 64 74 75 76 82 84 90 104 106 109 114 118 122 126 133 145 149
 27
 5 6 13 18 24 32 39 41 44 46 47 49 51 56 62 63 73 74 76 82 90 92 109 111 122 132 145
 26
 5 6 14 20 30 39 44 46 49 55 56 60 64 74 79 81 82 84 89 90 104 110 114 126 130 145
 27
 5 6 25 32 39 46 47 49 56 59 64 66 74 76 82 84 88 90 106 108 111 114 126 135 140 142 145
 31
 5 6 26 31 32 38 40 41 44 46 47 48 49 64 66 70 74 76 82 84 87 88 99 104 108 114 117 122 126 145 148
 27
 5 6 34 37 39 44 46 47 52 53 70 74 76 84 88 104 106 114 117 122 124 126 133 143 145 147 148
 23
 5 6 44 46 47 49 64 66 73 74 76 78 82 83 84 89 93 96 103 107 111 126 145
 24
 5 7 19 32 44 46 47 49 55 64 66 74 76 84 89 90 92 99 104 111 114 126 132 145
 25
 5 7 20 24 33 39 44 46 47 60 64 73 74 76 79 84 89 90 96 106 114 122 126 131 145
 25
 5 7 20 30 32 33 39 46 47 60 63 64 73 74 76 79 82 84 89 90 105 122 145 148 149
 26
 5 7 21 32 39 44 46 47 56 64 73 74 76 79 84 90 96 106 112 113 126 130 131 145 148 149
 24
 5 7 28 30 32 38 39 44 46 47 60 74 76 82 87 90 96 103 106 114 117 126 136 145
 26
 5 7 28 30 32 39 44 46 47 49 60 64 74 76 79 89 96 103 104 106 112 114 122 126 145 148
 24
 5 7 29 39 44 46 47 49 50 52 64 74 76 90 96 100 103 111 112 114 122 143 145 149
 26
 5 7 32 34 39 41 45 46 47 60 64 73 74 76 82 83 90 100 105 106 117 118 122 143 145 149
 23
 5 8 10 20 31 32 39 46 47 49 56 64 74 76 80 89 98 110 116 118 122 124 145
 24
 5 8 18 25 27 39 46 53 56 64 66 74 84 90 94 103 104 106 122 124 126 139 145 148
 26
 5 8 21 25 27 39 44 46 49 53 64 74 76 84 90 104 105 106 117 122 124 126 139 142 145 146
 30
 5 8 25 32 37 39 41 46 47 48 49 63 64 72 74 76 77 82 84 90 98 104 106 111 112 122 124 142 145 148
 25
 5 8 25 32 46 47 49 53 57 59 66 72 74 76 90 92 94 103 106 114 117 122 124 126 145
 27
 5 8 25 38 39 44 46 47 60 64 74 76 90 92 94 95 104 106 113 114 122 126 128 131 137 145 149
 28
 5 8 25 39 46 47 53 63 64 68 70 72 74 76 82 89 90 100 104 106 112 114 117 122 124 125 126 145
 25
 5 8 25 43 44 46 47 50 52 64 70 72 74 76 84 89 90 94 103 114 117 122 124 145 148
 23
 5 8 37 39 43 44 46 53 55 64 74 76 82 84 90 99 104 106 112 114 122 126 145
 24
 5 9 10 32 38 43 44 46 47 49 50 57 72 74 82 90 94 107 114 122 124 126 138 145
 28
 5 9 12 14 17 18 32 36 44 46 47 49 52 66 74 81 89 90 93 99 106 110 119 122 126 140 145 146
 32
 5 9 14 24 26 32 39 44 46 47 62 64 72 74 76 82 84 89 92 95 99 101 104 106 112 114 117 118 122 144 145 148
 33
 5 9 15 18 26 32 44 46 47 49 59 60 64 70 74 75 76 82 89 90 99 104 106 112 113 114 117 122 126 139 140 145 148
 27
 5 9 17 18 28 32 38 39 44 46 47 52 69 73 74 76 82 99 111 122 123 126 129 132 133 134 145
 25
 5 9 17 32 39 44 46 47 49 52 55 62 64 74 76 82 85 90 104 106 111 122 126 141 145
 25
 5 9 18 22 23 32 40 46 47 49 51 66 71 74 76 86 92 104 106 111 126 127 142 145 146
 30
 5 9 21 24 26 28 29 32 39 44 46 47 49 56 62 64 74 76 90 92 95 96 99 100 106 114 122 126 138 145
 24
 5 9 21 28 32 39 44 46 47 49 52 62 74 76 85 100 103 104 106 114 122 126 141 145
 27
 5 9 22 23 32 39 40 44 46 47 49 51 66 71 74 76 86 99 104 106 111 122 126 127 142 145 146
 21
 5 10 18 20 31 32 38 46 47 56 65 72 74 80 84 89 116 120 137 145 148
 19
 5 10 20 22 31 32 39 44 46 47 64 74 80 110 116 124 131 137 145
 26
 5 10 20 31 32 39 44 46 47 49 57 64 74 76 80 106 111 114 116 117 122 125 131 137 145 146
 22
 5 10 20 31 32 39 44 46 47 49 64 74 76 80 82 89 110 116 118 124 137 145
 24
 5 10 23 30 31 32 39 44 46 47 49 64 74 80 106 111 114 116 122 125 131 137 145 146
 26
 5 10 23 30 31 39 44 46 49 64 74 76 80 82 84 89 90 106 111 114 116 122 128 137 145 146
 28
 5 10 30 31 32 39 44 46 47 49 64 74 76 80 82 84 89 90 106 111 114 116 122 128 131 137 145 146
 28
 5 11 16 21 29 32 41 44 46 47 48 49 58 64 74 76 77 82 84 89 90 106 111 114 122 126 139 145
 23
 5 11 17 28 32 39 46 47 49 50 52 56 62 74 76 85 90 100 104 106 114 141 145
 24
 5 11 18 32 39 41 46 47 49 52 56 62 64 66 74 76 82 85 90 106 114 138 141 145
 26
 5 11 19 24 27 28 34 39 45 46 47 49 52 64 74 75 76 82 84 88 90 92 106 114 120 145
 33
 5 11 31 32 39 42 46 47 49 60 64 66 67 72 74 75 76 82 88 89 90 93 99 104 106 110 111 114 117 119 122 126 145
 25
 5 11 39 44 46 48 49 51 52 56 64 72 74 82 85 90 99 104 106 114 122 125 141 145 149
 29
 5 12 14 18 32 39 44 46 47 49 65 73 74 76 84 89 97 99 104 105 106 108 109 114 117 122 135 145 147
 24
 5 12 17 32 36 40 46 49 52 56 66 67 73 74 81 89 99 104 106 110 115 122 126 145
 27
 5 12 18 39 44 46 47 49 64 72 73 74 76 83 84 90 91 94 97 99 106 108 122 129 135 145 146
 27
 5 12 18 39 44 46 47 54 64 66 70 74 76 78 82 84 90 93 99 101 102 104 106 114 122 145 147
 26
 5 12 27 31 32 44 46 47 52 54 61 66 70 74 76 78 82 89 111 119 122 130 140 145 148 149
 29
 5 12 31 39 44 46 49 54 60 64 66 69 70 74 78 89 90 99 100 104 111 113 114 117 126 129 136 145 148
 25
 5 12 32 39 44 46 49 58 63 65 73 74 76 78 83 84 105 109 114 122 124 129 135 145 148
 27
 5 12 32 39 46 47 48 49 64 65 74 76 84 89 90 97 105 108 114 121 122 126 133 135 140 145 148
 23
 5 13 14 15 27 31 32 34 45 46 47 59 72 73 74 76 80 84 106 116 118 140 145
 31
 5 13 14 18 20 27 31 32 35 39 41 44 46 47 64 74 76 82 84 90 99 106 109 114 120 122 124 126 137 145 149
 31
 5 13 14 21 31 32 39 44 46 47 48 49 64 67 74 76 81 82 84 86 89 90 104 106 117 122 126 128 145 147 148
 31
 5 13 16 21 27 29 32 39 44 46 47 49 51 52 56 70 74 75 76 82 104 106 112 114 118 122 126 138 143 145 148
 21
 5 13 32 39 46 47 50 51 52 56 64 72 74 76 85 86 104 106 122 141 145
 19
 5 13 48 51 52 56 64 74 82 85 86 99 106 112 122 125 126 141 145
 28
 5 14 15 18 24 25 30 32 46 47 49 64 74 76 82 84 90 98 106 108 114 122 126 133 135 145 147 148
 26
 5 14 15 21 22 33 38 44 46 47 49 63 64 74 75 76 79 82 86 88 89 90 99 122 145 148
 34
 5 14 15 26 27 37 38 39 42 44 46 47 49 52 63 64 72 73 74 76 77 82 90 99 104 106 111 112 114 122 126 139 145 148
 31
 5 14 16 17 18 29 32 39 42 44 46 47 49 52 64 74 76 77 82 84 90 104 106 111 114 122 138 139 143 145 148
 25
 5 14 16 22 24 26 46 47 49 50 59 64 72 74 76 84 92 99 101 104 106 114 125 126 145
 30
 5 14 16 26 28 32 39 42 46 47 56 64 72 74 76 82 84 89 90 104 106 112 117 122 126 130 138 139 145 148
 25
 5 14 16 29 36 39 46 49 52 56 66 74 89 93 98 106 111 114 115 121 122 126 135 145 146
 23
 5 14 17 22 23 31 34 37 39 40 44 46 49 52 71 74 86 99 105 111 127 129 145
 30
 5 14 17 31 36 39 44 46 47 49 52 66 70 74 76 82 93 104 106 111 112 114 115 120 122 123 126 144 145 148
 30
 5 14 18 30 31 36 38 44 46 49 56 63 64 66 70 74 76 82 94 99 104 106 108 111 117 120 122 126 136 145
 27
 5 14 18 31 39 42 46 47 49 56 64 68 72 74 81 82 84 91 95 99 111 120 121 122 135 143 145
 30
 5 14 18 32 34 38 39 46 47 49 52 63 64 74 75 76 82 83 84 90 99 106 114 122 123 124 129 131 145 149
 29
 5 14 18 39 41 44 46 49 52 57 60 64 74 81 82 90 91 104 106 115 117 118 122 126 132 135 145 146 148
 25
 5 14 20 23 39 46 49 64 69 74 76 80 82 89 91 97 104 106 117 120 121 122 140 145 148
 28
 5 14 21 39 44 46 49 57 64 74 76 81 84 86 89 91 99 104 106 112 113 115 117 118 122 132 145 146
 20
 5 14 23 27 34 37 39 46 47 61 71 74 84 91 102 104 106 126 127 148
 30
 5 14 23 31 37 39 42 44 46 47 56 64 68 71 72 74 76 82 84 90 99 104 106 122 126 127 134 145 147 148
 27
 5 14 29 32 39 42 46 49 56 63 64 66 68 74 82 84 90 98 105 111 112 122 135 143 144 145 148
 29
 5 14 31 32 39 42 46 47 59 63 70 72 73 74 77 82 90 92 95 99 104 106 112 117 122 125 137 145 148
 30
 5 14 31 38 39 41 44 46 49 52 64 66 74 82 83 84 90 98 99 103 104 106 111 117 119 122 123 126 144 145
 27
 5 14 39 42 46 49 56 64 72 74 81 82 87 90 91 100 104 106 111 114 120 122 124 126 136 145 148
 30
 5 15 21 22 25 32 39 44 46 47 49 54 56 58 59 64 74 76 82 84 90 93 104 106 111 114 120 126 142 145
 32
 5 15 26 28 32 44 45 46 47 48 49 52 64 66 70 74 76 82 84 89 90 104 105 106 108 109 114 117 121 122 135 145
 27
 5 15 27 31 35 38 39 44 46 49 56 70 72 74 76 82 88 104 105 121 122 126 133 134 145 147 148
 27
 5 15 34 37 38 39 45 46 49 52 64 73 74 76 77 82 88 89 92 104 105 106 122 123 133 145 148
 25
 5 16 26 39 44 46 59 64 72 73 74 76 84 90 99 101 106 112 113 114 118 122 134 140 145
 26
 5 16 27 28 29 34 39 44 45 46 47 49 58 59 64 72 74 75 76 90 104 106 114 122 124 145
 23
 5 17 21 24 32 33 43 44 46 47 49 56 74 76 79 89 90 107 117 122 128 145 148
 28
 5 17 22 23 32 39 40 44 46 49 52 56 71 74 76 82 86 89 99 104 105 106 117 126 127 129 145 147
 27
 5 17 23 31 36 39 44 46 47 48 49 71 74 76 82 89 104 106 115 117 122 126 127 129 134 145 148
 23
 5 17 27 32 35 38 39 44 46 47 49 53 58 64 68 72 74 76 107 122 134 140 145
 30
 5 17 29 32 38 39 44 46 47 48 49 55 59 62 64 74 76 82 89 90 99 104 106 122 125 126 128 132 145 148
 33
 5 17 32 39 42 44 46 47 49 52 56 64 66 72 74 76 78 82 84 88 89 90 99 100 106 111 112 113 117 136 140 145 148
 31
 5 18 23 26 27 32 43 44 46 47 49 55 64 74 76 82 84 89 90 99 104 106 111 112 114 122 126 132 134 140 145
 18
 5 18 27 39 46 49 53 56 66 74 94 96 103 107 114 122 139 145
 27
 5 18 46 49 58 64 66 74 76 82 83 84 90 91 97 99 104 108 114 122 126 135 140 142 145 146 148
 25
 5 19 26 32 44 46 47 49 52 55 62 64 66 74 76 84 90 92 95 99 104 109 114 118 145
 20
 5 19 44 46 49 66 69 74 87 90 95 108 111 113 117 120 122 129 130 145
 21
 5 20 22 24 33 43 46 47 49 52 74 75 76 79 84 88 106 114 118 122 145
 22
 5 20 23 39 44 46 49 61 67 71 74 102 104 106 111 117 119 122 126 127 145 149
 24
 5 20 24 33 44 46 49 52 74 75 79 88 89 100 104 106 114 120 122 123 126 135 145 148
 21
 5 20 26 33 44 46 47 64 74 76 79 84 93 101 117 118 121 122 144 145 148
 22
 5 20 31 39 44 47 49 61 66 67 74 81 89 102 104 106 110 122 126 131 145 149
 28
 5 20 32 35 39 44 46 47 64 67 74 76 77 82 84 89 90 97 104 106 110 114 119 122 126 145 147 148
 23
 5 21 35 39 44 46 52 53 56 58 64 70 74 77 82 106 107 112 114 122 124 134 145
 24
 5 22 23 32 39 40 44 46 47 49 50 51 66 71 74 76 86 104 106 111 127 142 145 146
 26
 5 22 23 32 39 40 44 46 47 49 51 66 71 74 76 86 99 106 111 114 122 127 138 142 145 146
 30
 5 22 26 38 39 44 46 47 49 56 64 72 74 76 84 90 93 101 104 105 106 114 122 126 129 140 144 145 147 148
 21
 5 22 27 46 47 49 74 76 88 97 104 105 108 114 118 121 122 135 140 143 145
 23
 5 22 32 39 46 47 48 49 51 52 72 74 76 85 86 89 105 106 122 126 141 145 148
 25
 5 23 27 31 32 44 46 61 71 74 76 84 91 99 104 105 106 114 117 119 122 126 127 129 145
 27
 5 23 27 31 34 36 37 39 44 46 47 49 52 71 74 77 82 104 106 111 114 115 122 127 145 146 148
 28
 5 23 29 32 38 39 44 46 47 64 66 74 76 82 83 84 90 96 98 103 106 107 112 114 117 122 145 148
 27
 5 23 31 39 46 49 54 64 66 69 74 78 82 84 89 90 91 99 104 113 114 117 126 129 136 145 148
 25
 5 23 32 36 39 44 46 49 56 67 74 77 89 97 104 106 110 111 115 119 122 124 126 145 148
 20
 5 23 39 47 61 64 67 71 74 76 84 89 91 102 104 119 126 127 145 148
 18
 5 23 39 61 67 71 74 76 84 89 91 102 104 117 119 126 127 148
 21
 5 24 29 35 44 46 61 64 65 70 74 82 84 90 102 106 112 122 144 145 148
 29
 5 25 30 32 39 44 45 46 47 50 64 66 72 74 76 84 88 89 90 92 94 104 106 108 114 117 135 145 148
 28
 5 27 43 44 46 47 52 54 56 64 74 76 83 84 89 90 92 99 104 111 114 122 126 131 132 142 145 146
 23
 5 28 32 39 46 47 49 50 52 56 62 64 72 74 75 76 85 104 106 114 122 141 145
 21
 5 30 31 32 35 44 46 64 74 76 84 90 101 117 122 123 125 128 144 145 146
 23
 5 30 31 39 44 46 54 65 66 69 74 78 84 87 90 99 113 114 122 126 128 129 145
 28
 5 32 33 38 44 46 47 49 52 64 74 75 76 79 82 88 90 104 106 114 117 122 123 130 131 135 145 148
 27
 5 32 38 39 44 45 46 49 64 65 70 74 76 82 84 89 90 101 104 105 106 121 122 123 144 145 148
 26
 5 32 39 43 44 46 47 49 50 52 57 59 64 74 76 84 90 96 103 106 114 122 140 142 145 148
 18
 5 32 39 43 46 49 50 52 57 64 74 90 96 103 107 126 142 145
 18
 5 32 39 43 47 50 52 57 66 74 76 90 96 103 107 114 142 145
 23
 5 32 39 44 46 47 50 52 62 68 72 74 76 85 103 104 106 114 118 122 126 141 145
 26
 5 32 44 46 47 49 52 59 64 66 74 76 78 83 84 99 103 104 107 111 114 117 122 126 143 145
 26
 5 32 46 47 52 57 64 69 74 76 78 82 84 88 89 90 95 99 109 112 113 122 126 129 136 145
 22
 5 35 39 44 46 49 53 68 69 70 74 90 99 104 106 107 114 122 128 131 145 146
 24
 5 39 46 47 49 65 66 74 76 84 88 97 105 108 111 114 121 122 126 135 140 143 145 148
 27
 5 44 46 47 49 53 58 59 64 66 72 74 76 82 84 90 92 103 104 106 108 114 122 126 133 140 145
