 92 100 0 1 2 3 4 5 6 7 8 9 10 11 12 13 14 15 16 17 18 19 20 21 22 23 24 25 26 27 28 29 30 31 32 33 34 35 36 37 38 39 40 41 42 43 44 45 46 47 48 49 50 51 52 53 54 55 56 57 58 59 60 61 62 63 64 65 66 67 68 69 70 71 72 73 74 75 76 77 78 79 80 81 82 83 84 85 86 87 88 89 90 91 92 93 94 95 96 97 98 99 
 11
 0 5 6 14 24 31 37 59 62 76 97
 11
 0 5 7 32 33 41 42 53 54 74 76
 9
 0 5 8 30 31 41 42 76 81
 9
 0 5 24 30 37 41 42 76 81
 9
 0 13 16 25 49 54 75 92 93
 8
 0 13 25 32 49 54 75 93
 20
 1 3 7 10 12 16 17 20 26 41 45 46 62 63 64 65 67 73 77 84
 17
 1 3 7 12 16 43 44 45 46 62 63 64 69 73 76 77 84
 17
 1 3 12 16 20 31 37 45 46 61 62 63 73 75 77 81 84
 20
 1 7 12 14 16 20 26 37 41 44 62 63 64 65 73 75 77 79 84 86
 17
 1 12 14 16 17 37 41 44 46 62 63 65 73 76 77 79 84
 16
 1 12 17 20 26 32 37 41 44 45 46 62 65 73 75 77
 11
 1 17 42 50 65 66 69 72 73 75 88
 11
 1 17 42 50 65 66 69 73 75 85 88
 10
 2 13 16 26 49 54 56 75 92 95
 9
 2 13 26 32 49 54 56 75 95
 19
 3 4 7 12 16 17 18 26 46 48 51 62 64 73 75 77 82 84 86
 22
 3 4 7 12 17 18 20 26 33 41 43 46 48 51 56 62 63 64 65 73 76 77
 19
 3 4 7 12 17 18 20 26 43 44 46 48 51 62 65 73 82 84 86
 17
 3 4 7 12 18 19 20 43 44 48 51 62 64 65 77 84 86
 18
 3 4 10 17 26 32 45 47 54 60 63 65 72 73 77 84 85 86
 14
 3 4 17 26 32 45 48 51 61 69 77 86 91 96
 16
 3 7 10 13 23 34 42 45 49 56 62 69 75 76 77 90
 17
 3 7 10 13 33 34 42 45 49 56 62 64 69 75 77 83 90
 16
 3 7 10 13 33 34 42 45 49 56 62 64 69 75 77 90
 16
 3 7 14 18 23 26 32 34 45 49 53 54 56 76 77 95
 17
 3 10 16 20 21 26 34 41 44 48 55 60 61 63 75 77 84
 17
 3 10 16 20 21 26 34 41 44 48 60 61 73 75 77 84 95
 17
 3 10 16 20 21 26 34 44 48 55 60 61 63 73 75 77 84
 15
 3 10 20 21 26 27 34 48 60 61 63 73 75 77 84
 15
 3 13 14 18 26 32 34 45 49 53 54 56 75 77 95
 12
 3 13 15 19 23 31 35 55 77 81 95 96
 13
 3 13 23 31 35 41 58 66 67 77 81 89 96
 15
 4 7 12 16 33 48 51 64 65 74 75 77 82 84 86
 16
 4 7 17 26 32 33 41 48 51 61 62 69 77 86 91 96
 12
 4 26 32 35 48 51 61 69 77 86 91 96
 11
 5 6 14 24 25 31 37 59 62 76 97
 11
 5 6 14 24 25 37 59 62 76 81 97
 11
 5 7 25 32 33 41 42 53 54 74 76
 9
 5 24 25 30 31 37 41 42 76
 9
 5 24 25 30 37 41 42 76 81
 13
 6 7 14 33 39 47 56 59 62 74 82 86 97
 8
 6 10 17 36 41 42 72 97
 8
 6 10 17 36 41 42 85 97
 8
 6 10 36 41 42 65 72 97
 8
 6 10 36 41 42 65 85 97
 7
 6 32 40 54 71 79 97
 13
 7 9 10 28 47 50 59 61 69 77 82 86 87
 14
 7 10 13 14 23 31 39 50 82 83 84 86 93 95
 14
 7 10 20 21 27 33 34 35 42 62 64 75 83 96
 13
 7 10 24 28 37 38 39 47 59 72 79 82 86
 13
 7 10 28 39 47 50 59 61 69 77 82 86 87
 7
 7 10 30 40 42 53 75
 13
 7 13 22 23 33 49 62 64 69 75 83 90 92
 9
 7 23 30 32 34 35 53 54 67
 13
 7 28 39 47 50 59 61 69 77 82 84 86 87
 13
 7 28 39 47 59 61 69 72 77 82 86 87 88
 7
 7 30 40 53 61 69 77
 10
 8 10 24 28 37 38 58 67 72 89
 9
 8 10 28 50 58 67 79 87 89
 11
 8 13 23 27 31 35 61 77 81 96 99
 8
 8 15 27 31 43 81 91 99
 15
 9 16 20 23 26 29 39 48 57 61 63 73 75 78 83
 15
 9 16 20 23 29 39 44 56 57 61 63 73 75 78 83
 15
 9 16 23 26 29 39 44 48 57 61 63 73 75 78 83
 15
 9 20 23 26 29 39 44 55 57 61 63 73 75 78 83
 13
 9 23 26 27 29 39 57 61 63 73 75 78 83
 12
 9 23 27 29 39 48 57 61 73 75 78 83
 7
 9 36 39 41 42 67 89
 14
 10 20 21 26 27 34 41 42 48 60 61 63 75 77
 4
 11 71 79 94
 13
 13 14 18 22 26 32 49 53 54 61 69 77 95
 12
 13 16 20 22 23 26 44 49 56 63 80 95
 12
 13 16 20 22 23 26 48 49 56 63 80 95
 12
 13 16 22 23 26 44 49 55 56 63 80 95
 10
 13 22 23 26 27 48 49 56 80 95
 10
 13 22 23 26 27 49 56 63 80 95
 12
 13 22 23 33 49 62 64 69 75 76 90 92
 10
 13 22 26 27 49 56 63 75 80 95
 14
 14 17 18 26 50 52 61 65 69 71 76 77 79 95
 8
 15 19 27 31 43 81 91 99
 8
 16 41 42 49 52 54 70 92
 11
 17 23 38 41 55 57 65 66 68 75 98
 11
 17 23 38 55 57 65 66 68 73 75 98
 11
 17 23 55 57 65 66 68 73 75 88 98
 9
 17 32 41 42 49 50 54 65 70
 9
 19 28 38 58 67 79 85 87 89
 9
 19 28 58 67 72 79 87 88 89
 9
 19 28 58 67 79 85 87 88 89
 7
 23 33 34 35 40 67 74
 7
 32 41 42 49 52 54 70
 6
 40 57 92 95 96 98
