 218 200 0 1 2 3 4 5 6 7 8 9 10 11 12 13 14 15 16 17 18 19 20 21 22 23 24 25 26 27 28 29 30 31 32 33 34 35 36 37 38 39 40 41 42 43 44 45 46 47 48 49 50 51 52 53 54 55 56 57 58 59 60 61 62 63 64 65 66 67 68 69 70 71 72 73 74 75 76 77 78 79 80 81 82 83 84 85 86 87 88 89 90 91 92 93 94 95 96 97 98 99 100 101 102 103 104 105 106 107 108 109 110 111 112 113 114 115 116 117 118 119 120 121 122 123 124 125 126 127 128 129 130 131 132 133 134 135 136 137 138 139 140 141 142 143 144 145 146 147 148 149 150 151 152 153 154 155 156 157 158 159 160 161 162 163 164 165 166 167 168 169 170 171 172 173 174 175 176 177 178 179 180 181 182 183 184 185 186 187 188 189 190 191 192 193 194 195 196 197 198 199 
 18
 0 1 5 7 22 41 53 56 58 62 65 80 90 128 138 143 183 189
 13
 0 1 5 10 15 59 62 120 128 143 181 182 183
 14
 0 1 5 18 32 61 62 80 120 128 143 154 176 183
 15
 0 1 5 32 62 80 92 95 120 128 143 154 172 183 195
 14
 0 5 10 15 59 62 120 128 143 150 162 181 182 183
 12
 0 5 25 32 60 80 92 120 143 154 159 172
 13
 0 5 32 62 64 80 92 109 120 128 154 162 172
 17
 0 7 22 25 41 46 53 56 58 60 65 90 138 143 150 159 183
 17
 0 7 22 25 41 53 56 58 60 65 80 90 138 143 159 183 189
 11
 0 10 15 25 59 60 120 143 159 181 182
 18
 0 13 25 32 60 65 72 78 79 105 112 143 146 156 178 179 180 183
 14
 0 13 32 38 65 72 78 79 105 112 146 159 178 179
 16
 0 18 25 28 51 82 95 98 128 143 147 156 158 183 185 194
 15
 1 3 22 26 30 43 66 82 105 126 138 145 148 180 183
 22
 1 5 6 7 22 26 55 66 71 74 79 82 95 102 125 138 143 166 183 189 191 195
 12
 1 5 7 65 84 86 91 112 127 128 143 198
 16
 1 5 9 18 33 66 72 82 86 95 102 108 128 143 183 184
 16
 1 5 9 18 33 66 72 82 86 102 108 128 143 183 184 195
 13
 1 5 32 62 74 80 84 92 120 154 159 172 183
 14
 1 5 32 62 80 84 92 120 154 156 159 172 183 195
 12
 1 6 41 42 51 66 101 102 127 146 149 183
 15
 1 11 26 45 65 71 90 122 124 125 152 173 184 185 191
 14
 1 11 45 65 71 90 122 124 152 166 173 184 185 191
 7
 1 12 65 86 96 113 118
 14
 1 13 31 41 42 51 66 127 138 141 146 149 182 183
 11
 1 18 25 32 61 80 88 120 154 176 183
 19
 2 3 7 18 22 28 55 74 95 122 126 143 145 156 166 170 180 183 193
 19
 2 3 18 22 28 55 74 93 95 126 138 143 145 156 166 180 183 189 195
 19
 2 3 18 22 30 43 55 74 93 95 109 126 143 145 166 180 183 189 195
 12
 2 13 22 36 43 115 164 170 183 186 193 197
 17
 2 13 22 93 95 98 109 112 138 143 146 147 158 166 179 183 195
 12
 2 18 22 25 54 68 108 117 158 168 190 195
 14
 2 18 22 43 68 95 108 115 117 168 170 183 190 193
 16
 2 18 22 43 74 84 95 114 115 156 165 170 177 183 193 195
 15
 2 22 25 29 30 93 102 103 132 147 158 168 178 183 195
 15
 2 22 25 29 93 95 103 115 122 132 147 158 168 178 195
 10
 2 22 25 54 88 114 158 162 165 183
 11
 2 22 43 88 114 115 162 165 170 183 193
 13
 2 94 95 109 115 129 138 139 143 166 183 193 195
 17
 3 5 18 28 51 74 82 95 126 128 143 145 148 156 180 183 195
 19
 3 7 18 22 55 66 74 95 126 145 156 158 166 170 180 183 188 193 195
 15
 3 18 22 30 43 55 74 78 82 126 138 145 148 180 183
 20
 3 18 22 30 55 66 74 93 95 126 128 138 143 145 156 166 180 183 185 195
 19
 4 13 18 25 51 82 90 112 125 128 138 143 146 156 173 179 183 185 195
 6
 4 14 47 69 77 106
 11
 4 15 32 33 70 74 106 132 176 183 185
 10
 4 18 70 142 157 160 173 180 194 195
 7
 4 47 61 94 106 141 197
 10
 4 47 69 95 157 160 173 180 194 195
 7
 4 47 83 94 96 106 197
 9
 4 85 150 157 160 173 180 183 194
 11
 4 132 150 157 160 173 176 180 183 185 194
 11
 5 6 8 28 42 59 70 101 142 151 195
 14
 5 7 9 18 23 28 75 95 102 143 151 175 179 195
 14
 5 7 9 18 23 58 75 95 115 143 170 175 179 195
 19
 5 7 18 22 25 28 29 35 66 76 85 93 109 143 147 150 158 178 198
 10
 5 7 18 28 39 42 44 123 138 151
 10
 5 8 58 109 115 116 131 143 170 192
 14
 5 10 15 25 59 60 62 95 120 143 162 181 182 195
 12
 5 12 57 58 87 91 109 115 140 143 152 170
 11
 5 13 18 36 95 121 164 171 186 195 197
 6
 5 17 92 99 133 136
 13
 5 18 20 28 95 102 113 118 143 151 160 165 195
 24
 5 18 22 25 26 28 53 60 64 90 93 95 125 138 143 147 150 156 159 162 183 185 194 195
 17
 5 18 22 28 35 53 54 55 66 74 93 95 96 120 148 183 189
 15
 5 18 25 32 60 61 62 80 95 120 143 154 162 176 195
 12
 5 18 28 68 95 108 117 121 168 171 190 195
 20
 5 22 25 28 29 31 35 84 93 95 109 138 143 147 149 158 178 183 188 189
 14
 5 22 41 53 54 55 66 74 93 96 120 148 156 183
 11
 5 22 49 120 123 130 150 162 165 183 192
 16
 5 29 35 54 55 66 74 84 93 96 120 143 148 183 188 189
 6
 5 37 38 92 153 157
 6
 5 37 92 136 153 157
 6
 5 38 40 92 99 133
 6
 5 38 89 92 108 135
 6
 5 40 92 99 133 136
 6
 5 47 48 49 69 120
 6
 5 89 92 108 135 136
 12
 6 8 22 50 58 101 104 109 122 142 167 188
 11
 6 10 41 42 64 101 102 127 162 182 183
 13
 6 18 33 51 66 72 82 86 102 108 151 184 195
 10
 6 41 42 51 101 102 127 146 149 182
 12
 7 9 23 28 30 75 102 122 143 175 179 195
 13
 7 13 16 35 42 66 79 91 138 151 160 184 198
 11
 7 13 20 22 46 64 80 119 160 183 189
 11
 7 13 20 22 46 80 119 160 162 183 189
 11
 7 13 20 22 46 80 129 138 160 183 189
 9
 7 16 31 70 75 85 101 133 139
 13
 7 16 35 42 64 66 79 91 150 151 160 184 198
 12
 7 16 35 51 64 66 82 89 128 150 160 198
 12
 7 16 41 42 64 75 79 91 150 151 160 184
 18
 7 18 22 25 29 41 64 75 85 93 115 122 147 150 158 162 178 195
 17
 7 18 22 26 28 46 56 95 102 105 130 138 151 170 179 183 195
 11
 7 18 23 42 109 123 138 151 175 179 195
 8
 7 19 31 70 75 85 101 139
 10
 7 19 31 70 75 101 139 177 183 185
 11
 7 19 31 75 95 101 139 142 150 183 195
 11
 7 19 31 75 101 132 139 150 176 183 185
 11
 7 22 23 104 115 123 138 170 175 179 188
 20
 7 22 25 29 30 35 66 85 93 95 102 138 147 150 158 178 183 189 195 198
 14
 7 22 26 46 56 58 78 102 109 122 130 138 183 188
 15
 7 22 26 56 58 78 80 102 109 120 130 138 151 183 189
 13
 7 22 41 53 56 58 65 88 90 99 162 165 183
 13
 7 22 45 49 80 91 96 111 112 138 183 189 198
 14
 7 22 49 80 91 96 112 138 152 161 162 183 189 198
 11
 7 22 49 91 96 112 152 161 165 183 198
 9
 7 22 64 76 138 163 183 189 192
 9
 7 22 64 80 162 163 183 189 192
 12
 7 23 28 30 95 102 122 123 138 175 179 195
 8
 7 23 58 123 138 175 179 196
 8
 7 23 104 123 138 175 179 196
 12
 7 25 29 93 123 138 144 147 151 158 178 196
 6
 7 42 44 138 144 187
 6
 7 42 134 138 144 187
 11
 8 10 18 30 47 69 73 95 116 182 188
 12
 8 10 18 30 73 95 116 142 150 182 183 188
 9
 8 22 58 109 116 122 131 188 192
 10
 8 22 95 102 104 116 131 188 192 195
 9
 8 22 104 115 116 131 170 188 192
 11
 8 28 58 95 104 115 116 131 143 151 192
 7
 9 57 63 81 89 104 196
 7
 11 16 19 38 103 133 136
 12
 11 28 73 84 103 115 125 132 156 160 181 183
 7
 11 38 44 103 115 136 170
 8
 11 38 47 69 103 136 137 155
 7
 11 38 103 115 134 136 170
 7
 12 14 69 77 106 111 156
 6
 12 14 69 77 111 161
 14
 12 18 22 28 57 87 91 95 140 151 152 170 179 195
 11
 12 18 42 57 87 91 109 140 151 152 195
 11
 12 22 45 57 58 87 91 109 122 140 188
 11
 12 22 57 87 91 104 115 140 152 170 188
 12
 12 28 30 57 87 91 102 122 140 143 152 195
 8
 12 45 57 58 87 91 140 196
 7
 12 45 86 96 113 118 152
 6
 12 49 57 63 81 98
 8
 12 58 69 77 78 105 111 120
 8
 12 58 69 77 106 120 156 161
 7
 12 58 69 77 111 120 161
 8
 12 61 78 94 105 111 141 197
 8
 12 61 78 94 105 141 161 197
 8
 12 78 83 94 96 105 161 197
 11
 13 18 28 36 95 121 164 171 186 195 197
 11
 13 20 22 46 80 129 138 160 162 183 189
 10
 13 20 22 46 86 119 138 160 183 189
 9
 13 20 22 46 119 150 160 165 183
 15
 13 22 25 30 36 43 121 143 151 164 179 183 185 186 197
 16
 13 22 25 93 98 109 112 128 138 143 146 147 158 166 179 183
 16
 13 22 26 28 30 56 76 102 105 122 130 150 151 162 170 183
 14
 13 22 26 30 46 56 102 105 115 130 138 170 183 188
 13
 13 22 30 31 41 42 116 127 138 141 149 182 183
 11
 13 22 36 54 143 147 158 164 183 186 197
 9
 13 25 36 99 133 143 164 186 197
 11
 13 28 36 95 121 143 164 171 183 186 197
 13
 13 31 41 42 51 127 138 141 146 149 167 182 183
 6
 13 42 44 138 144 187
 6
 13 42 134 138 144 187
 7
 14 17 49 88 104 162 196
 7
 14 34 49 94 117 119 124
 7
 14 34 49 94 117 124 129
 4
 14 39 48 49
 5
 14 39 49 67 196
 7
 14 40 49 88 104 162 196
 8
 14 49 50 97 104 167 177 196
 6
 14 49 67 104 177 196
 4
 14 94 169 197
 5
 15 34 70 97 107
 12
 15 70 95 106 141 142 150 172 180 183 194 195
 6
 16 19 38 52 133 136
 11
 16 36 42 79 91 99 117 151 160 167 184
 5
 17 34 39 85 94
 5
 17 34 39 94 107
 20
 18 22 26 28 33 78 84 93 105 120 126 138 143 145 149 156 180 183 185 195
 17
 18 22 29 35 54 55 66 74 84 93 96 120 122 143 148 183 189
 15
 18 22 30 43 54 68 95 108 117 143 158 168 183 190 193
 15
 18 22 30 43 54 68 108 117 143 158 168 183 190 193 195
 17
 18 22 35 53 54 55 66 74 78 96 109 120 148 156 183 189 195
 23
 18 25 35 54 55 66 72 84 86 93 95 120 125 138 148 156 158 179 183 184 185 193 195
 15
 18 25 47 54 99 114 132 143 158 165 177 180 183 185 195
 13
 18 28 68 95 108 117 121 143 168 171 183 190 195
 15
 18 33 65 72 84 86 95 108 109 125 127 156 160 183 184
 8
 18 34 39 40 70 94 95 142
 8
 18 47 70 120 141 172 176 199
 6
 18 61 120 141 176 199
 6
 18 83 96 120 176 199
 7
 18 120 141 144 172 195 199
 11
 20 22 46 64 113 118 138 150 160 183 196
 10
 20 22 104 113 115 118 160 165 170 188
 11
 20 28 30 95 102 113 118 122 160 165 195
 7
 21 38 39 122 133 136 155
 7
 21 38 107 122 136 137 155
 7
 21 38 115 122 134 136 170
 7
 21 38 122 136 137 144 155
 17
 22 25 30 43 47 84 95 114 122 143 158 165 177 183 185 188 195
 12
 22 26 45 56 80 102 105 115 130 170 183 188
 13
 22 26 56 58 78 86 102 109 120 130 138 179 183
 12
 22 28 86 88 114 121 143 150 162 171 183 195
 12
 22 30 43 50 54 129 143 158 167 183 193 196
 9
 22 46 64 138 150 162 163 183 192
 9
 22 64 80 138 162 163 183 189 192
 6
 22 64 163 165 183 192
 7
 22 85 131 137 150 155 188
 7
 24 38 52 73 90 110 125
 7
 24 38 83 86 96 110 152
 7
 24 52 73 90 110 125 136
 7
 27 47 69 76 102 137 174
 7
 27 70 76 85 102 137 174
 6
 27 76 102 107 137 174
 13
 28 74 95 114 121 132 156 165 171 177 183 185 195
 4
 34 39 67 94
 3
 44 131 196
 3
 45 100 152
 4
 48 104 142 196
 3
 48 144 196
 13
 51 82 94 125 128 129 138 139 156 160 183 185 195
 9
 54 99 107 114 147 165 177 183 185
 4
 94 169 196 197
 3
 131 134 196
