





























0.9192 0.9209 0.84649128 1




















































0.9189 0.9259 0.85080951 1






0.9425 0.9468 0.892359 1












0.9195 0.9645 0.88680187 2



































































0.9361 0.9595 0.89813239 3






















































0.9461 0.9561 0.90456621 1

























0.9276 0.9433 0.87500508 1



0.9593 0.9686 0.92917546 2











0.9339 0.9452 0.88272228 1






















0.9383 0.963 0.9035829 1















0.9282 0.9712 0.90136169 2









0.9194 0.9529 0.87549556 5
































0.9655 0.9758 0.9421349 1









































































































































































































0.9387 0.9754 0.91559814 2





















































































0.9554 0.9727 0.92927277 4








0.9485 0.9636 0.91385876 2











0.9377 0.9621 0.90207697 3




0.9602 0.9808 0.94167561 2

























0.9368 0.9593 0.89858557 2











































































































0.9359 0.9724 0.91006916 1




0.931 0.9726 0.90531785 3

















































































































































0.9378 0.9583 0.89846577 4
0.9395 0.9658 0.90712969 6



0.935 0.9615 0.89887795 3











































































0.9299 0.9556 0.88856219 2









































0.937 0.9708 0.90954689 2













































0.9354 0.9675 0.90491855 4

























0.9304 0.9635 0.89601481 5


0.9319 0.9573 0.89196817 4




































































































0.9294 0.9669 0.89855404 2


0.9332 0.9576 0.89358838 2

0.9277 0.9554 0.88628621 3


0.9322 0.9597 0.89455782 2


0.9321 0.9556 0.89057981 4




















































































0.9233 0.9528 0.87964519 3

0.9333 0.9612 0.89706486 2














0.93 0.9496 0.88300148 4











0.9254 0.9558 0.88430328 3













































































0.9212 0.9593 0.88352248 3




















































































0.9326 0.9597 0.8949336 3





0.926 0.958 0.88695092 4




0.926 0.9524 0.8818195 3












0.9265 0.96 0.8892696 3































0.9313 0.9558 0.88992945 2






