128 8
0 34
1 29
2 17
3 11
4 11
5 10
6 9
7 7
0 34 0.104508
0 35 0.0204918
0 36 0.190574
0 37 0.0307377
0 38 0.0952869
0 39 0.0286885
0 40 0
0 41 0
0 42 0
0 43 0
0 44 0.0163934
0 45 0.0163934
0 46 0
0 47 0
0 48 0
0 49 0.0286885
0 50 0
0 51 0.184426
0 52 0.473361
0 53 0
0 54 0
0 55 0.143443
0 56 0.0358607
0 57 0.0122951
0 58 0.0532787
0 59 0
0 60 0
0 61 0
0 62 0
0 63 0.0307377
0 64 0
0 65 0
0 66 0.0471311
0 67 0.0163934
0 68 0.0368852
0 69 0.0307377
0 70 0.0204918
0 71 0
0 72 0.0358607
0 73 0
0 74 0
0 75 0.317623
0 76 0.0358607
0 77 0
0 78 0
0 79 0
0 80 0
0 81 0.0307377
0 82 0.119877
0 83 0.202869
0 84 0
0 85 0
0 86 0
0 87 0
0 88 0
0 89 0
0 90 0
0 91 0.318648
0 92 0.0122951
0 93 0.0163934
0 94 0.0983607
0 95 0
0 96 0
0 97 0
0 98 0
0 99 0
0 100 0
0 101 0
0 102 0.26332
0 103 0.207992
0 104 0.085041
0 105 0
0 106 0
0 107 0
0 108 0
0 109 0
0 110 0
0 111 0
0 112 0.0358607
0 113 0
0 114 0
0 115 0
0 116 0
0 117 0
0 118 0
0 119 0
0 120 0
0 121 0
0 122 0
0 123 0.143443
0 124 0
0 125 0
0 126 0
0 127 0
1 34 0.0775595
1 35 0.0579111
1 36 0.0651499
1 37 0.0579111
1 38 0.0361944
1 39 0.154085
1 40 0.0651499
1 41 0.016546
1 42 0.0041365
1 43 0.0041365
1 44 0
1 45 0
1 46 0.0041365
1 47 0.0217166
1 48 0.0217166
1 49 0.0548087
1 50 0.187177
1 51 0.0630817
1 52 0.0630817
1 53 0
1 54 0
1 55 0
1 56 0.0041365
1 57 0.168563
1 58 0.016546
1 59 0
1 60 0
1 61 0
1 62 0
1 63 0.0579111
1 64 0.0361944
1 65 0
1 66 0
1 67 0
1 68 0
1 69 0
1 70 0
1 71 0
1 72 0.187177
1 73 0.0217166
1 74 0.101344
1 75 0.0041365
1 76 0.11789
1 77 0
1 78 0
1 79 0
1 80 0
1 81 0
1 82 0.0889349
1 83 0.0041365
1 84 0
1 85 0
1 86 0
1 87 0
1 88 0
1 89 0
1 90 0
1 91 0.0527404
1 92 0.0941055
1 93 0.105481
1 94 0.0124095
1 95 0
1 96 0
1 97 0
1 98 0
1 99 0
1 100 0
1 101 0
1 102 0.0992761
1 103 0.0361944
1 104 0.0361944
1 105 0
1 106 0
1 107 0
1 108 0
1 109 0
1 110 0
1 111 0
1 112 0.0361944
1 113 0
1 114 0.0258532
1 115 0
1 116 0
1 117 0
1 118 0
1 119 0
1 120 0
1 121 0
1 122 0
1 123 0
1 124 0
1 125 0
1 126 0
1 127 0
2 34 0.0160321
2 35 0.0691383
2 36 0.227455
2 37 0.0350701
2 38 0.0701403
2 39 0
2 40 0
2 41 0
2 42 0.0180361
2 43 0.0460922
2 44 0
2 45 0
2 46 0.0160321
2 47 0
2 48 0.242485
2 49 0.0180361
2 50 0
2 51 0
2 52 0.0350701
2 53 0
2 54 0
2 55 0
2 56 0.387776
2 57 0.224449
2 58 0
2 59 0.0641283
2 60 0
2 61 0
2 62 0
2 63 0.261523
2 64 0.0350701
2 65 0
2 66 0.0180361
2 67 0
2 68 0.0300601
2 69 0.0300601
2 70 0.0300601
2 71 0.242485
2 72 0.0350701
2 73 0
2 74 0.224449
2 75 0.0350701
2 76 0.0350701
2 77 0.0641283
2 78 0
2 79 0
2 80 0
2 81 0.0180361
2 82 0.240481
2 83 0
2 84 0
2 85 0.0641283
2 86 0
2 87 0
2 88 0
2 89 0
2 90 0
2 91 0.0350701
2 92 0
2 93 0
2 94 0
2 95 0
2 96 0
2 97 0.0641283
2 98 0
2 99 0
2 100 0
2 101 0
2 102 0.0350701
2 103 0.0701403
2 104 0.0701403
2 105 0.0160321
2 106 0
2 107 0.0641283
2 108 0
2 109 0
2 110 0
2 111 0
2 112 0.1002
2 113 0.0160321
2 114 0.258517
2 115 0
2 116 0
2 117 0.0641283
2 118 0
2 119 0
2 120 0
2 121 0
2 122 0
2 123 0.0801603
2 124 0.0641283
2 125 0
2 126 0
2 127 0
3 34 0
3 35 0.035
3 36 0.203
3 37 0.035
3 38 0.07
3 39 0
3 40 0
3 41 0
3 42 0
3 43 0
3 44 0
3 45 0
3 46 0
3 47 0.3
3 48 0.168
3 49 0
3 50 0.35
3 51 0.21
3 52 0.035
3 53 0
3 54 0
3 55 0
3 56 0.203
3 57 0
3 58 0
3 59 0
3 60 0
3 61 0
3 62 0
3 63 0.147
3 64 0.035
3 65 0.3
3 66 0
3 67 0
3 68 0
3 69 0
3 70 0
3 71 0.168
3 72 0.035
3 73 0
3 74 0.378
3 75 0.035
3 76 0.147
3 77 0
3 78 0
3 79 0
3 80 0
3 81 0
3 82 0
3 83 0.252
3 84 0
3 85 0
3 86 0
3 87 0
3 88 0
3 89 0
3 90 0
3 91 0.245
3 92 0
3 93 0.21
3 94 0
3 95 0
3 96 0
3 97 0
3 98 0
3 99 0
3 100 0
3 101 0.3
3 102 0.035
3 103 0.07
3 104 0.07
3 105 0
3 106 0
3 107 0
3 108 0
3 109 0
3 110 0
3 111 0.3
3 112 0.07
3 113 0
3 114 0
3 115 0.14
3 116 0
3 117 0
3 118 0
3 119 0
3 120 0
3 121 0.35
3 122 0
3 123 0
3 124 0
3 125 0
3 126 0
3 127 0.3
4 34 0
4 35 0.0356415
4 36 0.0356415
4 37 0.0356415
4 38 0.0712831
4 39 0
4 40 0.274949
4 41 0
4 42 0
4 43 0.0580448
4 44 0.0824847
4 45 0.0274949
4 46 0
4 47 0
4 48 0
4 49 0
4 50 0
4 51 0
4 52 0.49389
4 53 0
4 54 0.0824847
4 55 0
4 56 0.0356415
4 57 0
4 58 0
4 59 0
4 60 0
4 61 0.0824847
4 62 0.0824847
4 63 0.0356415
4 64 0.118126
4 65 0
4 66 0
4 67 0
4 68 0.360489
4 69 0.0305499
4 70 0.0305499
4 71 0
4 72 0.0356415
4 73 0
4 74 0
4 75 0.0356415
4 76 0.0356415
4 77 0
4 78 0.0824847
4 79 0.0824847
4 80 0.0824847
4 81 0
4 82 0
4 83 0
4 84 0.0824847
4 85 0
4 86 0
4 87 0
4 88 0
4 89 0.0824847
4 90 0.0824847
4 91 0.0356415
4 92 0
4 93 0
4 94 0.458248
4 95 0.0274949
4 96 0.0824847
4 97 0
4 98 0
4 99 0.0824847
4 100 0.0824847
4 101 0
4 102 0.0356415
4 103 0.0712831
4 104 0.0712831
4 105 0
4 106 0
4 107 0
4 108 0
4 109 0.0824847
4 110 0.0824847
4 111 0
4 112 0.266802
4 113 0
4 114 0
4 115 0
4 116 0.0824847
4 117 0
4 118 0
4 119 0.0824847
4 120 0.0824847
4 121 0.0824847
4 122 0.0824847
4 123 0
4 124 0
4 125 0.0824847
4 126 0.0824847
4 127 0
5 34 0
5 35 0.0356415
5 36 0.0356415
5 37 0.0356415
5 38 0.0712831
5 39 0
5 40 0
5 41 0
5 42 0
5 43 0.0305499
5 44 0.0824847
5 45 0
5 46 0
5 47 0
5 48 0
5 49 0
5 50 0
5 51 0
5 52 0.0356415
5 53 0
5 54 0.0824847
5 55 0
5 56 0.0356415
5 57 0
5 58 0
5 59 0
5 60 0
5 61 0.0824847
5 62 0.0824847
5 63 0.0356415
5 64 0.118126
5 65 0
5 66 0
5 67 0
5 68 0.113035
5 69 0.0305499
5 70 0.0305499
5 71 0
5 72 0.0356415
5 73 0
5 74 0
5 75 0.0356415
5 76 0.0356415
5 77 0
5 78 0.0824847
5 79 0.0824847
5 80 0.0824847
5 81 0
5 82 0
5 83 0
5 84 0.0824847
5 85 0
5 86 0
5 87 0
5 88 0
5 89 0.0824847
5 90 0.0824847
5 91 0.0356415
5 92 0
5 93 0
5 94 0
5 95 0
5 96 0.0824847
5 97 0
5 98 0
5 99 0.0824847
5 100 0.0824847
5 101 0
5 102 0.0356415
5 103 0.0712831
5 104 0.0712831
5 105 0
5 106 0
5 107 0
5 108 0
5 109 0.0824847
5 110 0.0824847
5 111 0
5 112 1
5 113 0
5 114 0
5 115 0
5 116 0.0824847
5 117 0
5 118 0
5 119 0.0824847
5 120 0.0824847
5 121 0.0824847
5 122 0.0824847
5 123 0
5 124 0
5 125 0.0824847
5 126 0.0824847
5 127 0
6 34 0
6 35 0.035
6 36 0.035
6 37 0.035
6 38 0.35
6 39 0.028
6 40 0
6 41 0
6 42 0
6 43 0.3
6 44 0
6 45 0
6 46 0
6 47 0.35
6 48 0
6 49 0.028
6 50 0
6 51 0.028
6 52 0.035
6 53 0
6 54 0
6 55 0.15
6 56 0.035
6 57 0
6 58 0
6 59 0
6 60 0
6 61 0
6 62 0
6 63 0.035
6 64 0.035
6 65 0
6 66 0
6 67 0
6 68 0.15
6 69 0
6 70 0.35
6 71 0
6 72 0.035
6 73 0.35
6 74 0
6 75 0.035
6 76 0.035
6 77 0
6 78 0
6 79 0
6 80 0
6 81 0.15
6 82 0
6 83 0.028
6 84 0
6 85 0
6 86 0
6 87 0
6 88 0
6 89 0
6 90 0
6 91 0.035
6 92 0
6 93 0
6 94 0.028
6 95 0
6 96 0
6 97 0
6 98 0
6 99 0
6 100 0
6 101 0
6 102 0.035
6 103 0.35
6 104 0.5
6 105 0
6 106 0
6 107 0
6 108 0
6 109 0
6 110 0
6 111 0
6 112 0.07
6 113 0
6 114 0
6 115 0
6 116 0
6 117 0
6 118 0
6 119 0
6 120 0
6 121 0
6 122 0
6 123 0.15
6 124 0
6 125 0
6 126 0
6 127 0
7 34 0.0345572
7 35 0.0215983
7 36 0.206263
7 37 0.0539957
7 38 0.0691145
7 39 0.191145
7 40 0.0345572
7 41 0.0172786
7 42 0.0917927
7 43 0.00431965
7 44 0
7 45 0
7 46 0.474082
7 47 0.0388769
7 48 0.0680346
7 49 0.109071
7 50 0
7 51 0.0302376
7 52 0.0215983
7 53 0.0194384
7 54 0
7 55 0.037797
7 56 0.2473
7 57 0.321814
7 58 0.0691145
7 59 0
7 60 0
7 61 0
7 62 0
7 63 0.00647948
7 64 0.0323974
7 65 0.0842333
7 66 0
7 67 0
7 68 0.0215983
7 69 0.0615551
7 70 0.0669546
7 71 0.0485961
7 72 0.0323974
7 73 0
7 74 0.0194384
7 75 0.0107991
7 76 0.318575
7 77 0
7 78 0
7 79 0
7 80 0.00647948
7 81 0.0647948
7 82 0.287257
7 83 0.0561555
7 84 0
7 85 0
7 86 0
7 87 0.00647948
7 88 0
7 89 0
7 90 0
7 91 0.11987
7 92 0.314255
7 93 0.0907127
7 94 0.12203
7 95 0.0388769
7 96 0
7 97 0
7 98 0
7 99 0
7 100 0
7 101 0
7 102 0.0917927
7 103 0.0518359
7 104 0.0583153
7 105 0
7 106 0
7 107 0
7 108 0
7 109 0
7 110 0
7 111 0
7 112 0
7 113 0
7 114 0.0269978
7 115 0.0388769
7 116 0
7 117 0
7 118 0
7 119 0
7 120 0
7 121 0.0485961
7 122 0
7 123 0.0215983
7 124 0
7 125 0
7 126 0
7 127 0
8 34 0.419487
8 35 0
8 36 0.0615385
8 37 0
8 38 0.0861538
8 39 0.100513
8 40 0.0646154
8 41 0
8 42 0
8 43 0
8 44 0
8 45 0
8 46 0.0102564
8 47 0.0861538
8 48 0
8 49 0.0502564
8 50 0
8 51 0.0933333
8 52 0.0933333
8 53 0.0307692
8 54 0
8 55 0
8 56 0
8 57 0.0625641
8 58 0.0123077
8 59 0.0102564
8 60 0
8 61 0
8 62 0
8 63 0
8 64 0
8 65 0
8 66 0
8 67 0
8 68 0
8 69 0.0861538
8 70 0.0861538
8 71 0
8 72 0
8 73 0.0492308
8 74 0
8 75 0
8 76 0
8 77 0.0102564
8 78 0
8 79 0
8 80 0
8 81 0
8 82 0.0625641
8 83 0.0307692
8 84 0
8 85 0.0102564
8 86 0.0102564
8 87 0
8 88 0
8 89 0
8 90 0
8 91 0
8 92 0.458462
8 93 0.0861538
8 94 0.0225641
8 95 0.116923
8 96 0
8 97 0.0102564
8 98 0
8 99 0
8 100 0
8 101 0
8 102 0.0933333
8 103 0.0307692
8 104 0
8 105 0.338462
8 106 0
8 107 0.0102564
8 108 0
8 109 0
8 110 0
8 111 0
8 112 0
8 113 0.338462
8 114 0
8 115 0.445128
8 116 0
8 117 0.0102564
8 118 0
8 119 0
8 120 0
8 121 0.0102564
8 122 0
8 123 0
8 124 0.0102564
8 125 0
8 126 0
8 127 0
9 34 0.0144033
9 35 0
9 36 0.00411523
9 37 0
9 38 0
9 39 0.0432099
9 40 0.0699588
9 41 0.00411523
9 42 0.115226
9 43 0.00411523
9 44 0
9 45 0.123457
9 46 0.497942
9 47 0
9 48 0
9 49 0.0288066
9 50 0
9 51 0
9 52 0
9 53 0
9 54 0
9 55 0.123457
9 56 0.00411523
9 57 0.0288066
9 58 0.436214
9 59 0
9 60 0
9 61 0
9 62 0
9 63 0
9 64 0
9 65 0.0246914
9 66 0
9 67 0
9 68 0
9 69 0
9 70 0
9 71 0
9 72 0
9 73 0.209877
9 74 0
9 75 0.127572
9 76 0.127572
9 77 0
9 78 0
9 79 0
9 80 0
9 81 0.123457
9 82 0.0288066
9 83 0.00411523
9 84 0
9 85 0
9 86 0
9 87 0
9 88 0
9 89 0
9 90 0
9 91 0.0288066
9 92 0.0185185
9 93 0.090535
9 94 0
9 95 0
9 96 0
9 97 0
9 98 0
9 99 0
9 100 0
9 101 0
9 102 0
9 103 0
9 104 0
9 105 0
9 106 0
9 107 0
9 108 0
9 109 0
9 110 0
9 111 0
9 112 0
9 113 0
9 114 0.00411523
9 115 0
9 116 0
9 117 0
9 118 0
9 119 0
9 120 0
9 121 0
9 122 0
9 123 0.123457
9 124 0
9 125 0
9 126 0
9 127 0
10 34 0.0408163
10 35 0.0163265
10 36 0
10 37 0.228571
10 38 0
10 39 0.0142857
10 40 0.0693878
10 41 0
10 42 0.027551
10 43 0.0438776
10 44 0
10 45 0.055102
10 46 0.0265306
10 47 0
10 48 0
10 49 0
10 50 0.163265
10 51 0
10 52 0
10 53 0
10 54 0
10 55 0
10 56 0
10 57 0
10 58 0
10 59 0.0816327
10 60 0.0714286
10 61 0
10 62 0
10 63 0.0163265
10 64 0
10 65 0
10 66 0.440816
10 67 0.0714286
10 68 0
10 69 0
10 70 0
10 71 0
10 72 0.163265
10 73 0
10 74 0
10 75 0
10 76 0
10 77 0.0816327
10 78 0
10 79 0
10 80 0
10 81 0
10 82 0.0163265
10 83 0
10 84 0
10 85 0.0816327
10 86 0.0816327
10 87 0
10 88 0.0714286
10 89 0
10 90 0
10 91 0
10 92 0.0142857
10 93 0
10 94 0.0102041
10 95 0.055102
10 96 0
10 97 0.0816327
10 98 0.0714286
10 99 0
10 100 0
10 101 0
10 102 0
10 103 0
10 104 0
10 105 0.0979592
10 106 0
10 107 0.0816327
10 108 0.0714286
10 109 0
10 110 0
10 111 0
10 112 0
10 113 0.0979592
10 114 0.0163265
10 115 0
10 116 0
10 117 0.0816327
10 118 0.0714286
10 119 0
10 120 0
10 121 0.0816327
10 122 0
10 123 0.0163265
10 124 0.0816327
10 125 0
10 126 0
10 127 0
11 34 0.0370752
11 35 0
11 36 0.268795
11 37 0
11 38 0.0360453
11 39 0.0978373
11 40 0.0144181
11 41 0.0288363
11 42 0.106076
11 43 0.00411946
11 44 0.0144181
11 45 0
11 46 0.0144181
11 47 0
11 48 0.173018
11 49 0.278064
11 50 0
11 51 0.129763
11 52 0.0792997
11 53 0.15448
11 54 0
11 55 0.015448
11 56 0.403708
11 57 0.481977
11 58 0.0164779
11 59 0.0102987
11 60 0
11 61 0
11 62 0
11 63 0.238929
11 64 0.015448
11 65 0.0247168
11 66 0.0144181
11 67 0
11 68 0
11 69 0.015448
11 70 0
11 71 0.173018
11 72 0.0514933
11 73 0
11 74 0
11 75 0.101957
11 76 0.469619
11 77 0.0102987
11 78 0
11 79 0
11 80 0
11 81 0.015448
11 82 0.419156
11 83 0.236869
11 84 0
11 85 0.0102987
11 86 0.0102987
11 87 0
11 88 0
11 89 0
11 90 0
11 91 0.0442842
11 92 0.0710608
11 93 0.115345
11 94 0.0226571
11 95 0.030896
11 96 0
11 97 0.0102987
11 98 0
11 99 0
11 100 0
11 101 0
11 102 0.0432544
11 103 0.0669413
11 104 0.0360453
11 105 0.0102987
11 106 0
11 107 0.0102987
11 108 0
11 109 0
11 110 0
11 111 0
11 112 0.0360453
11 113 0.0102987
11 114 0.00411946
11 115 0.030896
11 116 0
11 117 0.0102987
11 118 0
11 119 0
11 120 0
11 121 0.0102987
11 122 0
11 123 0
11 124 0.0102987
11 125 0
11 126 0
11 127 0
12 34 0.0264228
12 35 0.0162602
12 36 0
12 37 0.243902
12 38 0
12 39 0
12 40 0
12 41 0.130081
12 42 0
12 43 0.0162602
12 44 0
12 45 0
12 46 0.0264228
12 47 0
12 48 0
12 49 0
12 50 0
12 51 0
12 52 0
12 53 0.243902
12 54 0
12 55 0
12 56 0
12 57 0
12 58 0
12 59 0.284553
12 60 0.27439
12 61 0
12 62 0
12 63 0.0162602
12 64 0
12 65 0
12 66 0
12 67 0.0711382
12 68 0
12 69 0
12 70 0
12 71 0
12 72 0
12 73 0
12 74 0
12 75 0
12 76 0
12 77 0.284553
12 78 0
12 79 0
12 80 0
12 81 0
12 82 0.0162602
12 83 0
12 84 0
12 85 0.284553
12 86 0.0813008
12 87 0
12 88 0.27439
12 89 0
12 90 0
12 91 0
12 92 0
12 93 0
12 94 0.0101626
12 95 0
12 96 0
12 97 0.284553
12 98 0.27439
12 99 0
12 100 0
12 101 0
12 102 0
12 103 0
12 104 0
12 105 1
12 106 0
12 107 0.284553
12 108 0.27439
12 109 0
12 110 0
12 111 0
12 112 0
12 113 1
12 114 0.0162602
12 115 0.325203
12 116 0
12 117 0.284553
12 118 0.27439
12 119 0
12 120 0
12 121 0.0813008
12 122 0
12 123 0.0162602
12 124 0.284553
12 125 0
12 126 0
12 127 0
13 34 0.0609756
13 35 0
13 36 0.186992
13 37 0
13 38 0
13 39 0
13 40 0.0182927
13 41 0.121951
13 42 0.121951
13 43 0.121951
13 44 0
13 45 0
13 46 0
13 47 0
13 48 0.0609756
13 49 0
13 50 0
13 51 0
13 52 0
13 53 0.203252
13 54 0
13 55 0
13 56 0
13 57 0
13 58 0
13 59 0
13 60 0
13 61 0
13 62 0
13 63 0
13 64 0
13 65 0.325203
13 66 0
13 67 0.142276
13 68 0
13 69 0
13 70 0
13 71 0
13 72 0
13 73 0
13 74 0.203252
13 75 0
13 76 0
13 77 0
13 78 0
13 79 0
13 80 0
13 81 0
13 82 0.0182927
13 83 0
13 84 0
13 85 0
13 86 0
13 87 0
13 88 0
13 89 0
13 90 0
13 91 0
13 92 0
13 93 0
13 94 0
13 95 0
13 96 0
13 97 0
13 98 0
13 99 0
13 100 0
13 101 0
13 102 0
13 103 0
13 104 0
13 105 0
13 106 0.121951
13 107 0
13 108 0
13 109 0
13 110 0
13 111 0
13 112 0
13 113 0
13 114 0.162602
13 115 0
13 116 0
13 117 0
13 118 0
13 119 0
13 120 0
13 121 0
13 122 0
13 123 0
13 124 0
13 125 0
13 126 0
13 127 0
14 34 0
14 35 0
14 36 0
14 37 0
14 38 0
14 39 0
14 40 0
14 41 0.44
14 42 0.12
14 43 0.32
14 44 0
14 45 0.36
14 46 0
14 47 0
14 48 0
14 49 0
14 50 0.2
14 51 0
14 52 0
14 53 0.2
14 54 0
14 55 0
14 56 0
14 57 0
14 58 0
14 59 0
14 60 0
14 61 0
14 62 0
14 63 0
14 64 0
14 65 0.12
14 66 0
14 67 0
14 68 0.36
14 69 0
14 70 0
14 71 0
14 72 0
14 73 0
14 74 0
14 75 0
14 76 0
14 77 0
14 78 0
14 79 0
14 80 0
14 81 0
14 82 0
14 83 0
14 84 0
14 85 0
14 86 0
14 87 0
14 88 0
14 89 0
14 90 0
14 91 0
14 92 0
14 93 0
14 94 0
14 95 0.36
14 96 0
14 97 0
14 98 0
14 99 0
14 100 0
14 101 0
14 102 0
14 103 0
14 104 0
14 105 0
14 106 1
14 107 0
14 108 0
14 109 0
14 110 0
14 111 0
14 112 0
14 113 0
14 114 0.12
14 115 0
14 116 0
14 117 0
14 118 0
14 119 0
14 120 0
14 121 0
14 122 0
14 123 0
14 124 0
14 125 0
14 126 0
14 127 0
15 34 0.0917623
15 35 0.016684
15 36 0.016684
15 37 0
15 38 0
15 39 0.0291971
15 40 0.0187696
15 41 0.00417101
15 42 0.248175
15 43 0.145985
15 44 0.116788
15 45 0.116788
15 46 0.0427529
15 47 0
15 48 0.0625652
15 49 0.0291971
15 50 0
15 51 0.012513
15 52 0.012513
15 53 0.0625652
15 54 0
15 55 0
15 56 0.0104275
15 57 0.0417101
15 58 0.162669
15 59 0
15 60 0
15 61 0
15 62 0
15 63 0.0229406
15 64 0.0156413
15 65 0.0875912
15 66 0.116788
15 67 0.116788
15 68 0.0375391
15 69 0.00625652
15 70 0.00625652
15 71 0
15 72 0.0156413
15 73 0.0875912
15 74 0.0625652
15 75 0.0104275
15 76 0.00417101
15 77 0
15 78 0
15 79 0
15 80 0.00625652
15 81 0
15 82 0.0990615
15 83 0.00417101
15 84 0
15 85 0
15 86 0
15 87 0.00625652
15 88 0
15 89 0
15 90 0
15 91 0.145985
15 92 0.0229406
15 93 0.208551
15 94 0.0500521
15 95 0
15 96 0
15 97 0
15 98 0
15 99 0
15 100 0
15 101 0
15 102 0.0281543
15 103 0
15 104 0.00625652
15 105 0.016684
15 106 0
15 107 0
15 108 0
15 109 0
15 110 0
15 111 0
15 112 0
15 113 0.016684
15 114 0.0427529
15 115 0
15 116 0
15 117 0
15 118 0
15 119 0
15 120 0
15 121 0
15 122 0
15 123 0.016684
15 124 0
15 125 0
15 126 0
15 127 0
16 34 0.0717213
16 35 0.0696721
16 36 0.0122951
16 37 0
16 38 0
16 39 0.0512295
16 40 0.0245902
16 41 0.0122951
16 42 0.00614754
16 43 0
16 44 0.141393
16 45 0.0163934
16 46 0.0163934
16 47 0
16 48 0
16 49 0.358607
16 50 0.0512295
16 51 0.0860656
16 52 0.0204918
16 53 0
16 54 0.0512295
16 55 0.0204918
16 56 0.0922131
16 57 0
16 58 0.0655738
16 59 0.0102459
16 60 0
16 61 0.0512295
16 62 0
16 63 0.35041
16 64 0.0512295
16 65 0
16 66 0.141393
16 67 0.0163934
16 68 0.0881148
16 69 0.0307377
16 70 0.0512295
16 71 0
16 72 0.0512295
16 73 0
16 74 0.0512295
16 75 0.0307377
16 76 0.0122951
16 77 0.0102459
16 78 0.0512295
16 79 0
16 80 0.00614754
16 81 0
16 82 0.106557
16 83 0.0860656
16 84 0.0512295
16 85 0.0102459
16 86 0.0102459
16 87 0.00614754
16 88 0
16 89 0.0512295
16 90 0
16 91 0.0491803
16 92 0.067623
16 93 0.0307377
16 94 0.067623
16 95 0
16 96 0.0512295
16 97 0.0102459
16 98 0
16 99 0.0512295
16 100 0
16 101 0
16 102 0.0204918
16 103 0.0204918
16 104 0.0512295
16 105 0.0102459
16 106 0
16 107 0.0102459
16 108 0
16 109 0.0512295
16 110 0
16 111 0
16 112 0
16 113 0.0102459
16 114 0.35041
16 115 0
16 116 0.0512295
16 117 0.0102459
16 118 0
16 119 0.0512295
16 120 0
16 121 0.0614754
16 122 0.0512295
16 123 0.0204918
16 124 0.0102459
16 125 0.0512295
16 126 0
16 127 0
17 34 0
17 35 0.0183486
17 36 0
17 37 0
17 38 0.0366972
17 39 0.0856269
17 40 0
17 41 0
17 42 0.0550459
17 43 0.152905
17 44 0
17 45 0
17 46 0
17 47 0.122324
17 48 0.0825688
17 49 0.0825688
17 50 0
17 51 0
17 52 0
17 53 0
17 54 0
17 55 0.0642202
17 56 0
17 57 0.0366972
17 58 0
17 59 0
17 60 0
17 61 0
17 62 0
17 63 0.0183486
17 64 0
17 65 0.0366972
17 66 0.0183486
17 67 0
17 68 0.152905
17 69 0.122324
17 70 0.122324
17 71 0.0825688
17 72 0
17 73 0.0285423
17 74 0
17 75 0
17 76 0
17 77 0
17 78 0
17 79 0
17 80 0
17 81 0.171254
17 82 0
17 83 0
17 84 0
17 85 0
17 86 0
17 87 0
17 88 0
17 89 0
17 90 0
17 91 0.100917
17 92 0
17 93 0.0285423
17 94 0
17 95 0.122324
17 96 0
17 97 0
17 98 0
17 99 0
17 100 0
17 101 0
17 102 0.0356779
17 103 0
17 104 0
17 105 0
17 106 0
17 107 0
17 108 0
17 109 0
17 110 0
17 111 0
17 112 0
17 113 0
17 114 0.0540265
17 115 0.0366972
17 116 0
17 117 0
17 118 0
17 119 0
17 120 0
17 121 0
17 122 0
17 123 0.152905
17 124 0
17 125 0
17 126 0
17 127 0
18 34 0.0504541
18 35 0.490414
18 36 0
18 37 0
18 38 0
18 39 0
18 40 0
18 41 0
18 42 0
18 43 0
18 44 0.0817356
18 45 0
18 46 0
18 47 0
18 48 0
18 49 0
18 50 0.0504541
18 51 0
18 52 0
18 53 0
18 54 0.100908
18 55 0
18 56 0
18 57 0
18 58 0
18 59 0
18 60 0
18 61 0.182644
18 62 0
18 63 0
18 64 0.0504541
18 65 0
18 66 0
18 67 0
18 68 0.182644
18 69 0
18 70 0
18 71 0
18 72 0.100908
18 73 0
18 74 0.100908
18 75 0
18 76 0
18 77 0
18 78 0.182644
18 79 0
18 80 0.408678
18 81 0
18 82 0
18 83 0
18 84 0.100908
18 85 0
18 86 0
18 87 0.490414
18 88 0
18 89 0.182644
18 90 0
18 91 0
18 92 0
18 93 0
18 94 0
18 95 0
18 96 0.100908
18 97 0
18 98 0
18 99 0.182644
18 100 0
18 101 0
18 102 0
18 103 0
18 104 0
18 105 0
18 106 0
18 107 0
18 108 0
18 109 0.182644
18 110 0
18 111 0
18 112 0.0817356
18 113 0
18 114 0
18 115 0
18 116 0.100908
18 117 0
18 118 0
18 119 0.182644
18 120 0
18 121 0.427851
18 122 0.100908
18 123 0
18 124 0
18 125 0.182644
18 126 0
18 127 0
19 34 0
19 35 0.199396
19 36 0
19 37 0
19 38 0
19 39 0.0392749
19 40 0.161128
19 41 0
19 42 0.0392749
19 43 0
19 44 0.453172
19 45 0.120846
19 46 0.0060423
19 47 0
19 48 0.0634441
19 49 0.0634441
19 50 0
19 51 0
19 52 0.020141
19 53 0
19 54 0
19 55 0.453172
19 56 0.0060423
19 57 0.0151057
19 58 0.020141
19 59 0
19 60 0
19 61 0
19 62 0
19 63 0.0241692
19 64 0.151057
19 65 0
19 66 0.0181269
19 67 0
19 68 0
19 69 0.498489
19 70 0.503525
19 71 0.0634441
19 72 0.151057
19 73 0.120846
19 74 0
19 75 0.287009
19 76 0.120846
19 77 0
19 78 0
19 79 0
19 80 0.0060423
19 81 0.496475
19 82 0.0060423
19 83 0
19 84 0
19 85 0
19 86 0
19 87 0.0060423
19 88 0
19 89 0
19 90 0
19 91 0.0352467
19 92 0.021148
19 93 0
19 94 0.0654582
19 95 0
19 96 0
19 97 0
19 98 0
19 99 0
19 100 0
19 101 0
19 102 0.020141
19 103 0.020141
19 104 0.503525
19 105 0
19 106 0
19 107 0
19 108 0
19 109 0
19 110 0
19 111 0
19 112 0
19 113 0
19 114 0.0241692
19 115 0
19 116 0
19 117 0
19 118 0
19 119 0
19 120 0
19 121 0.0453172
19 122 0
19 123 0.140987
19 124 0
19 125 0
19 126 0
19 127 0
20 34 0.0601805
20 35 0.0210632
20 36 0.0481444
20 37 0.0210632
20 38 0
20 39 0.237713
20 40 0.0180542
20 41 0.252758
20 42 0.168506
20 43 0
20 44 0
20 45 0.168506
20 46 0
20 47 0.0210632
20 48 0.297894
20 49 0.0481444
20 50 0.237713
20 51 0
20 52 0
20 53 0.270812
20 54 0
20 55 0
20 56 0
20 57 0
20 58 0
20 59 0.0702106
20 60 0.0702106
20 61 0
20 62 0
20 63 0.0210632
20 64 0
20 65 0.0601805
20 66 0
20 67 0.449348
20 68 0
20 69 0
20 70 0
20 71 0
20 72 0.237713
20 73 0.141424
20 74 0.0601805
20 75 0
20 76 0
20 77 0.0702106
20 78 0
20 79 0
20 80 0
20 81 0
20 82 0.0391174
20 83 0.210632
20 84 0
20 85 0.0702106
20 86 0.0702106
20 87 0
20 88 0.0702106
20 89 0
20 90 0
20 91 0
20 92 0.168506
20 93 0
20 94 0
20 95 0
20 96 0
20 97 0.0702106
20 98 0.0702106
20 99 0
20 100 0
20 101 0
20 102 0
20 103 0
20 104 0
20 105 0.0702106
20 106 0
20 107 0.0702106
20 108 0.0702106
20 109 0
20 110 0
20 111 0
20 112 0
20 113 0.0702106
20 114 0.0210632
20 115 0.210632
20 116 0
20 117 0.0702106
20 118 0.0702106
20 119 0
20 120 0
20 121 0.0702106
20 122 0
20 123 0
20 124 0.0702106
20 125 0
20 126 0
20 127 0
21 34 0
21 35 0
21 36 0
21 37 0
21 38 0.218402
21 39 0.165824
21 40 0
21 41 0.364004
21 42 0.475228
21 43 0.182002
21 44 0.22548
21 45 0.182002
21 46 0.033367
21 47 0.19818
21 48 0
21 49 0.133468
21 50 0
21 51 0
21 52 0
21 53 0
21 54 0
21 55 0
21 56 0.00606673
21 57 0.0606673
21 58 0
21 59 0
21 60 0
21 61 0
21 62 0
21 63 0.00606673
21 64 0
21 65 0.384226
21 66 0.22548
21 67 0.169869
21 68 0
21 69 0.0424671
21 70 0.0424671
21 71 0
21 72 0
21 73 0.182002
21 74 0
21 75 0.115268
21 76 0.165824
21 77 0
21 78 0
21 79 0
21 80 0.0899899
21 81 0
21 82 0.057634
21 83 0
21 84 0
21 85 0
21 86 0
21 87 0.0899899
21 88 0
21 89 0
21 90 0
21 91 0.202224
21 92 0.00606673
21 93 0.168857
21 94 0
21 95 0.19818
21 96 0
21 97 0
21 98 0
21 99 0
21 100 0
21 101 0
21 102 0.141557
21 103 0
21 104 0.00606673
21 105 0
21 106 0
21 107 0
21 108 0
21 109 0
21 110 0
21 111 0
21 112 0
21 113 0
21 114 0.0899899
21 115 0.218402
21 116 0
21 117 0
21 118 0
21 119 0
21 120 0
21 121 0
21 122 0
21 123 0
21 124 0
21 125 0
21 126 0
21 127 0
22 34 0
22 35 0.201005
22 36 0
22 37 0.100503
22 38 0.040201
22 39 0.0150754
22 40 0.201005
22 41 0
22 42 0.0150754
22 43 0
22 44 0
22 45 0
22 46 0
22 47 0
22 48 0.0452261
22 49 0.0452261
22 50 0
22 51 0
22 52 0.0201005
22 53 0
22 54 0
22 55 0.170854
22 56 0
22 57 0.0150754
22 58 0.201005
22 59 0
22 60 0
22 61 0
22 62 0.301508
22 63 0.040201
22 64 0.452261
22 65 0
22 66 0.0603015
22 67 0.301508
22 68 0
22 69 0.0552764
22 70 0.0201005
22 71 0.346734
22 72 0.452261
22 73 0
22 74 0
22 75 0.356784
22 76 0
22 77 0
22 78 0
22 79 0.301508
22 80 0
22 81 0.236181
22 82 0
22 83 0
22 84 0
22 85 0
22 86 0
22 87 0
22 88 0
22 89 0
22 90 0.301508
22 91 0.0753769
22 92 0.0150754
22 93 0
22 94 0.447236
22 95 0
22 96 0
22 97 0
22 98 0
22 99 0
22 100 0.301508
22 101 0
22 102 0.40201
22 103 0.0201005
22 104 0.0201005
22 105 0
22 106 0
22 107 0
22 108 0
22 109 0
22 110 0.301508
22 111 0
22 112 0
22 113 0
22 114 0
22 115 0
22 116 0
22 117 0
22 118 0
22 119 0
22 120 0.301508
22 121 0.0452261
22 122 0
22 123 0.321608
22 124 0
22 125 0
22 126 0.301508
22 127 0
23 34 0.0101937
23 35 0
23 36 0
23 37 0
23 38 0
23 39 0
23 40 0.0275229
23 41 0
23 42 0.0275229
23 43 0
23 44 0
23 45 0.0275229
23 46 0.0101937
23 47 0
23 48 0
23 49 0
23 50 0
23 51 0.030581
23 52 0.030581
23 53 0.030581
23 54 0.0825688
23 55 0
23 56 0
23 57 0
23 58 0.137615
23 59 0.0101937
23 60 0
23 61 0
23 62 0.0825688
23 63 0
23 64 0.0825688
23 65 0
23 66 0
23 67 0
23 68 0
23 69 0
23 70 0
23 71 0
23 72 0
23 73 0
23 74 0
23 75 0
23 76 0
23 77 0.0101937
23 78 0
23 79 0.0825688
23 80 0
23 81 0
23 82 0
23 83 0.030581
23 84 0.0825688
23 85 0.0101937
23 86 0.0101937
23 87 0
23 88 0
23 89 0
23 90 0.0825688
23 91 0
23 92 0
23 93 0
23 94 0.0101937
23 95 0.058104
23 96 0.0825688
23 97 0.0101937
23 98 0
23 99 0
23 100 0.0825688
23 101 0
23 102 0.030581
23 103 0.030581
23 104 0
23 105 0.336391
23 106 0
23 107 0.0101937
23 108 0
23 109 0
23 110 0.0825688
23 111 0
23 112 0.0825688
23 113 0.336391
23 114 0
23 115 0.356779
23 116 0.0825688
23 117 0.0101937
23 118 0
23 119 0
23 120 0.0825688
23 121 0.0927625
23 122 0.0825688
23 123 0
23 124 0.0101937
23 125 0
23 126 0.0825688
23 127 0
24 34 0
24 35 0
24 36 0
24 37 0
24 38 0
24 39 0
24 40 0
24 41 0
24 42 0
24 43 0
24 44 0
24 45 0
24 46 0
24 47 0
24 48 0
24 49 0
24 50 0
24 51 0.3
24 52 0.03
24 53 0.03
24 54 0
24 55 0
24 56 0
24 57 0
24 58 0
24 59 0
24 60 0
24 61 0
24 62 0
24 63 0
24 64 0
24 65 0
24 66 0
24 67 0
24 68 0
24 69 0
24 70 0
24 71 0
24 72 0
24 73 0
24 74 0
24 75 0
24 76 0
24 77 0
24 78 0
24 79 0
24 80 0
24 81 0
24 82 0
24 83 0.03
24 84 0
24 85 0
24 86 0
24 87 0
24 88 0
24 89 0
24 90 0
24 91 0
24 92 0
24 93 0
24 94 0
24 95 0.3
24 96 0
24 97 0
24 98 0
24 99 0
24 100 0
24 101 0.7
24 102 0.03
24 103 0.3
24 104 0
24 105 0
24 106 0
24 107 0
24 108 0
24 109 0
24 110 0
24 111 0.7
24 112 0
24 113 0
24 114 0
24 115 0.03
24 116 0
24 117 0
24 118 0
24 119 0
24 120 0
24 121 0
24 122 0
24 123 0
24 124 0
24 125 0
24 126 0
24 127 0.7
25 34 0.357503
25 35 0
25 36 0
25 37 0
25 38 0
25 39 0
25 40 0.291037
25 41 0
25 42 0
25 43 0.20141
25 44 0
25 45 0
25 46 0
25 47 0
25 48 0.0181269
25 49 0.0493454
25 50 0.20141
25 51 0.0493454
25 52 0.0493454
25 53 0.219537
25 54 0
25 55 0
25 56 0
25 57 0.0493454
25 58 0
25 59 0
25 60 0
25 61 0
25 62 0
25 63 0
25 64 0
25 65 0.0181269
25 66 0
25 67 0
25 68 0
25 69 0
25 70 0
25 71 0
25 72 0
25 73 0
25 74 0.0181269
25 75 0
25 76 0
25 77 0
25 78 0
25 79 0
25 80 0
25 81 0
25 82 0.0674723
25 83 0
25 84 0
25 85 0
25 86 0
25 87 0
25 88 0
25 89 0
25 90 0
25 91 0
25 92 0.0493454
25 93 0
25 94 0
25 95 0
25 96 0
25 97 0
25 98 0
25 99 0
25 100 0
25 101 0
25 102 0.0493454
25 103 0
25 104 0
25 105 0
25 106 0.20141
25 107 0
25 108 0
25 109 0
25 110 0
25 111 0
25 112 0
25 113 0
25 114 0
25 115 0
25 116 0
25 117 0
25 118 0
25 119 0
25 120 0
25 121 0
25 122 0
25 123 0
25 124 0
25 125 0
25 126 0
25 127 0
26 34 0.0504541
26 35 0
26 36 0
26 37 0
26 38 0
26 39 0
26 40 0
26 41 0
26 42 0
26 43 0
26 44 0
26 45 0
26 46 0
26 47 0
26 48 0
26 49 0
26 50 0.0504541
26 51 0
26 52 0
26 53 0
26 54 1
26 55 0
26 56 0
26 57 0
26 58 0
26 59 0
26 60 0
26 61 0.100908
26 62 0.0817356
26 63 0
26 64 0.13219
26 65 0
26 66 0
26 67 0
26 68 0.100908
26 69 0
26 70 0
26 71 0
26 72 0.100908
26 73 0
26 74 0.100908
26 75 0
26 76 0
26 77 0
26 78 0.100908
26 79 0.0817356
26 80 0
26 81 0
26 82 0
26 83 0
26 84 1
26 85 0
26 86 0
26 87 0
26 88 0
26 89 0.100908
26 90 0.0817356
26 91 0
26 92 0
26 93 0
26 94 0
26 95 0
26 96 1
26 97 0
26 98 0
26 99 0.100908
26 100 0.0817356
26 101 0
26 102 0
26 103 0
26 104 0
26 105 0
26 106 0
26 107 0
26 108 0
26 109 0.100908
26 110 0.0817356
26 111 0
26 112 0.0817356
26 113 0
26 114 0
26 115 0
26 116 1
26 117 0
26 118 0
26 119 0.100908
26 120 0.0817356
26 121 0.182644
26 122 1
26 123 0
26 124 0
26 125 0.100908
26 126 0.0817356
26 127 0
27 34 0
27 35 0.02
27 36 0.03
27 37 0.35
27 38 0.35
27 39 0.168
27 40 0
27 41 0
27 42 0
27 43 0
27 44 0
27 45 0
27 46 0
27 47 0.342
27 48 0
27 49 0
27 50 0
27 51 0.168
27 52 0.17
27 53 0
27 54 0
27 55 0.35
27 56 0
27 57 0.042
27 58 0.02
27 59 0
27 60 0
27 61 0
27 62 0
27 63 0.07
27 64 0.04
27 65 0.3
27 66 0.03
27 67 0
27 68 0
27 69 0.35
27 70 0.02
27 71 0
27 72 0.04
27 73 0.042
27 74 0
27 75 0.07
27 76 0
27 77 0
27 78 0
27 79 0
27 80 0
27 81 0.35
27 82 0.042
27 83 0.198
27 84 0
27 85 0
27 86 0
27 87 0
27 88 0
27 89 0
27 90 0
27 91 0.09
27 92 0
27 93 0
27 94 0.02
27 95 0
27 96 0
27 97 0
27 98 0
27 99 0
27 100 0
27 101 0.3
27 102 0.05
27 103 0.35
27 104 0.02
27 105 0
27 106 0
27 107 0
27 108 0
27 109 0
27 110 0
27 111 0.3
27 112 0
27 113 0
27 114 0.042
27 115 0
27 116 0
27 117 0
27 118 0
27 119 0
27 120 0
27 121 0
27 122 0
27 123 0.39
27 124 0
27 125 0
27 126 0
27 127 0.3
28 34 0.0100806
28 35 0
28 36 0
28 37 0
28 38 0
28 39 0
28 40 0
28 41 0
28 42 0
28 43 0
28 44 0
28 45 0
28 46 0.0100806
28 47 0
28 48 0
28 49 0
28 50 0
28 51 0
28 52 0
28 53 0
28 54 0
28 55 0
28 56 0
28 57 0
28 58 0
28 59 1
28 60 0.272177
28 61 0
28 62 0
28 63 0
28 64 0
28 65 0
28 66 0
28 67 0.0705645
28 68 0
28 69 0
28 70 0
28 71 0
28 72 0
28 73 0
28 74 0
28 75 0
28 76 0
28 77 1
28 78 0
28 79 0
28 80 0
28 81 0
28 82 0
28 83 0
28 84 0
28 85 1
28 86 0.0806452
28 87 0
28 88 0.272177
28 89 0
28 90 0
28 91 0
28 92 0
28 93 0
28 94 0.0100806
28 95 0
28 96 0
28 97 1
28 98 0.272177
28 99 0
28 100 0
28 101 0
28 102 0
28 103 0
28 104 0
28 105 0.282258
28 106 0
28 107 1
28 108 0.272177
28 109 0
28 110 0
28 111 0
28 112 0
28 113 0.282258
28 114 0
28 115 0
28 116 0
28 117 1
28 118 0.272177
28 119 0
28 120 0
28 121 0.0806452
28 122 0
28 123 0.0645161
28 124 1
28 125 0
28 126 0
28 127 0
29 34 0.0102041
29 35 0
29 36 0
29 37 0
29 38 0
29 39 0
29 40 0
29 41 0
29 42 0
29 43 0
29 44 0
29 45 0
29 46 0.0102041
29 47 0
29 48 0
29 49 0
29 50 0
29 51 0
29 52 0
29 53 0
29 54 0
29 55 0
29 56 0
29 57 0
29 58 0
29 59 0.0816327
29 60 0.0714286
29 61 0
29 62 0
29 63 0
29 64 0
29 65 0
29 66 0
29 67 0.0714286
29 68 0
29 69 0
29 70 0
29 71 0
29 72 0
29 73 0
29 74 0
29 75 0
29 76 0
29 77 0.0816327
29 78 0
29 79 0
29 80 0
29 81 0
29 82 0
29 83 0
29 84 0
29 85 0.0816327
29 86 1
29 87 0
29 88 0.0714286
29 89 0
29 90 0
29 91 0
29 92 0
29 93 0
29 94 0.0102041
29 95 0
29 96 0
29 97 0.0816327
29 98 0.0714286
29 99 0
29 100 0
29 101 0
29 102 0
29 103 0
29 104 0
29 105 0.0816327
29 106 0
29 107 0.0816327
29 108 0.0714286
29 109 0
29 110 0
29 111 0
29 112 0
29 113 0.0816327
29 114 0
29 115 0
29 116 0
29 117 0.0816327
29 118 0.0714286
29 119 0
29 120 0
29 121 0.0816327
29 122 0
29 123 0
29 124 0.0816327
29 125 0
29 126 0
29 127 0
30 34 0.0503018
30 35 0
30 36 0
30 37 0
30 38 0
30 39 0
30 40 0
30 41 0
30 42 0.0482897
30 43 0
30 44 0
30 45 0
30 46 0
30 47 0
30 48 0
30 49 0
30 50 0.0503018
30 51 0
30 52 0
30 53 0
30 54 0.100604
30 55 0
30 56 0
30 57 0
30 58 0
30 59 0
30 60 0
30 61 0.100604
30 62 0
30 63 0.0482897
30 64 0.412475
30 65 0
30 66 0
30 67 0
30 68 0.100604
30 69 0
30 70 0
30 71 0
30 72 0.100604
30 73 0
30 74 0.100604
30 75 0
30 76 0
30 77 0
30 78 0.100604
30 79 0
30 80 0.488934
30 81 0
30 82 0
30 83 0
30 84 0.100604
30 85 0
30 86 0
30 87 0.410463
30 88 0
30 89 0.100604
30 90 0
30 91 0
30 92 0
30 93 0
30 94 0
30 95 0
30 96 0.100604
30 97 0
30 98 0
30 99 0.100604
30 100 0
30 101 0
30 102 0
30 103 0
30 104 0
30 105 0
30 106 0
30 107 0
30 108 0
30 109 0.100604
30 110 0
30 111 0
30 112 0
30 113 0
30 114 0
30 115 0
30 116 0.100604
30 117 0
30 118 0
30 119 0.100604
30 120 0
30 121 0.100604
30 122 0.100604
30 123 0
30 124 0
30 125 0.100604
30 126 0
30 127 0
31 34 0
31 35 0
31 36 0
31 37 0
31 38 0
31 39 0
31 40 0
31 41 0
31 42 0
31 43 0
31 44 0
31 45 0
31 46 0
31 47 0
31 48 0
31 49 0
31 50 0
31 51 0
31 52 0
31 53 0
31 54 0
31 55 0
31 56 0
31 57 0
31 58 0
31 59 0.272727
31 60 1
31 61 0
31 62 0
31 63 0
31 64 0
31 65 0
31 66 0
31 67 0.0707071
31 68 0
31 69 0
31 70 0
31 71 0
31 72 0
31 73 0
31 74 0
31 75 0
31 76 0
31 77 0.272727
31 78 0
31 79 0
31 80 0
31 81 0
31 82 0
31 83 0
31 84 0
31 85 0.272727
31 86 0.0707071
31 87 0
31 88 1
31 89 0
31 90 0
31 91 0
31 92 0
31 93 0
31 94 0
31 95 0
31 96 0
31 97 0.272727
31 98 1
31 99 0
31 100 0
31 101 0
31 102 0
31 103 0
31 104 0
31 105 0.272727
31 106 0
31 107 0.272727
31 108 1
31 109 0
31 110 0
31 111 0
31 112 0
31 113 0.272727
31 114 0
31 115 0
31 116 0
31 117 0.272727
31 118 1
31 119 0
31 120 0
31 121 0.0707071
31 122 0
31 123 0
31 124 0.272727
31 125 0
31 126 0
31 127 0
32 34 0.0504541
32 35 0
32 36 0
32 37 0
32 38 0
32 39 0
32 40 0
32 41 0
32 42 0
32 43 0
32 44 0.0817356
32 45 0
32 46 0
32 47 0
32 48 0
32 49 0
32 50 0.0504541
32 51 0
32 52 0
32 53 0
32 54 0.100908
32 55 0
32 56 0
32 57 0
32 58 0
32 59 0
32 60 0
32 61 1
32 62 0
32 63 0
32 64 0.0504541
32 65 0
32 66 0
32 67 0
32 68 0.182644
32 69 0
32 70 0
32 71 0
32 72 0.100908
32 73 0
32 74 0.100908
32 75 0
32 76 0
32 77 0
32 78 1
32 79 0
32 80 0.0817356
32 81 0
32 82 0
32 83 0
32 84 0.100908
32 85 0
32 86 0
32 87 0
32 88 0
32 89 1
32 90 0
32 91 0
32 92 0
32 93 0
32 94 0
32 95 0
32 96 0.100908
32 97 0
32 98 0
32 99 1
32 100 0
32 101 0
32 102 0
32 103 0
32 104 0
32 105 0
32 106 0
32 107 0
32 108 0
32 109 1
32 110 0
32 111 0
32 112 0.0817356
32 113 0
32 114 0
32 115 0
32 116 0.100908
32 117 0
32 118 0
32 119 1
32 120 0
32 121 0.100908
32 122 0.100908
32 123 0
32 124 0
32 125 1
32 126 0
32 127 0
33 34 0
33 35 0
33 36 0
33 37 0
33 38 0
33 39 0
33 40 0
33 41 0
33 42 0
33 43 0
33 44 0
33 45 0
33 46 0
33 47 0
33 48 0
33 49 0
33 50 0
33 51 0
33 52 0
33 53 0
33 54 0.0825688
33 55 0
33 56 0
33 57 0
33 58 0
33 59 0
33 60 0
33 61 0
33 62 1
33 63 0
33 64 0.0825688
33 65 0
33 66 0
33 67 0.30581
33 68 0
33 69 0
33 70 0
33 71 0.30581
33 72 0
33 73 0
33 74 0
33 75 0
33 76 0
33 77 0
33 78 0
33 79 1
33 80 0
33 81 0
33 82 0
33 83 0
33 84 0.0825688
33 85 0
33 86 0
33 87 0
33 88 0
33 89 0
33 90 1
33 91 0
33 92 0
33 93 0
33 94 0
33 95 0
33 96 0.0825688
33 97 0
33 98 0
33 99 0
33 100 1
33 101 0
33 102 0
33 103 0
33 104 0
33 105 0
33 106 0
33 107 0
33 108 0
33 109 0
33 110 1
33 111 0
33 112 0.0825688
33 113 0
33 114 0
33 115 0
33 116 0.0825688
33 117 0
33 118 0
33 119 0
33 120 1
33 121 0.0825688
33 122 0.0825688
33 123 0
33 124 0
33 125 0
33 126 1
33 127 0
34 63 0.016444
34 64 0
34 65 0.061665
34 66 0
34 67 0
34 68 0.0513875
34 69 0
34 70 0
34 71 0
34 72 0.0513875
34 73 0
34 74 0.113052
34 75 0
34 76 0
34 77 0.0102775
34 78 0.0513875
34 79 0
34 80 0
34 81 0
34 82 0.0976362
34 83 0
34 84 0.0513875
34 85 0.0102775
34 86 0.0102775
34 87 0
34 88 0
34 89 0.0513875
34 90 0
34 91 0
34 92 0.410072
34 93 0
34 94 0.0226105
34 95 0
34 96 0.0513875
34 97 0.0102775
34 98 0
34 99 0.0513875
34 100 0
34 101 0
34 102 0.15519
34 103 0
34 104 0
34 105 0.0267215
34 106 0
34 107 0.0102775
34 108 0
34 109 0.0513875
34 110 0
34 111 0
34 112 0
34 113 0.0267215
34 114 0.016444
34 115 0
34 116 0.0513875
34 117 0.0102775
34 118 0
34 119 0.0513875
34 120 0
34 121 0.061665
34 122 0.0513875
34 123 0.016444
34 124 0.0102775
34 125 0.0513875
34 126 0
34 127 0
35 63 0.140244
35 64 0.0355691
35 65 0
35 66 0.0182927
35 67 0
35 68 0
35 69 0
35 70 0.0203252
35 71 0.0182927
35 72 0.0213415
35 73 0.0213415
35 74 0
35 75 0.182927
35 76 0
35 77 0
35 78 0
35 79 0
35 80 0
35 81 0.180894
35 82 0.0376016
35 83 0
35 84 0
35 85 0
35 86 0
35 87 0.493902
35 88 0
35 89 0
35 90 0
35 91 0.0558943
35 92 0.0487805
35 93 0
35 94 0.203252
35 95 0
35 96 0
35 97 0
35 98 0
35 99 0
35 100 0
35 101 0
35 102 0.238821
35 103 0.0558943
35 104 0.0558943
35 105 0.0162602
35 106 0
35 107 0
35 108 0
35 109 0
35 110 0
35 111 0
35 112 0.0355691
35 113 0.0162602
35 114 0.104675
35 115 0
35 116 0
35 117 0
35 118 0
35 119 0
35 120 0
35 121 0
35 122 0
35 123 0.0365854
35 124 0
35 125 0
35 126 0
35 127 0
36 63 0.262781
36 64 0.0357873
36 65 0
36 66 0.0306748
36 67 0
36 68 0
36 69 0.0306748
36 70 0
36 71 0.171779
36 72 0
36 73 0.0490798
36 74 0.171779
36 75 0.0347648
36 76 0.266871
36 77 0
36 78 0
36 79 0
36 80 0
36 81 0.0306748
36 82 0.266871
36 83 0.0347648
36 84 0
36 85 0
36 86 0
36 87 0
36 88 0
36 89 0
36 90 0
36 91 0.0828221
36 92 0.126789
36 93 0.0756646
36 94 0.0122699
36 95 0
36 96 0
36 97 0
36 98 0
36 99 0
36 100 0
36 101 0
36 102 0.0787321
36 103 0.0357873
36 104 0.0357873
36 105 0
36 106 0
36 107 0
36 108 0
36 109 0
36 110 0
36 111 0
36 112 0.0357873
36 113 0
36 114 0.0449898
36 115 0
36 116 0
36 117 0
36 118 0
36 119 0
36 120 0
36 121 0
36 122 0
36 123 0
36 124 0
36 125 0
36 126 0
36 127 0
37 63 0.128571
37 64 0.137755
37 65 0
37 66 0.0918367
37 67 0
37 68 0
37 69 0.357143
37 70 0
37 71 0
37 72 0.123469
37 73 0.0214286
37 74 0
37 75 0.0714286
37 76 0
37 77 0
37 78 0
37 79 0
37 80 0
37 81 0.357143
37 82 0.0214286
37 83 0.0510204
37 84 0
37 85 0
37 86 0
37 87 0
37 88 0
37 89 0
37 90 0
37 91 0.107143
37 92 0
37 93 0
37 94 0
37 95 0
37 96 0
37 97 0
37 98 0
37 99 0
37 100 0
37 101 0
37 102 0.117347
37 103 0.0357143
37 104 0.0357143
37 105 0.244898
37 106 0
37 107 0
37 108 0
37 109 0
37 110 0
37 111 0
37 112 0.0357143
37 113 0.244898
37 114 0.0214286
37 115 0
37 116 0
37 117 0
37 118 0
37 119 0
37 120 0
37 121 0
37 122 0
37 123 0.102041
37 124 0
37 125 0
37 126 0
37 127 0
38 63 0.105
38 64 0.075
38 65 0.216
38 66 0.03
38 67 0
38 68 0
38 69 0.386
38 70 0.036
38 71 0
38 72 0.075
38 73 0.18
38 74 0
38 75 0.105
38 76 0.035
38 77 0
38 78 0
38 79 0
38 80 0
38 81 0.35
38 82 0
38 83 0.058
38 84 0
38 85 0
38 86 0
38 87 0
38 88 0
38 89 0
38 90 0
38 91 0.141
38 92 0
38 93 0.084
38 94 0.028
38 95 0.036
38 96 0
38 97 0
38 98 0
38 99 0
38 100 0
38 101 0
38 102 0.065
38 103 0.35
38 104 0.35
38 105 0
38 106 0
38 107 0
38 108 0
38 109 0
38 110 0
38 111 0
38 112 0.07
38 113 0
38 114 0
38 115 0.3
38 116 0
38 117 0
38 118 0
38 119 0
38 120 0
38 121 0
38 122 0
38 123 0.04
38 124 0
38 125 0
38 126 0
38 127 0
39 63 0.0217391
39 64 0.015528
39 65 0.169772
39 66 0.15942
39 67 0
39 68 0
39 69 0.127329
39 70 0.111801
39 71 0
39 72 0.26087
39 73 0.0217391
39 74 0.101449
39 75 0.0289855
39 76 0.200828
39 77 0
39 78 0
39 79 0
39 80 0
39 81 0.015528
39 82 0.0900621
39 83 0.207039
39 84 0
39 85 0
39 86 0
39 87 0
39 88 0
39 89 0
39 90 0
39 91 0.201863
39 92 0.154244
39 93 0.372671
39 94 0.0289855
39 95 0.0869565
39 96 0
39 97 0
39 98 0
39 99 0
39 100 0
39 101 0
39 102 0.144928
39 103 0.202899
39 104 0.0538302
39 105 0
39 106 0
39 107 0
39 108 0
39 109 0
39 110 0
39 111 0
39 112 0
39 113 0
39 114 0.0258799
39 115 0
39 116 0
39 117 0
39 118 0
39 119 0
39 120 0
39 121 0
39 122 0
39 123 0.173913
39 124 0
39 125 0
39 126 0
39 127 0
40 63 0
40 64 0.203252
40 65 0.0182927
40 66 0
40 67 0
40 68 0.246951
40 69 0
40 70 0
40 71 0
40 72 0.203252
40 73 0
40 74 0.0182927
40 75 0
40 76 0
40 77 0
40 78 0
40 79 0
40 80 0
40 81 0.162602
40 82 0.0680894
40 83 0
40 84 0
40 85 0
40 86 0
40 87 0
40 88 0
40 89 0
40 90 0
40 91 0
40 92 0.0640244
40 93 0
40 94 0.203252
40 95 0.054878
40 96 0
40 97 0
40 98 0
40 99 0
40 100 0
40 101 0
40 102 0.253049
40 103 0
40 104 0
40 105 0
40 106 0
40 107 0
40 108 0
40 109 0
40 110 0
40 111 0
40 112 0
40 113 0
40 114 0
40 115 0
40 116 0
40 117 0
40 118 0
40 119 0
40 120 0
40 121 0
40 122 0
40 123 0.203252
40 124 0
40 125 0
40 126 0
40 127 0
41 63 0
41 64 0
41 65 0.123967
41 66 0
41 67 0.173554
41 68 0
41 69 0
41 70 0
41 71 0
41 72 0
41 73 0
41 74 0
41 75 0.115702
41 76 0.128099
41 77 0
41 78 0
41 79 0
41 80 0
41 81 0
41 82 0.0289256
41 83 0.00413223
41 84 0
41 85 0
41 86 0
41 87 0
41 88 0
41 89 0
41 90 0
41 91 0.0165289
41 92 0.0413223
41 93 0.0289256
41 94 0
41 95 0
41 96 0
41 97 0
41 98 0
41 99 0
41 100 0
41 101 0
41 102 0
41 103 0
41 104 0
41 105 0.132231
41 106 0.454545
41 107 0
41 108 0
41 109 0
41 110 0
41 111 0
41 112 0
41 113 0.132231
41 114 0.128099
41 115 0
41 116 0
41 117 0
41 118 0
41 119 0
41 120 0
41 121 0
41 122 0
41 123 0
41 124 0
41 125 0
41 126 0
41 127 0
42 63 0.0745342
42 64 0.015528
42 65 0.372671
42 66 0.0766046
42 67 0.173913
42 68 0
42 69 0.0590062
42 70 0.0434783
42 71 0.0186335
42 72 0.015528
42 73 0.273292
42 74 0
42 75 0.0724638
42 76 0.124224
42 77 0
42 78 0
42 79 0
42 80 0.0641822
42 81 0.0341615
42 82 0.0351967
42 83 0.00414079
42 84 0
42 85 0
42 86 0
42 87 0.113872
42 88 0
42 89 0
42 90 0
42 91 0.0817805
42 92 0.0258799
42 93 0.0910973
42 94 0
42 95 0.0652174
42 96 0
42 97 0
42 98 0
42 99 0
42 100 0
42 101 0
42 102 0
42 103 0
42 104 0.00621118
42 105 0
42 106 0.124224
42 107 0
42 108 0
42 109 0
42 110 0
42 111 0
42 112 0
42 113 0
42 114 0.21118
42 115 0.223602
42 116 0
42 117 0
42 118 0
42 119 0
42 120 0
42 121 0
42 122 0
42 123 0
42 124 0
42 125 0
42 126 0
42 127 0
43 63 0.0160481
43 64 0
43 65 0.300903
43 66 0
43 67 0
43 68 0.180542
43 69 0.0300903
43 70 0.0300903
43 71 0
43 72 0
43 73 0.180542
43 74 0
43 75 0.00401204
43 76 0.00401204
43 77 0
43 78 0
43 79 0
43 80 0
43 81 0.150451
43 82 0.0200602
43 83 0.00401204
43 84 0
43 85 0
43 86 0
43 87 0
43 88 0
43 89 0
43 90 0
43 91 0.00401204
43 92 0.00401204
43 93 0.00401204
43 94 0
43 95 0.0270812
43 96 0
43 97 0
43 98 0
43 99 0
43 100 0
43 101 0
43 102 0
43 103 0
43 104 0.150451
43 105 0.0160481
43 106 0.320963
43 107 0
43 108 0
43 109 0
43 110 0
43 111 0
43 112 0.0300903
43 113 0.0160481
43 114 0.140421
43 115 0.180542
43 116 0
43 117 0
43 118 0
43 119 0
43 120 0
43 121 0
43 122 0
43 123 0.166499
43 124 0
43 125 0
43 126 0
43 127 0
44 63 0
44 64 0
44 65 0.1417
44 66 0.462551
44 67 0.11336
44 68 0.0981781
44 69 0.455466
44 70 0.455466
44 71 0
44 72 0
44 73 0
44 74 0
44 75 0
44 76 0.0566802
44 77 0
44 78 0.0819838
44 79 0
44 80 0.165992
44 81 0
44 82 0.041498
44 83 0
44 84 0
44 85 0
44 86 0
44 87 0.0840081
44 88 0
44 89 0.0819838
44 90 0
44 91 0.255061
44 92 0
44 93 0.296559
44 94 0.0161943
44 95 0
44 96 0
44 97 0
44 98 0
44 99 0.0819838
44 100 0
44 101 0
44 102 0.1417
44 103 0
44 104 0.455466
44 105 0
44 106 0
44 107 0
44 108 0
44 109 0.0819838
44 110 0
44 111 0
44 112 0.0819838
44 113 0
44 114 0.0840081
44 115 0
44 116 0
44 117 0
44 118 0
44 119 0.0819838
44 120 0
44 121 0
44 122 0
44 123 0
44 124 0
44 125 0.0819838
44 126 0
44 127 0
45 63 0
45 64 0
45 65 0.181087
45 66 0.112676
45 67 0.112676
45 68 0.37827
45 69 0
45 70 0
45 71 0
45 72 0
45 73 0.422535
45 74 0
45 75 0.120724
45 76 0.120724
45 77 0
45 78 0
45 79 0
45 80 0
45 81 0.120724
45 82 0
45 83 0
45 84 0
45 85 0
45 86 0
45 87 0
45 88 0
45 89 0
45 90 0
45 91 0.112676
45 92 0.169014
45 93 0.112676
45 94 0.0160966
45 95 0.416499
45 96 0
45 97 0
45 98 0
45 99 0
45 100 0
45 101 0
45 102 0
45 103 0
45 104 0
45 105 0
45 106 0.362173
45 107 0
45 108 0
45 109 0
45 110 0
45 111 0
45 112 0
45 113 0
45 114 0
45 115 0.181087
45 116 0
45 117 0
45 118 0
45 119 0
45 120 0
45 121 0
45 122 0
45 123 0.120724
45 124 0
45 125 0
45 126 0
45 127 0
46 63 0.0226337
46 64 0.0154321
46 65 0
46 66 0.0277778
46 67 0
46 68 0
46 69 0.00617284
46 70 0.00617284
46 71 0
46 72 0.0154321
46 73 0
46 74 0
46 75 0.0102881
46 76 0.0288066
46 77 0.0102881
46 78 0
46 79 0
46 80 0.0339506
46 81 0
46 82 0.0946502
46 83 0.0246914
46 84 0
46 85 0.0102881
46 86 0.0102881
46 87 0.0339506
46 88 0
46 89 0
46 90 0
46 91 0.00411523
46 92 0.174897
46 93 0.031893
46 94 0.0102881
46 95 0
46 96 0
46 97 0.0102881
46 98 0
46 99 0
46 100 0
46 101 0
46 102 0.0668724
46 103 0
46 104 0.00617284
46 105 0.026749
46 106 0
46 107 0.0102881
46 108 0
46 109 0
46 110 0
46 111 0
46 112 0
46 113 0.026749
46 114 0.0699588
46 115 0
46 116 0
46 117 0.0102881
46 118 0
46 119 0
46 120 0
46 121 0.0102881
46 122 0
46 123 0.0164609
46 124 0.0102881
46 125 0
46 126 0
46 127 0
47 63 0.021148
47 64 0
47 65 0.338369
47 66 0
47 67 0
47 68 0
47 69 0.120846
47 70 0.473313
47 71 0
47 72 0.021148
47 73 0.415911
47 74 0
47 75 0
47 76 0
47 77 0
47 78 0
47 79 0
47 80 0
47 81 0
47 82 0.0634441
47 83 0
47 84 0
47 85 0
47 86 0
47 87 0
47 88 0
47 89 0
47 90 0
47 91 0.0362538
47 92 0
47 93 0
47 94 0
47 95 0.281974
47 96 0
47 97 0
47 98 0
47 99 0
47 100 0
47 101 0.302115
47 102 0
47 103 0.0422961
47 104 0
47 105 0
47 106 0
47 107 0
47 108 0
47 109 0
47 110 0
47 111 0.302115
47 112 0
47 113 0
47 114 0.0634441
47 115 0.0362538
47 116 0
47 117 0
47 118 0
47 119 0
47 120 0
47 121 0
47 122 0
47 123 0.0422961
47 124 0
47 125 0
47 126 0
47 127 0.302115
48 63 0.0396745
48 64 0
48 65 0.0610376
48 66 0.0183113
48 67 0
48 68 0
48 69 0
48 70 0
48 71 0.46999
48 72 0.241099
48 73 0.0498474
48 74 0.459817
48 75 0
48 76 0
48 77 0
48 78 0
48 79 0
48 80 0
48 81 0.0640895
48 82 0.267548
48 83 0
48 84 0
48 85 0
48 86 0
48 87 0
48 88 0
48 89 0
48 90 0
48 91 0.0640895
48 92 0
48 93 0.0284842
48 94 0.0457782
48 95 0
48 96 0
48 97 0
48 98 0
48 99 0
48 100 0
48 101 0
48 102 0.0356053
48 103 0
48 104 0
48 105 0
48 106 0
48 107 0
48 108 0
48 109 0
48 110 0
48 111 0
48 112 0
48 113 0
48 114 0.0752798
48 115 0
48 116 0
48 117 0
48 118 0
48 119 0
48 120 0
48 121 0.0457782
48 122 0
48 123 0
48 124 0
48 125 0
48 126 0
48 127 0
49 63 0.366839
49 64 0
49 65 0.0248705
49 66 0.0331606
49 67 0
49 68 0
49 69 0
49 70 0
49 71 0.304663
49 72 0
49 73 0.0290155
49 74 0
49 75 0.178238
49 76 0.178238
49 77 0
49 78 0
49 79 0
49 80 0
49 81 0.065285
49 82 0.0943005
49 83 0.0331606
49 84 0
49 85 0
49 86 0
49 87 0
49 88 0
49 89 0
49 90 0
49 91 0.0943005
49 92 0.154404
49 93 0.0476684
49 94 0.0756477
49 95 0
49 96 0
49 97 0
49 98 0
49 99 0
49 100 0
49 101 0
49 102 0.0870466
49 103 0.0290155
49 104 0.0290155
49 105 0
49 106 0
49 107 0
49 108 0
49 109 0
49 110 0
49 111 0
49 112 0
49 113 0
49 114 0.407254
49 115 0
49 116 0
49 117 0
49 118 0
49 119 0
49 120 0
49 121 0.0466321
49 122 0
49 123 0
49 124 0
49 125 0
49 126 0
49 127 0
50 63 0.0210632
50 64 0.0501505
50 65 0
50 66 0
50 67 0
50 68 0.0501505
50 69 0
50 70 0
50 71 0
50 72 0.448345
50 73 0.0210632
50 74 0.260782
50 75 0
50 76 0
50 77 0
50 78 0.0501505
50 79 0
50 80 0
50 81 0
50 82 0.0210632
50 83 0.140421
50 84 0.0501505
50 85 0
50 86 0
50 87 0
50 88 0
50 89 0.0501505
50 90 0
50 91 0.210632
50 92 0
50 93 0.210632
50 94 0
50 95 0
50 96 0.0501505
50 97 0
50 98 0
50 99 0.0501505
50 100 0
50 101 0
50 102 0
50 103 0
50 104 0
50 105 0
50 106 0.200602
50 107 0
50 108 0
50 109 0.0501505
50 110 0
50 111 0
50 112 0
50 113 0
50 114 0.0210632
50 115 0.140421
50 116 0.0501505
50 117 0
50 118 0
50 119 0.0501505
50 120 0
50 121 0.401204
50 122 0.0501505
50 123 0
50 124 0
50 125 0.0501505
50 126 0
50 127 0
51 63 0
51 64 0
51 65 0
51 66 0
51 67 0
51 68 0
51 69 0
51 70 0
51 71 0
51 72 0
51 73 0
51 74 0.211907
51 75 0.141271
51 76 0
51 77 0
51 78 0
51 79 0
51 80 0
51 81 0
51 82 0.146317
51 83 0.454087
51 84 0
51 85 0
51 86 0
51 87 0
51 88 0
51 89 0
51 90 0
51 91 0.353179
51 92 0.061554
51 93 0.211907
51 94 0.0403633
51 95 0.302725
51 96 0
51 97 0
51 98 0
51 99 0
51 100 0
51 101 0
51 102 0.0918264
51 103 0.500505
51 104 0.0282543
51 105 0
51 106 0
51 107 0
51 108 0
51 109 0
51 110 0
51 111 0
51 112 0
51 113 0
51 114 0
51 115 0.0302725
51 116 0
51 117 0
51 118 0
51 119 0
51 120 0
51 121 0.211907
51 122 0
51 123 0.169526
51 124 0
51 125 0
51 126 0
51 127 0
52 63 0.0302725
52 64 0
52 65 0
52 66 0.0302725
52 67 0
52 68 0
52 69 0.0302725
52 70 0.0201816
52 71 0
52 72 0.0353179
52 73 0
52 74 0
52 75 0.312815
52 76 0.0353179
52 77 0
52 78 0
52 79 0
52 80 0
52 81 0.0302725
52 82 0.167508
52 83 0.201816
52 84 0
52 85 0
52 86 0
52 87 0
52 88 0
52 89 0
52 90 0
52 91 0.297679
52 92 0.061554
52 93 0
52 94 0.486377
52 95 0.0302725
52 96 0
52 97 0
52 98 0
52 99 0
52 100 0
52 101 0
52 102 0.248234
52 103 0.206862
52 104 0.0554995
52 105 0
52 106 0
52 107 0
52 108 0
52 109 0
52 110 0
52 111 0
52 112 0.0353179
52 113 0
52 114 0
52 115 0.0302725
52 116 0
52 117 0
52 118 0
52 119 0
52 120 0
52 121 0
52 122 0
52 123 0.141271
52 124 0
52 125 0
52 126 0
52 127 0
53 63 0.12
53 64 0
53 65 0.2
53 66 0
53 67 0.35
53 68 0
53 69 0
53 70 0
53 71 0
53 72 0
53 73 0
53 74 0.2
53 75 0
53 76 0
53 77 0
53 78 0
53 79 0
53 80 0
53 81 0
53 82 0.018
53 83 0.24
53 84 0
53 85 0
53 86 0
53 87 0
53 88 0
53 89 0
53 90 0
53 91 0
53 92 0
53 93 0
53 94 0
53 95 0.03
53 96 0
53 97 0
53 98 0
53 99 0
53 100 0
53 101 0
53 102 0.03
53 103 0.03
53 104 0
53 105 0.24
53 106 0.2
53 107 0
53 108 0
53 109 0
53 110 0
53 111 0
53 112 0
53 113 0.24
53 114 0
53 115 0.24
53 116 0
53 117 0
53 118 0
53 119 0
53 120 0
53 121 0
53 122 0
53 123 0
53 124 0
53 125 0
53 126 0
53 127 0
54 63 0
54 64 0.13219
54 65 0
54 66 0
54 67 0
54 68 0.100908
54 69 0
54 70 0
54 71 0
54 72 0.100908
54 73 0
54 74 0.100908
54 75 0
54 76 0
54 77 0
54 78 0.100908
54 79 0.0817356
54 80 0
54 81 0
54 82 0
54 83 0
54 84 1
54 85 0
54 86 0
54 87 0
54 88 0
54 89 0.100908
54 90 0.0817356
54 91 0
54 92 0
54 93 0
54 94 0
54 95 0
54 96 1
54 97 0
54 98 0
54 99 0.100908
54 100 0.0817356
54 101 0
54 102 0
54 103 0
54 104 0
54 105 0
54 106 0
54 107 0
54 108 0
54 109 0.100908
54 110 0.0817356
54 111 0
54 112 0.0817356
54 113 0
54 114 0
54 115 0
54 116 1
54 117 0
54 118 0
54 119 0.100908
54 120 0.0817356
54 121 0.182644
54 122 1
54 123 0
54 124 0
54 125 0.100908
54 126 0.0817356
54 127 0
55 63 0
55 64 0.151057
55 65 0
55 66 0
55 67 0
55 68 0
55 69 0.0151057
55 70 0.020141
55 71 0.0634441
55 72 0.151057
55 73 0.191339
55 74 0
55 75 0.256798
55 76 0.120846
55 77 0
55 78 0
55 79 0
55 80 0
55 81 0.433031
55 82 0.0422961
55 83 0.169184
55 84 0
55 85 0
55 86 0
55 87 0
55 88 0
55 89 0
55 90 0
55 91 0.0986908
55 92 0.0151057
55 93 0.0281974
55 94 0.020141
55 95 0
55 96 0
55 97 0
55 98 0
55 99 0
55 100 0
55 101 0
55 102 0.0553877
55 103 0.352467
55 104 0.171198
55 105 0
55 106 0
55 107 0
55 108 0
55 109 0
55 110 0
55 111 0
55 112 0
55 113 0
55 114 0.0775428
55 115 0
55 116 0
55 117 0
55 118 0
55 119 0
55 120 0
55 121 0
55 122 0
55 123 0.473313
55 124 0
55 125 0
55 126 0
55 127 0
56 63 0.205821
56 64 0
56 65 0
56 66 0
56 67 0
56 68 0
56 69 0.00623701
56 70 0.00623701
56 71 0.174636
56 72 0.0363825
56 73 0
56 74 0.174636
56 75 0.0467775
56 76 0.320166
56 77 0
56 78 0
56 79 0
56 80 0.00623701
56 81 0
56 82 0.402287
56 83 0.112266
56 84 0
56 85 0
56 86 0
56 87 0.00623701
56 88 0
56 89 0
56 90 0
56 91 0.004158
56 92 0.035343
56 93 0.101871
56 94 0
56 95 0
56 96 0
56 97 0
56 98 0
56 99 0
56 100 0
56 101 0
56 102 0.02079
56 103 0.0363825
56 104 0.0426195
56 105 0
56 106 0
56 107 0
56 108 0
56 109 0
56 110 0
56 111 0
56 112 0.0363825
56 113 0
56 114 0.010395
56 115 0
56 116 0
56 117 0
56 118 0
56 119 0
56 120 0
56 121 0
56 122 0
56 123 0
56 124 0
56 125 0
56 126 0
56 127 0
57 63 0
57 64 0.0156087
57 65 0.062435
57 66 0
57 67 0
57 68 0
57 69 0.0530697
57 70 0.037461
57 71 0.407908
57 72 0.0156087
57 73 0.0437045
57 74 0.101977
57 75 0.00416233
57 76 0.386056
57 77 0
57 78 0
57 79 0
57 80 0
57 81 0.0156087
57 82 0.416233
57 83 0.024974
57 84 0
57 85 0
57 86 0
57 87 0
57 88 0
57 89 0
57 90 0
57 91 0.082206
57 92 0.0832466
57 93 0.17898
57 94 0.012487
57 95 0.037461
57 96 0
57 97 0
57 98 0
57 99 0
57 100 0
57 101 0
57 102 0.0842872
57 103 0.0437045
57 104 0
57 105 0
57 106 0
57 107 0
57 108 0
57 109 0
57 110 0
57 111 0
57 112 0
57 113 0
57 114 0.280957
57 115 0.037461
57 116 0
57 117 0
57 118 0
57 119 0
57 120 0
57 121 0
57 122 0
57 123 0.0437045
57 124 0
57 125 0
57 126 0
57 127 0
58 63 0
58 64 0
58 65 0
58 66 0
58 67 0
58 68 0.0209424
58 69 0
58 70 0.0209424
58 71 0
58 72 0
58 73 0
58 74 0
58 75 0.19267
58 76 0.00418848
58 77 0
58 78 0
58 79 0
58 80 0
58 81 0
58 82 0.0167539
58 83 0.0251309
58 84 0
58 85 0
58 86 0
58 87 0
58 88 0
58 89 0
58 90 0
58 91 0.0251309
58 92 0.0167539
58 93 0.00418848
58 94 0.242932
58 95 0
58 96 0
58 97 0
58 98 0
58 99 0
58 100 0
58 101 0
58 102 0.242932
58 103 0.0209424
58 104 0.0209424
58 105 0
58 106 0
58 107 0
58 108 0
58 109 0
58 110 0
58 111 0
58 112 0
58 113 0
58 114 0.00418848
58 115 0
58 116 0
58 117 0
58 118 0
58 119 0
58 120 0
58 121 0
58 122 0
58 123 0.0209424
58 124 0
58 125 0
58 126 0
58 127 0
59 63 0
59 64 0
59 65 0
59 66 0
59 67 0.0705645
59 68 0
59 69 0
59 70 0
59 71 0
59 72 0
59 73 0
59 74 0
59 75 0
59 76 0
59 77 1
59 78 0
59 79 0
59 80 0
59 81 0
59 82 0
59 83 0
59 84 0
59 85 1
59 86 0.0806452
59 87 0
59 88 0.272177
59 89 0
59 90 0
59 91 0
59 92 0
59 93 0
59 94 0.0100806
59 95 0
59 96 0
59 97 1
59 98 0.272177
59 99 0
59 100 0
59 101 0
59 102 0
59 103 0
59 104 0
59 105 0.282258
59 106 0
59 107 1
59 108 0.272177
59 109 0
59 110 0
59 111 0
59 112 0
59 113 0.282258
59 114 0
59 115 0
59 116 0
59 117 1
59 118 0.272177
59 119 0
59 120 0
59 121 0.0806452
59 122 0
59 123 0.0645161
59 124 1
59 125 0
59 126 0
59 127 0
60 63 0
60 64 0
60 65 0
60 66 0
60 67 0.0707071
60 68 0
60 69 0
60 70 0
60 71 0
60 72 0
60 73 0
60 74 0
60 75 0
60 76 0
60 77 0.272727
60 78 0
60 79 0
60 80 0
60 81 0
60 82 0
60 83 0
60 84 0
60 85 0.272727
60 86 0.0707071
60 87 0
60 88 1
60 89 0
60 90 0
60 91 0
60 92 0
60 93 0
60 94 0
60 95 0
60 96 0
60 97 0.272727
60 98 1
60 99 0
60 100 0
60 101 0
60 102 0
60 103 0
60 104 0
60 105 0.272727
60 106 0
60 107 0.272727
60 108 1
60 109 0
60 110 0
60 111 0
60 112 0
60 113 0.272727
60 114 0
60 115 0
60 116 0
60 117 0.272727
60 118 1
60 119 0
60 120 0
60 121 0.0707071
60 122 0
60 123 0
60 124 0.272727
60 125 0
60 126 0
60 127 0
61 63 0
61 64 0.0504541
61 65 0
61 66 0
61 67 0
61 68 0.182644
61 69 0
61 70 0
61 71 0
61 72 0.100908
61 73 0
61 74 0.100908
61 75 0
61 76 0
61 77 0
61 78 1
61 79 0
61 80 0.0817356
61 81 0
61 82 0
61 83 0
61 84 0.100908
61 85 0
61 86 0
61 87 0
61 88 0
61 89 1
61 90 0
61 91 0
61 92 0
61 93 0
61 94 0
61 95 0
61 96 0.100908
61 97 0
61 98 0
61 99 1
61 100 0
61 101 0
61 102 0
61 103 0
61 104 0
61 105 0
61 106 0
61 107 0
61 108 0
61 109 1
61 110 0
61 111 0
61 112 0.0817356
61 113 0
61 114 0
61 115 0
61 116 0.100908
61 117 0
61 118 0
61 119 1
61 120 0
61 121 0.100908
61 122 0.100908
61 123 0
61 124 0
61 125 1
61 126 0
61 127 0
62 63 0
62 64 0.0825688
62 65 0
62 66 0
62 67 0.30581
62 68 0
62 69 0
62 70 0
62 71 0.30581
62 72 0
62 73 0
62 74 0
62 75 0
62 76 0
62 77 0
62 78 0
62 79 1
62 80 0
62 81 0
62 82 0
62 83 0
62 84 0.0825688
62 85 0
62 86 0
62 87 0
62 88 0
62 89 0
62 90 1
62 91 0
62 92 0
62 93 0
62 94 0
62 95 0
62 96 0.0825688
62 97 0
62 98 0
62 99 0
62 100 1
62 101 0
62 102 0
62 103 0
62 104 0
62 105 0
62 106 0
62 107 0
62 108 0
62 109 0
62 110 1
62 111 0
62 112 0.0825688
62 113 0
62 114 0
62 115 0
62 116 0.0825688
62 117 0
62 118 0
62 119 0
62 120 1
62 121 0.0825688
62 122 0.0825688
62 123 0
62 124 0
62 125 0
62 126 1
62 127 0
63 80 0.00616016
63 81 0.0903491
63 82 0.0441478
63 83 0.145791
63 84 0
63 85 0
63 86 0
63 87 0.0554415
63 88 0
63 89 0
63 90 0
63 91 0.107803
63 92 0.0554415
63 93 0
63 94 0
63 95 0
63 96 0
63 97 0
63 98 0
63 99 0
63 100 0
63 101 0
63 102 0.0667351
63 103 0.0359343
63 104 0.0420945
63 105 0.0164271
63 106 0
63 107 0
63 108 0
63 109 0
63 110 0
63 111 0
63 112 0.0359343
63 113 0.0164271
63 114 0.407598
63 115 0
63 116 0
63 117 0
63 118 0
63 119 0
63 120 0
63 121 0
63 122 0
63 123 0.0574949
63 124 0
63 125 0
63 126 0
63 127 0
64 80 0
64 81 0.191726
64 82 0.0151362
64 83 0
64 84 0.13219
64 85 0
64 86 0
64 87 0.363269
64 88 0
64 89 0.0504541
64 90 0.0817356
64 91 0.0908174
64 92 0.0151362
64 93 0
64 94 0.201816
64 95 0
64 96 0.13219
64 97 0
64 98 0
64 99 0.0504541
64 100 0.0817356
64 101 0
64 102 0.25227
64 103 0.0353179
64 104 0.0353179
64 105 0
64 106 0
64 107 0
64 108 0
64 109 0.0504541
64 110 0.0817356
64 111 0
64 112 0.117053
64 113 0
64 114 0.0151362
64 115 0
64 116 0.13219
64 117 0
64 118 0
64 119 0.0504541
64 120 0.0817356
64 121 0.13219
64 122 0.13219
64 123 0.302725
64 124 0
64 125 0.0504541
64 126 0.0817356
64 127 0
65 80 0
65 81 0
65 82 0.042
65 83 0
65 84 0
65 85 0
65 86 0
65 87 0
65 88 0
65 89 0
65 90 0
65 91 0.2
65 92 0
65 93 0.14
65 94 0
65 95 0.036
65 96 0
65 97 0
65 98 0
65 99 0
65 100 0
65 101 0.3
65 102 0.14
65 103 0
65 104 0
65 105 0
65 106 0.12
65 107 0
65 108 0
65 109 0
65 110 0
65 111 0.3
65 112 0
65 113 0
65 114 0.12
65 115 0.216
65 116 0
65 117 0
65 118 0
65 119 0
65 120 0
65 121 0
65 122 0
65 123 0
65 124 0
65 125 0
65 126 0
65 127 0.3
66 80 0.0832497
66 81 0.0481444
66 82 0.0411234
66 83 0.0300903
66 84 0
66 85 0
66 86 0
66 87 0.0832497
66 88 0
66 89 0
66 90 0
66 91 0.282849
66 92 0
66 93 0.293882
66 94 0.0160481
66 95 0
66 96 0
66 97 0
66 98 0
66 99 0
66 100 0
66 101 0
66 102 0.170512
66 103 0
66 104 0
66 105 0
66 106 0
66 107 0
66 108 0
66 109 0
66 110 0
66 111 0
66 112 0
66 113 0
66 114 0.101304
66 115 0
66 116 0
66 117 0
66 118 0
66 119 0
66 120 0
66 121 0
66 122 0
66 123 0.0601805
66 124 0
66 125 0
66 126 0
66 127 0
67 80 0
67 81 0
67 82 0
67 83 0.21
67 84 0
67 85 0.07
67 86 0.07
67 87 0
67 88 0.07
67 89 0
67 90 0.3
67 91 0.112
67 92 0
67 93 0.112
67 94 0.016
67 95 0
67 96 0
67 97 0.07
67 98 0.07
67 99 0
67 100 0.3
67 101 0
67 102 0
67 103 0
67 104 0
67 105 0.07
67 106 0
67 107 0.07
67 108 0.07
67 109 0
67 110 0.3
67 111 0
67 112 0
67 113 0.07
67 114 0
67 115 0.21
67 116 0
67 117 0.07
67 118 0.07
67 119 0
67 120 0.3
67 121 0.07
67 122 0
67 123 0
67 124 0.07
67 125 0
67 126 0.3
67 127 0
68 80 0.081
68 81 0.15
68 82 0
68 83 0
68 84 0.1
68 85 0
68 86 0
68 87 0
68 88 0
68 89 0.181
68 90 0
68 91 0.016
68 92 0
68 93 0.016
68 94 0.036
68 95 0.36
68 96 0.1
68 97 0
68 98 0
68 99 0.181
68 100 0
68 101 0
68 102 0
68 103 0
68 104 0
68 105 0
68 106 0.36
68 107 0
68 108 0
68 109 0.181
68 110 0
68 111 0
68 112 0.111
68 113 0
68 114 0
68 115 0
68 116 0.1
68 117 0
68 118 0
68 119 0.181
68 120 0
68 121 0.1
68 122 0.1
68 123 0.15
68 124 0
68 125 0.181
68 126 0
68 127 0
69 80 0.00603015
69 81 0.366834
69 82 0.00603015
69 83 0.0301508
69 84 0
69 85 0
69 86 0
69 87 0.00603015
69 88 0
69 89 0
69 90 0
69 91 0.121608
69 92 0.0211055
69 93 0
69 94 0
69 95 0.120603
69 96 0
69 97 0
69 98 0
69 99 0
69 100 0
69 101 0
69 102 0.0301508
69 103 0
69 104 0.482412
69 105 0
69 106 0
69 107 0
69 108 0
69 109 0
69 110 0
69 111 0
69 112 0.0301508
69 113 0
69 114 0.00603015
69 115 0.0361809
69 116 0
69 117 0
69 118 0
69 119 0
69 120 0
69 121 0
69 122 0
69 123 0.040201
69 124 0
69 125 0
69 126 0
69 127 0
70 80 0.006
70 81 0
70 82 0.006
70 83 0
70 84 0
70 85 0
70 86 0
70 87 0.006
70 88 0
70 89 0
70 90 0
70 91 0.056
70 92 0.006
70 93 0
70 94 0.02
70 95 0.12
70 96 0
70 97 0
70 98 0
70 99 0
70 100 0
70 101 0
70 102 0.02
70 103 0.02
70 104 0.5
70 105 0
70 106 0
70 107 0
70 108 0
70 109 0
70 110 0
70 111 0
70 112 0.03
70 113 0
70 114 0.006
70 115 0.036
70 116 0
70 117 0
70 118 0
70 119 0
70 120 0
70 121 0
70 122 0
70 123 0.02
70 124 0
70 125 0
70 126 0
70 127 0
71 80 0
71 81 0.0638945
71 82 0
71 83 0
71 84 0
71 85 0
71 86 0
71 87 0
71 88 0
71 89 0
71 90 0.30426
71 91 0.0638945
71 92 0
71 93 0.0283976
71 94 0.0456389
71 95 0
71 96 0
71 97 0
71 98 0
71 99 0
71 100 0.30426
71 101 0
71 102 0.035497
71 103 0
71 104 0
71 105 0
71 106 0
71 107 0
71 108 0
71 109 0
71 110 0.30426
71 111 0
71 112 0
71 113 0
71 114 0.280933
71 115 0
71 116 0
71 117 0
71 118 0
71 119 0
71 120 0.30426
71 121 0.0456389
71 122 0
71 123 0
71 124 0
71 125 0
71 126 0.30426
71 127 0
72 80 0
72 81 0.190572
72 82 0.0361083
72 83 0
72 84 0.100301
72 85 0
72 86 0
72 87 0
72 88 0
72 89 0.100301
72 90 0
72 91 0.0551655
72 92 0.0150451
72 93 0
72 94 0.200602
72 95 0
72 96 0.100301
72 97 0
72 98 0
72 99 0.100301
72 100 0
72 101 0
72 102 0.215647
72 103 0.0351053
72 104 0.0351053
72 105 0
72 106 0
72 107 0
72 108 0
72 109 0.100301
72 110 0
72 111 0
72 112 0.0351053
72 113 0
72 114 0.0361083
72 115 0
72 116 0.100301
72 117 0
72 118 0
72 119 0.100301
72 120 0
72 121 0.100301
72 122 0.100301
72 123 0.300903
72 124 0
72 125 0.100301
72 126 0
72 127 0
73 80 0
73 81 0.120846
73 82 0.0634441
73 83 0
73 84 0
73 85 0
73 86 0
73 87 0
73 88 0
73 89 0
73 90 0
73 91 0.0281974
73 92 0.169184
73 93 0.11279
73 94 0
73 95 0
73 96 0
73 97 0
73 98 0
73 99 0
73 100 0
73 101 0
73 102 0
73 103 0.0422961
73 104 0
73 105 0
73 106 0
73 107 0
73 108 0
73 109 0
73 110 0
73 111 0
73 112 0
73 113 0
73 114 0.0634441
73 115 0.181269
73 116 0
73 117 0
73 118 0
73 119 0
73 120 0
73 121 0
73 122 0
73 123 0.163142
73 124 0
73 125 0
73 126 0
73 127 0
74 80 0
74 81 0
74 82 0.242
74 83 0
74 84 0.1
74 85 0
74 86 0
74 87 0
74 88 0
74 89 0.1
74 90 0
74 91 0.21
74 92 0
74 93 0.308
74 94 0
74 95 0
74 96 0.1
74 97 0
74 98 0
74 99 0.1
74 100 0
74 101 0
74 102 0
74 103 0
74 104 0
74 105 0
74 106 0
74 107 0
74 108 0
74 109 0.1
74 110 0
74 111 0
74 112 0
74 113 0
74 114 0
74 115 0
74 116 0.1
74 117 0
74 118 0
74 119 0.1
74 120 0
74 121 0.31
74 122 0.1
74 123 0
74 124 0
74 125 0.1
74 126 0
74 127 0
75 80 0.00607903
75 81 0.329281
75 82 0.116515
75 83 0.176292
75 84 0
75 85 0
75 86 0
75 87 0.00607903
75 88 0
75 89 0
75 90 0
75 91 0.323202
75 92 0.0101317
75 93 0.00405268
75 94 0.182371
75 95 0
75 96 0
75 97 0
75 98 0
75 99 0
75 100 0
75 101 0
75 102 0.319149
75 103 0.035461
75 104 0.0658561
75 105 0
75 106 0
75 107 0
75 108 0
75 109 0
75 110 0
75 111 0
75 112 0.035461
75 113 0
75 114 0.0101317
75 115 0
75 116 0
75 117 0
75 118 0
75 119 0
75 120 0
75 121 0
75 122 0
75 123 0.162107
75 124 0
75 125 0
75 126 0
75 127 0
76 80 0.0587002
76 81 0.125786
76 82 0.286164
76 83 0.121593
76 84 0
76 85 0
76 86 0
76 87 0.0587002
76 88 0
76 89 0
76 90 0
76 91 0.0167715
76 92 0.100629
76 93 0.264151
76 94 0
76 95 0
76 96 0
76 97 0
76 98 0
76 99 0
76 100 0
76 101 0
76 102 0
76 103 0.0366876
76 104 0.0366876
76 105 0
76 106 0
76 107 0
76 108 0
76 109 0
76 110 0
76 111 0
76 112 0.0366876
76 113 0
76 114 0.0628931
76 115 0
76 116 0
76 117 0
76 118 0
76 119 0
76 120 0
76 121 0
76 122 0
76 123 0.125786
76 124 0
76 125 0
76 126 0
76 127 0
77 80 0
77 81 0
77 82 0
77 83 0
77 84 0
77 85 1
77 86 0.0806452
77 87 0
77 88 0.272177
77 89 0
77 90 0
77 91 0
77 92 0
77 93 0
77 94 0.0100806
77 95 0
77 96 0
77 97 1
77 98 0.272177
77 99 0
77 100 0
77 101 0
77 102 0
77 103 0
77 104 0
77 105 0.282258
77 106 0
77 107 1
77 108 0.272177
77 109 0
77 110 0
77 111 0
77 112 0
77 113 0.282258
77 114 0
77 115 0
77 116 0
77 117 1
77 118 0.272177
77 119 0
77 120 0
77 121 0.0806452
77 122 0
77 123 0.0645161
77 124 1
77 125 0
77 126 0
77 127 0
78 80 0.0817356
78 81 0
78 82 0
78 83 0
78 84 0.100908
78 85 0
78 86 0
78 87 0
78 88 0
78 89 1
78 90 0
78 91 0
78 92 0
78 93 0
78 94 0
78 95 0
78 96 0.100908
78 97 0
78 98 0
78 99 1
78 100 0
78 101 0
78 102 0
78 103 0
78 104 0
78 105 0
78 106 0
78 107 0
78 108 0
78 109 1
78 110 0
78 111 0
78 112 0.0817356
78 113 0
78 114 0
78 115 0
78 116 0.100908
78 117 0
78 118 0
78 119 1
78 120 0
78 121 0.100908
78 122 0.100908
78 123 0
78 124 0
78 125 1
78 126 0
78 127 0
79 80 0
79 81 0
79 82 0
79 83 0
79 84 0.0825688
79 85 0
79 86 0
79 87 0
79 88 0
79 89 0
79 90 1
79 91 0
79 92 0
79 93 0
79 94 0
79 95 0
79 96 0.0825688
79 97 0
79 98 0
79 99 0
79 100 1
79 101 0
79 102 0
79 103 0
79 104 0
79 105 0
79 106 0
79 107 0
79 108 0
79 109 0
79 110 1
79 111 0
79 112 0.0825688
79 113 0
79 114 0
79 115 0
79 116 0.0825688
79 117 0
79 118 0
79 119 0
79 120 1
79 121 0.0825688
79 122 0.0825688
79 123 0
79 124 0
79 125 0
79 126 1
79 127 0
80 91 0
80 92 0.00612245
80 93 0.027551
80 94 0
80 95 0
80 96 0
80 97 0
80 98 0
80 99 0.0826531
80 100 0
80 101 0
80 102 0
80 103 0
80 104 0.00612245
80 105 0
80 106 0
80 107 0
80 108 0
80 109 0.0826531
80 110 0
80 111 0
80 112 0.0826531
80 113 0
80 114 0.0908163
80 115 0
80 116 0
80 117 0
80 118 0
80 119 0.0826531
80 120 0
80 121 0.330612
80 122 0
80 123 0
80 124 0
80 125 0.0826531
80 126 0
80 127 0
81 91 0.0855992
81 92 0.0151057
81 93 0
81 94 0.0453172
81 95 0
81 96 0
81 97 0
81 98 0
81 99 0
81 100 0
81 101 0
81 102 0.0302115
81 103 0
81 104 0
81 105 0
81 106 0
81 107 0
81 108 0
81 109 0
81 110 0
81 111 0
81 112 0
81 113 0
81 114 0.0181269
81 115 0
81 116 0
81 117 0
81 118 0
81 119 0
81 120 0
81 121 0.0453172
81 122 0
81 123 0.312185
81 124 0
81 125 0
81 126 0
81 127 0
82 91 0.139413
82 92 0.0995807
82 93 0.145702
82 94 0.0125786
82 95 0
82 96 0
82 97 0
82 98 0
82 99 0
82 100 0
82 101 0
82 102 0.189727
82 103 0.0440252
82 104 0.00628931
82 105 0.0167715
82 106 0
82 107 0
82 108 0
82 109 0
82 110 0
82 111 0
82 112 0
82 113 0.0167715
82 114 0.137317
82 115 0
82 116 0
82 117 0
82 118 0
82 119 0
82 120 0
82 121 0
82 122 0
82 123 0.0607966
82 124 0
82 125 0
82 126 0
82 127 0
83 91 0.180124
83 92 0.00414079
83 93 0.00414079
83 94 0.0289855
83 95 0.0310559
83 96 0
83 97 0
83 98 0
83 99 0
83 100 0
83 101 0
83 102 0.0828157
83 103 0.233954
83 104 0.0289855
83 105 0
83 106 0
83 107 0
83 108 0
83 109 0
83 110 0
83 111 0
83 112 0
83 113 0
83 114 0.00414079
83 115 0.393375
83 116 0
83 117 0
83 118 0
83 119 0
83 120 0
83 121 0.144928
83 122 0
83 123 0.173913
83 124 0
83 125 0
83 126 0
83 127 0
84 91 0
84 92 0
84 93 0
84 94 0
84 95 0
84 96 1
84 97 0
84 98 0
84 99 0.100908
84 100 0.0817356
84 101 0
84 102 0
84 103 0
84 104 0
84 105 0
84 106 0
84 107 0
84 108 0
84 109 0.100908
84 110 0.0817356
84 111 0
84 112 0.0817356
84 113 0
84 114 0
84 115 0
84 116 1
84 117 0
84 118 0
84 119 0.100908
84 120 0.0817356
84 121 0.182644
84 122 1
84 123 0
84 124 0
84 125 0.100908
84 126 0.0817356
84 127 0
85 91 0
85 92 0
85 93 0
85 94 0.0100806
85 95 0
85 96 0
85 97 1
85 98 0.272177
85 99 0
85 100 0
85 101 0
85 102 0
85 103 0
85 104 0
85 105 0.282258
85 106 0
85 107 1
85 108 0.272177
85 109 0
85 110 0
85 111 0
85 112 0
85 113 0.282258
85 114 0
85 115 0
85 116 0
85 117 1
85 118 0.272177
85 119 0
85 120 0
85 121 0.0806452
85 122 0
85 123 0.0645161
85 124 1
85 125 0
85 126 0
85 127 0
86 91 0
86 92 0
86 93 0
86 94 0.0102041
86 95 0
86 96 0
86 97 0.0816327
86 98 0.0714286
86 99 0
86 100 0
86 101 0
86 102 0
86 103 0
86 104 0
86 105 0.0816327
86 106 0
86 107 0.0816327
86 108 0.0714286
86 109 0
86 110 0
86 111 0
86 112 0
86 113 0.0816327
86 114 0
86 115 0
86 116 0
86 117 0.0816327
86 118 0.0714286
86 119 0
86 120 0
86 121 0.0816327
86 122 0
86 123 0
86 124 0.0816327
86 125 0
86 126 0
86 127 0
87 91 0
87 92 0.00610376
87 93 0.0274669
87 94 0
87 95 0
87 96 0
87 97 0
87 98 0
87 99 0
87 100 0
87 101 0
87 102 0
87 103 0
87 104 0.00610376
87 105 0
87 106 0
87 107 0
87 108 0
87 109 0
87 110 0
87 111 0
87 112 0
87 113 0
87 114 0.0905392
87 115 0
87 116 0
87 117 0
87 118 0
87 119 0
87 120 0
87 121 0
87 122 0
87 123 0
87 124 0
87 125 0
87 126 0
87 127 0
88 91 0
88 92 0
88 93 0
88 94 0
88 95 0
88 96 0
88 97 0.272727
88 98 1
88 99 0
88 100 0
88 101 0
88 102 0
88 103 0
88 104 0
88 105 0.272727
88 106 0
88 107 0.272727
88 108 1
88 109 0
88 110 0
88 111 0
88 112 0
88 113 0.272727
88 114 0
88 115 0
88 116 0
88 117 0.272727
88 118 1
88 119 0
88 120 0
88 121 0.0707071
88 122 0
88 123 0
88 124 0.272727
88 125 0
88 126 0
88 127 0
89 91 0
89 92 0
89 93 0
89 94 0
89 95 0
89 96 0.100908
89 97 0
89 98 0
89 99 1
89 100 0
89 101 0
89 102 0
89 103 0
89 104 0
89 105 0
89 106 0
89 107 0
89 108 0
89 109 1
89 110 0
89 111 0
89 112 0.0817356
89 113 0
89 114 0
89 115 0
89 116 0.100908
89 117 0
89 118 0
89 119 1
89 120 0
89 121 0.100908
89 122 0.100908
89 123 0
89 124 0
89 125 1
89 126 0
89 127 0
90 91 0
90 92 0
90 93 0
90 94 0
90 95 0
90 96 0.0825688
90 97 0
90 98 0
90 99 0
90 100 1
90 101 0
90 102 0
90 103 0
90 104 0
90 105 0
90 106 0
90 107 0
90 108 0
90 109 0
90 110 1
90 111 0
90 112 0.0825688
90 113 0
90 114 0
90 115 0
90 116 0.0825688
90 117 0
90 118 0
90 119 0
90 120 1
90 121 0.0825688
90 122 0.0825688
90 123 0
90 124 0
90 125 0
90 126 1
90 127 0
91 102 0.370183
91 103 0.0557809
91 104 0.0557809
91 105 0
91 106 0
91 107 0
91 108 0
91 109 0
91 110 0
91 111 0
91 112 0.035497
91 113 0
91 114 0.0395538
91 115 0.0365112
91 116 0
91 117 0
91 118 0
91 119 0
91 120 0
91 121 0.212982
91 122 0
91 123 0.0608519
91 124 0
91 125 0
91 126 0
91 127 0
92 102 0.063278
92 103 0
92 104 0.00622407
92 105 0
92 106 0
92 107 0
92 108 0
92 109 0
92 110 0
92 111 0
92 112 0
92 113 0
92 114 0.060166
92 115 0
92 116 0
92 117 0
92 118 0
92 119 0
92 120 0
92 121 0
92 122 0
92 123 0
92 124 0
92 125 0
92 126 0
92 127 0
93 102 0.14359
93 103 0
93 104 0
93 105 0
93 106 0
93 107 0
93 108 0
93 109 0
93 110 0
93 111 0
93 112 0
93 113 0
93 114 0.0317949
93 115 0.0861538
93 116 0
93 117 0
93 118 0
93 119 0
93 120 0
93 121 0.215385
93 122 0
93 123 0
93 124 0
93 125 0
93 126 0
93 127 0
94 102 0.41998
94 103 0.0489297
94 104 0.0489297
94 105 0.0101937
94 106 0
94 107 0.0101937
94 108 0
94 109 0
94 110 0
94 111 0
94 112 0
94 113 0.0101937
94 114 0
94 115 0
94 116 0
94 117 0.0101937
94 118 0
94 119 0
94 120 0
94 121 0.0560652
94 122 0
94 123 0.224261
94 124 0.0101937
94 125 0
94 126 0
94 127 0
95 102 0.0301811
95 103 0.301811
95 104 0
95 105 0
95 106 0.362173
95 107 0
95 108 0
95 109 0
95 110 0
95 111 0
95 112 0
95 113 0
95 114 0
95 115 0.0663984
95 116 0
95 117 0
95 118 0
95 119 0
95 120 0
95 121 0
95 122 0
95 123 0
95 124 0
95 125 0
95 126 0
95 127 0
96 102 0
96 103 0
96 104 0
96 105 0
96 106 0
96 107 0
96 108 0
96 109 0.100908
96 110 0.0817356
96 111 0
96 112 0.0817356
96 113 0
96 114 0
96 115 0
96 116 1
96 117 0
96 118 0
96 119 0.100908
96 120 0.0817356
96 121 0.182644
96 122 1
96 123 0
96 124 0
96 125 0.100908
96 126 0.0817356
96 127 0
97 102 0
97 103 0
97 104 0
97 105 0.282258
97 106 0
97 107 1
97 108 0.272177
97 109 0
97 110 0
97 111 0
97 112 0
97 113 0.282258
97 114 0
97 115 0
97 116 0
97 117 1
97 118 0.272177
97 119 0
97 120 0
97 121 0.0806452
97 122 0
97 123 0.0645161
97 124 1
97 125 0
97 126 0
97 127 0
98 102 0
98 103 0
98 104 0
98 105 0.272727
98 106 0
98 107 0.272727
98 108 1
98 109 0
98 110 0
98 111 0
98 112 0
98 113 0.272727
98 114 0
98 115 0
98 116 0
98 117 0.272727
98 118 1
98 119 0
98 120 0
98 121 0.0707071
98 122 0
98 123 0
98 124 0.272727
98 125 0
98 126 0
98 127 0
99 102 0
99 103 0
99 104 0
99 105 0
99 106 0
99 107 0
99 108 0
99 109 1
99 110 0
99 111 0
99 112 0.0817356
99 113 0
99 114 0
99 115 0
99 116 0.100908
99 117 0
99 118 0
99 119 1
99 120 0
99 121 0.100908
99 122 0.100908
99 123 0
99 124 0
99 125 1
99 126 0
99 127 0
100 102 0
100 103 0
100 104 0
100 105 0
100 106 0
100 107 0
100 108 0
100 109 0
100 110 1
100 111 0
100 112 0.0825688
100 113 0
100 114 0
100 115 0
100 116 0.0825688
100 117 0
100 118 0
100 119 0
100 120 1
100 121 0.0825688
100 122 0.0825688
100 123 0
100 124 0
100 125 0
100 126 1
100 127 0
101 102 0
101 103 0
101 104 0
101 105 0
101 106 0
101 107 0
101 108 0
101 109 0
101 110 0
101 111 1
101 112 0
101 113 0
101 114 0
101 115 0
101 116 0
101 117 0
101 118 0
101 119 0
101 120 0
101 121 0
101 122 0
101 123 0
101 124 0
101 125 0
101 126 0
101 127 1
102 112 0.0353179
102 113 0
102 114 0.0504541
102 115 0.0302725
102 116 0
102 117 0
102 118 0
102 119 0
102 120 0
102 121 0
102 122 0
102 123 0.221998
102 124 0
102 125 0
102 126 0
102 127 0
103 112 0.07
103 113 0
103 114 0.042
103 115 0.03
103 116 0
103 117 0
103 118 0
103 119 0
103 120 0
103 121 0
103 122 0
103 123 0.35
103 124 0
103 125 0
103 126 0
103 127 0
104 112 0.07
104 113 0
104 114 0.006
104 115 0
104 116 0
104 117 0
104 118 0
104 119 0
104 120 0
104 121 0
104 122 0
104 123 0.02
104 124 0
104 125 0
104 126 0
104 127 0
105 112 0
105 113 1
105 114 0.0162602
105 115 0.325203
105 116 0
105 117 0.284553
105 118 0.27439
105 119 0
105 120 0
105 121 0.0813008
105 122 0
105 123 0.0162602
105 124 0.284553
105 125 0
105 126 0
105 127 0
106 112 0
106 113 0
106 114 0.12
106 115 0
106 116 0
106 117 0
106 118 0
106 119 0
106 120 0
106 121 0
106 122 0
106 123 0
106 124 0
106 125 0
106 126 0
106 127 0
107 112 0
107 113 0.282258
107 114 0
107 115 0
107 116 0
107 117 1
107 118 0.272177
107 119 0
107 120 0
107 121 0.0806452
107 122 0
107 123 0.0645161
107 124 1
107 125 0
107 126 0
107 127 0
108 112 0
108 113 0.272727
108 114 0
108 115 0
108 116 0
108 117 0.272727
108 118 1
108 119 0
108 120 0
108 121 0.0707071
108 122 0
108 123 0
108 124 0.272727
108 125 0
108 126 0
108 127 0
109 112 0.0817356
109 113 0
109 114 0
109 115 0
109 116 0.100908
109 117 0
109 118 0
109 119 1
109 120 0
109 121 0.100908
109 122 0.100908
109 123 0
109 124 0
109 125 1
109 126 0
109 127 0
110 112 0.0825688
110 113 0
110 114 0
110 115 0
110 116 0.0825688
110 117 0
110 118 0
110 119 0
110 120 1
110 121 0.0825688
110 122 0.0825688
110 123 0
110 124 0
110 125 0
110 126 1
110 127 0
111 112 0
111 113 0
111 114 0
111 115 0
111 116 0
111 117 0
111 118 0
111 119 0
111 120 0
111 121 0
111 122 0
111 123 0
111 124 0
111 125 0
111 126 0
111 127 1
112 121 0.0824847
112 122 0.0824847
112 123 0
112 124 0
112 125 0.0824847
112 126 0.0824847
112 127 0
113 121 0.0813008
113 122 0
113 123 0.0162602
113 124 0.284553
113 125 0
113 126 0
113 127 0
114 121 0
114 122 0
114 123 0.0604167
114 124 0
114 125 0
114 126 0
114 127 0
115 121 0.14
115 122 0
115 123 0
115 124 0
115 125 0
115 126 0
115 127 0
116 121 0.182644
116 122 1
116 123 0
116 124 0
116 125 0.100908
116 126 0.0817356
116 127 0
117 121 0.0806452
117 122 0
117 123 0.0645161
117 124 1
117 125 0
117 126 0
117 127 0
118 121 0.0707071
118 122 0
118 123 0
118 124 0.272727
118 125 0
118 126 0
118 127 0
119 121 0.100908
119 122 0.100908
119 123 0
119 124 0
119 125 1
119 126 0
119 127 0
120 121 0.0825688
120 122 0.0825688
120 123 0
120 124 0
120 125 0
120 126 1
120 127 0
