0.0714
48 4801
587 233 220
50
1 76 1  91 1  74 1 2
2 40 1  91 0  26 1 3
3 68 1  35 1  76 0 1
4 65 1  90 1  56 1 3
5 87 0  34 1  69 0 2
6 67 0  73 0  25 1 1
7 62 1  98 1  52 1 4
8 78 0  89 0  22 1 4
9 104 0  48 1  59 1 1
10 112 1  62 1  77 1 3
11 45 1  98 0  26 1 1
12 52 1  77 1  57 1 1
13 97 0  58 1  40 1 2
14 42 1  41 1  56 1 3
15 115 0  66 0  26 1 2
16 67 1  65 1  50 1 2
17 92 0  33 1  48 1 3
18 89 0  47 1  27 1 2
19 39 1  62 1  35 1 4
20 86 1  47 1  54 1 2
21 37 1  39 1  54 1 5
22 114 0  69 0  21 1 2
23 57 1  38 1  61 1 4
24 31 1  49 0  20 1 3
25 70 0  26 1  34 1 1
26 83 1  82 1  49 1 2
27 81 1  78 1  54 1 3
28 58 1  44 1  60 1 2
29 105 1  90 1  71 1 1
30 68 0  29 1  45 1 5
31 47 1  50 1  27 1 1
32 90 0  36 1  77 0 3
33 42 1  41 1  76 1 1
34 106 0  43 1  23 1 5
35 98 1  63 1  76 1 4
36 93 0  34 1  39 1 2
37 56 1  97 0  41 1 3
38 53 1  36 1  57 1 1
39 117 0  67 0  27 1 5
40 64 1  46 1  54 1 7
41 69 0  26 1  73 0 3
42 73 0  95 0  33 1 2
43 43 1  79 0  30 1 3
44 64 0  25 1  25 1 3
45 57 1  87 1  54 1 2
46 54 1  93 1  66 1 3
47 55 0  84 0  25 1 5
48 86 0  100 0  27 1 2
49 114 1  88 1  77 1 5
50 58 1  69 1  74 1 4
(439,88,114) ; (0,0,0)
(280,144,54) ; (0,89,0)
(69,116,219) ; (518,117,0)
(67,117,161) ; (520,0,0)
(78,91,114) ; (442,0,0)
(112,77,212) ; (406,156,0)
(92,65,212) ; (426,91,0)
(126,76,217) ; (280,157,0)
(92,66,104) ; (334,90,0)
(50,67,65) ; (284,90,0)
(124,98,160) ; (0,135,54)
(106,46,109) ; (0,89,54)
(84,56,166) ; (124,177,54)
(83,49,164) ; (124,128,54)
(124,39,70) ; (106,89,54)
(71,105,90) ; (208,128,54)
(37,39,54) ; (230,89,54)
(49,60,31) ; (285,97,65)
(44,58,120) ; (290,99,96)
(90,65,112) ; (334,90,104)
(37,39,54) ; (230,89,108)
(200,86,27) ; (0,0,114)
(76,91,74) ; (442,0,114)
(138,87,34) ; (301,0,114)
(94,86,54) ; (200,0,114)
(122,38,57) ; (106,89,124)
(90,79,79) ; (0,0,141)
(69,73,77) ; (90,0,141)
(38,61,57) ; (159,0,141)
(68,76,35) ; (208,157,144)
(68,29,45) ; (208,128,144)
(90,77,72) ; (349,0,148)
(46,54,64) ; (303,0,148)
(47,27,50) ; (302,54,148)
(40,97,58) ; (546,0,161)
(26,98,45) ; (520,0,161)
(37,39,54) ; (230,89,162)
(41,42,56) ; (0,89,163)
(61,38,57) ; (41,89,163)
(77,57,52) ; (200,0,168)
(89,27,47) ; (200,57,168)
(42,76,41) ; (208,157,179)
(25,64,25) ; (250,169,179)
(93,34,39) ; (106,89,181)
(47,89,27) ; (471,0,188)
