0.0645
64 6401
587 233 220
50
1 59 1  45 1  51 1 2
2 30 1  52 1  79 0 2
3 98 0  51 1  47 1 2
4 99 0  76 1  44 1 2
5 88 1  47 1  51 1 4
6 105 0  25 1  20 1 1
7 109 0  60 0  23 1 2
8 64 1  59 1  51 1 5
9 64 1  43 1  70 1 3
10 86 1  57 1  78 1 3
11 55 1  58 1  52 1 2
12 105 0  30 1  52 1 2
13 39 1  98 0  39 1 3
14 116 0  44 1  32 1 3
15 80 0  62 1  35 1 3
16 84 1  65 1  62 1 2
17 88 1  99 1  77 1 4
18 50 1  69 1  40 1 2
19 105 0  58 1  44 1 1
20 100 0  32 1  69 0 1
21 35 1  71 0  65 1 2
22 114 0  93 0  21 1 2
23 96 1  59 1  53 1 2
24 63 1  89 1  49 1 1
25 112 0  25 1  31 1 4
26 40 1  87 0  70 1 7
27 72 0  41 0  20 1 5
28 32 1  97 0  51 1 5
29 60 1  58 1  69 1 3
30 103 0  94 0  42 1 4
31 117 0  43 1  47 1 3
32 77 0  33 1  54 1 5
33 36 1  33 1  63 1 5
34 118 0  52 1  43 1 2
35 119 1  82 1  75 1 1
36 114 0  25 1  76 0 4
37 34 1  93 0  41 1 2
38 65 1  34 1  35 1 4
39 97 0  34 1  32 1 6
40 90 0  68 0  20 1 1
41 63 1  91 1  59 1 4
42 78 1  46 1  58 1 3
43 82 0  30 1  54 1 3
44 48 1  55 1  63 1 1
45 62 1  82 0  40 1 4
46 47 1  54 1  61 1 7
47 56 1  45 1  44 1 1
48 111 0  37 1  50 1 2
49 104 0  30 1  38 1 5
50 56 1  57 1  34 1 3
(318,77,99) ; (0,0,0)
(102,156,216) ; (0,77,0)
(114,78,217) ; (473,155,0)
(118,96,215) ; (469,0,0)
(126,59,91) ; (461,96,0)
(103,94,215) ; (102,139,0)
(208,70,140) ; (265,163,0)
(82,93,194) ; (387,0,0)
(108,61,94) ; (102,77,0)
(80,70,62) ; (381,93,0)
(65,62,219) ; (322,0,0)
(59,91,177) ; (205,142,0)
(51,98,214) ; (330,62,0)
(71,65,78) ; (210,77,0)
(46,78,174) ; (284,85,0)
(80,69,50) ; (381,94,62)
(70,64,43) ; (210,77,78)
(48,55,124) ; (539,100,91)
(78,57,119) ; (461,98,91)
(105,60,52) ; (102,77,94)
(82,75,119) ; (0,0,99)
(87,70,120) ; (82,0,99)
(104,38,120) ; (169,0,99)
(98,39,117) ; (169,38,99)
(41,72,20) ; (277,0,99)
(80,63,108) ; (381,100,112)
(41,72,20) ; (277,0,119)
(70,64,43) ; (210,77,121)
(41,72,20) ; (277,0,139)
(89,63,49) ; (384,165,140)
(116,64,44) ; (268,164,140)
(105,58,44) ; (102,77,146)
(41,72,20) ; (277,0,159)
(68,57,56) ; (210,77,164)
(44,56,45) ; (286,107,174)
(54,77,33) ; (205,155,177)
(36,63,33) ; (282,0,179)
(80,62,35) ; (304,166,184)
(36,63,33) ; (268,165,184)
(82,54,30) ; (391,174,189)
(104,38,30) ; (102,77,190)
(105,20,25) ; (102,115,190)
(68,90,20) ; (398,0,194)
