0.0742
65 6501
587 233 220
50
1 84 1  67 1  76 1 2
2 77 0  37 1  48 1 4
3 117 0  31 1  21 1 3
4 73 0  29 1  28 1 1
5 99 0  36 1  53 1 4
6 36 1  78 0  57 1 2
7 32 1  27 1  69 0 2
8 63 0  29 1  31 1 3
9 118 0  66 1  55 1 2
10 70 1  66 1  80 1 5
11 105 0  84 1  50 1 2
12 101 0  52 1  37 1 3
13 41 1  61 1  56 1 5
14 118 0  31 1  34 1 4
15 31 1  76 0  53 1 3
16 90 0  90 0  40 1 1
17 54 1  38 1  44 1 5
18 98 1  93 1  50 1 1
19 41 1  44 1  67 1 1
20 87 1  100 0  45 1 4
21 118 0  30 1  77 0 4
22 109 0  37 1  36 1 2
23 61 0  50 0  21 1 3
24 94 1  87 1  62 1 3
25 38 1  92 0  28 1 4
26 56 1  85 1  43 1 3
27 81 0  36 1  24 1 2
28 59 1  33 1  66 0 2
29 120 0  99 0  46 1 3
30 107 0  89 0  30 1 4
31 62 1  51 1  55 1 1
32 39 1  27 1  54 0 3
33 31 1  29 1  58 0 3
34 90 1  63 1  67 1 2
35 39 1  74 0  32 1 2
36 55 1  72 1  45 1 3
37 92 0  50 0  25 1 2
38 59 0  28 1  21 1 4
39 99 0  85 1  44 1 2
40 64 1  51 1  72 1 2
41 101 0  27 1  40 1 5
42 105 0  28 1  45 1 1
43 55 1  81 0  37 1 3
44 54 1  87 1  56 1 3
45 116 0  36 1  58 1 2
46 97 1  72 1  73 1 2
47 111 0  47 1  62 1 6
48 92 1  66 1  54 1 2
49 34 1  31 1  75 0 1
50 112 0  68 1  56 1 3
(236,145,62) ; (0,0,0)
(100,90,214) ; (487,0,0)
(240,88,150) ; (0,145,0)
(80,140,163) ; (507,93,0)
(168,112,160) ; (339,121,0)
(99,120,169) ; (388,0,0)
(77,118,168) ; (311,0,0)
(73,145,97) ; (236,0,0)
(99,88,85) ; (240,145,0)
(84,76,158) ; (0,0,62)
(90,67,126) ; (0,76,62)
(118,56,153) ; (84,0,62)
(107,89,120) ; (90,56,62)
(33,66,118) ; (202,0,62)
(36,78,114) ; (197,66,62)
(98,50,118) ; (240,183,85)
(99,36,106) ; (240,147,85)
(72,110,82) ; (236,0,97)
(69,32,27) ; (236,113,97)
(69,32,27) ; (236,113,124)
(112,82,61) ; (0,148,150)
(55,81,37) ; (112,149,150)
(66,80,70) ; (167,150,150)
(63,31,29) ; (236,114,151)
(116,72,58) ; (390,157,160)
(99,36,53) ; (407,121,160)
(51,62,55) ; (339,167,160)
(63,31,58) ; (344,126,160)
(74,126,55) ; (508,107,163)
(72,64,51) ; (316,0,168)
(77,37,48) ; (311,64,168)
(64,72,51) ; (416,0,169)
(28,105,45) ; (388,0,169)
(54,38,44) ; (426,72,169)
(32,74,39) ; (197,66,176)
(44,108,38) ; (236,0,179)
(27,101,40) ; (281,0,179)
(27,54,39) ; (202,0,180)
(54,27,39) ; (236,118,180)
(92,84,38) ; (90,56,182)
(53,76,31) ; (112,154,187)
(74,39,32) ; (0,76,188)
(73,28,29) ; (0,115,188)
(58,31,29) ; (240,152,191)
