0.0716
66 6601
587 233 220
50
1 90 1  65 1  80 1 2
2 80 0  46 1  25 1 1
3 95 0  43 1  59 1 3
4 83 1  87 1  56 1 1
5 60 1  94 0  42 1 3
6 43 1  91 0  30 1 4
7 93 0  64 0  20 1 2
8 65 1  68 1  41 1 2
9 71 1  99 1  64 1 4
10 119 0  61 1  42 1 2
11 71 0  70 0  33 1 2
12 66 0  25 1  58 0 2
13 117 0  37 1  31 1 1
14 69 1  51 1  72 1 3
15 96 1  99 1  77 1 2
16 107 1  87 1  68 1 1
17 72 1  50 1  80 1 1
18 61 0  78 0  26 1 4
19 35 1  66 1  39 1 2
20 79 1  92 0  43 1 2
21 100 1  65 1  70 1 4
22 93 0  34 1  54 1 4
23 119 1  88 1  72 1 2
24 119 0  26 1  58 0 3
25 40 1  35 1  72 0 1
26 60 1  65 1  53 1 3
27 90 0  40 1  54 1 3
28 57 1  31 1  80 0 2
29 95 0  29 1  43 1 2
30 82 0  30 1  77 0 2
31 89 1  86 1  55 1 2
32 84 0  100 0  37 1 2
33 43 1  95 0  29 1 2
34 33 1  88 0  71 0 1
35 105 1  81 1  79 1 4
36 35 1  68 1  80 0 2
37 55 0  71 0  21 1 2
38 63 0  53 0  25 1 2
39 41 1  42 1  57 1 1
40 83 0  67 1  37 1 3
41 61 1  90 1  49 1 1
42 107 0  80 1  47 1 2
43 74 1  38 1  70 1 4
44 50 1  67 1  68 1 1
45 37 1  57 1  35 1 3
46 64 0  68 0  29 1 3
47 82 0  100 0  39 1 5
48 77 1  44 1  62 1 2
49 99 0  44 1  49 1 2
50 62 1  65 1  80 1 2
(228,71,161) ; (0,0,0)
(248,162,105) ; (0,71,0)
(96,77,218) ; (491,0,0)
(100,152,195) ; (487,81,0)
(119,72,213) ; (372,0,0)
(122,160,65) ; (365,73,0)
(76,70,199) ; (296,0,0)
(117,95,86) ; (248,138,0)
(65,70,170) ; (228,0,0)
(107,68,87) ; (258,70,0)
(122,156,68) ; (365,76,65)
(86,92,134) ; (279,141,86)
(30,91,43) ; (248,142,86)
(93,68,128) ; (272,70,87)
(107,160,47) ; (0,71,105)
(90,160,49) ; (107,71,105)
(51,149,72) ; (197,82,105)
(30,91,86) ; (248,142,129)
(119,58,52) ; (365,173,133)
(119,61,42) ; (365,112,133)
(80,35,68) ; (404,76,133)
(39,35,66) ; (365,76,133)
(74,83,67) ; (0,148,152)
(62,77,44) ; (0,71,152)
(31,80,57) ; (74,151,152)
(44,77,62) ; (62,71,152)
(87,83,56) ; (107,148,154)
(82,77,60) ; (107,71,154)
(95,43,59) ; (0,0,161)
(80,25,46) ; (0,43,161)
(67,68,50) ; (95,0,161)
(65,68,41) ; (162,0,161)
(58,66,50) ; (228,0,170)
(94,60,42) ; (390,113,175)
(41,57,42) ; (197,174,177)
(30,91,43) ; (197,83,177)
(80,57,31) ; (404,174,185)
(37,57,35) ; (367,174,185)
(63,106,25) ; (524,127,195)
(55,71,21) ; (0,71,196)
(71,55,21) ; (297,0,199)
