0.0668
32 3201
587 233 220
50
1 60 0  44 0  20 1 4
2 33 1  87 0  66 0 3
3 30 1  46 1  40 1 5
4 35 1  84 0  46 1 2
5 81 1  58 1  67 1 6
6 35 1  30 1  46 1 5
7 42 1  40 1  35 1 1
8 44 1  69 1  66 1 2
9 83 0  40 1  71 1 2
10 96 1  51 1  59 1 3
11 67 0  26 1  41 1 2
12 112 0  94 0  40 1 4
13 78 0  37 1  65 1 7
14 61 1  33 1  68 0 2
15 114 0  94 0  27 1 2
16 71 1  61 1  61 1 3
17 70 1  49 1  79 1 2
18 49 1  41 1  45 1 4
19 113 0  45 1  24 1 3
20 75 1  39 1  51 1 2
21 94 0  47 1  56 1 1
22 41 1  75 1  62 1 7
23 103 1  63 1  52 1 2
24 96 1  64 1  58 1 1
25 67 1  56 1  44 1 3
26 113 0  46 1  75 1 2
27 50 1  97 1  59 1 1
28 45 1  47 1  27 1 2
29 95 1  68 1  59 1 2
30 113 0  28 1  47 1 3
31 118 1  89 1  70 1 2
32 49 1  86 1  69 1 3
33 54 1  54 1  31 1 2
34 96 0  74 1  39 1 4
35 37 1  68 1  58 1 1
36 34 1  87 0  75 0 2
37 57 1  44 1  60 1 3
38 63 0  46 1  26 1 5
39 46 0  61 0  22 1 3
40 44 1  44 1  40 1 3
41 102 1  53 1  58 1 3
42 59 1  57 1  39 1 5
43 105 1  81 1  63 1 2
44 107 0  46 1  57 1 1
45 76 1  51 1  73 1 2
46 78 1  89 1  54 1 2
47 118 0  45 1  45 1 4
48 71 0  35 1  44 1 2
49 30 1  76 0  80 0 7
50 60 1  51 1  31 1 2
(161,156,74) ; (0,0,0)
(140,115,215) ; (447,0,0)
(68,118,197) ; (519,115,0)
(126,76,172) ; (0,157,0)
(90,118,220) ; (429,115,0)
(105,63,215) ; (126,170,0)
(118,112,162) ; (329,0,0)
(96,51,218) ; (333,182,0)
(166,71,138) ; (161,0,0)
(88,69,115) ; (341,113,0)
(71,61,216) ; (161,109,0)
(102,58,53) ; (231,175,0)
(78,37,130) ; (161,71,0)
(107,46,57) ; (232,129,0)
(59,57,117) ; (239,71,0)
(31,54,108) ; (298,71,0)
(102,58,106) ; (231,175,53)
(63,46,100) ; (232,129,57)
(44,44,80) ; (295,131,57)
(78,89,142) ; (0,0,74)
(87,66,99) ; (0,90,74)
(80,76,141) ; (78,0,74)
(73,76,102) ; (87,76,74)
(27,47,45) ; (302,71,108)
(81,63,105) ; (346,119,115)
(59,57,39) ; (239,71,117)
(78,37,65) ; (161,71,130)
(44,44,40) ; (295,131,137)
(75,62,82) ; (161,0,138)
(58,67,81) ; (236,0,138)
(26,67,82) ; (300,0,138)
(27,47,45) ; (302,71,153)
(59,57,39) ; (239,71,156)
(61,46,22) ; (232,129,157)
(88,57,60) ; (231,176,159)
(96,64,58) ; (346,0,162)
(94,47,56) ; (348,64,162)
(113,28,47) ; (0,204,172)
(63,46,48) ; (0,158,172)
(49,41,45) ; (63,163,172)
(26,63,46) ; (0,93,173)
(60,57,44) ; (26,99,173)
(56,67,44) ; (87,76,176)
(40,35,42) ; (299,140,177)
(60,44,40) ; (232,131,179)
(60,88,20) ; (526,139,197)
