0.0706
4 401
587 233 220
50
1 55 1  65 1  64 1 2
2 35 1  84 0  57 1 1
3 120 0  37 1  35 1 1
4 38 1  37 1  37 1 2
5 113 1  81 1  57 1 2
6 36 1  70 1  57 1 2
7 31 1  67 0  45 1 3
8 105 0  97 0  32 1 1
9 63 1  86 1  69 1 3
10 118 1  82 1  70 1 3
11 62 1  65 1  45 1 2
12 59 1  69 1  67 1 4
13 65 1  70 1  61 1 4
14 110 0  72 0  24 1 2
15 94 0  71 0  20 1 6
16 68 1  53 1  73 1 5
17 33 1  51 1  45 1 2
18 81 0  54 0  22 1 3
19 36 1  28 1  66 0 2
20 39 1  76 1  54 1 1
21 113 0  31 1  44 1 3
22 109 0  36 1  35 1 2
23 108 1  93 1  59 1 4
24 96 0  83 1  46 1 2
25 104 0  72 0  35 1 2
26 82 1  64 1  47 1 1
27 45 1  93 0  60 1 4
28 31 1  89 0  26 1 2
29 78 1  84 0  41 1 2
30 53 1  76 1  63 1 2
31 67 1  77 1  50 1 4
32 55 1  51 1  48 1 2
33 59 1  59 1  35 1 2
34 60 0  68 0  27 1 3
35 48 1  91 0  44 1 2
36 87 1  92 1  62 1 2
37 92 1  74 1  59 1 1
38 101 1  61 1  63 1 3
39 79 0  83 0  27 1 2
40 96 0  32 1  61 1 2
41 111 0  42 1  32 1 2
42 119 0  33 1  29 1 4
43 114 0  49 1  39 1 2
44 75 1  60 1  43 1 4
45 47 1  53 1  45 1 5
46 57 1  74 1  49 1 4
47 105 0  75 1  46 1 2
48 51 1  99 1  65 1 3
49 37 1  98 0  44 1 3
50 85 0  93 0  34 1 1
(100,67,219) ; (0,0,0)
(70,118,218) ; (517,0,0)
(190,164,130) ; (0,69,0)
(113,114,179) ; (474,119,0)
(93,118,216) ; (424,0,0)
(189,69,86) ; (100,0,0)
(130,61,215) ; (344,172,0)
(62,87,219) ; (362,0,0)
(45,53,174) ; (429,119,0)
(153,65,152) ; (190,168,0)
(73,53,136) ; (356,119,0)
(73,68,159) ; (289,0,0)
(67,31,135) ; (357,87,0)
(166,97,78) ; (190,71,0)
(105,92,75) ; (190,75,78)
(59,92,74) ; (297,75,78)
(60,68,81) ; (100,0,86)
(98,37,132) ; (160,0,86)
(113,31,132) ; (160,37,86)
(101,158,61) ; (0,72,130)
(84,156,41) ; (101,74,130)
(66,28,72) ; (358,87,135)
(64,47,82) ; (365,125,136)
(119,58,66) ; (190,173,152)
(33,51,45) ; (309,180,152)
(54,81,66) ; (302,86,152)
(100,64,65) ; (190,103,153)
(89,26,31) ; (190,75,153)
(70,59,59) ; (292,0,159)
(55,48,51) ; (100,0,167)
(51,55,48) ; (101,175,171)
(32,111,42) ; (152,119,171)
(44,91,48) ; (101,84,171)
(37,38,37) ; (145,74,171)
(37,38,37) ; (437,132,174)
(109,70,36) ; (478,163,179)
(111,42,32) ; (476,121,179)
(89,26,31) ; (190,75,184)
(83,158,27) ; (0,72,191)
