0.0666
63 6301
587 233 220
50
1 31 1  93 0  55 1 3
2 61 1  85 1  68 1 4
3 90 1  89 1  70 1 1
4 57 1  93 1  69 1 2
5 73 0  36 1  26 1 2
6 39 1  58 0  20 1 1
7 103 0  51 1  27 1 2
8 36 1  68 1  44 1 2
9 108 0  39 1  45 1 2
10 33 1  39 1  31 1 3
11 120 0  48 1  43 1 2
12 100 0  96 1  49 1 3
13 82 0  41 1  47 1 1
14 75 1  42 1  56 1 4
15 34 1  94 0  24 1 1
16 56 1  88 1  70 1 2
17 101 0  27 1  64 0 3
18 59 1  70 1  64 1 1
19 31 1  54 1  42 1 2
20 73 0  43 1  35 1 1
21 98 1  75 1  75 1 3
22 34 1  43 1  77 0 1
23 43 1  72 1  45 1 2
24 92 0  41 1  32 1 2
25 117 0  32 1  48 1 1
26 56 1  31 1  48 1 2
27 56 1  100 1  67 1 3
28 80 1  63 1  58 1 3
29 72 1  44 1  70 1 2
30 110 0  41 1  70 1 1
31 96 0  47 1  33 1 2
32 68 1  37 1  58 1 3
33 111 0  29 1  69 0 2
34 103 1  69 1  59 1 5
35 34 1  91 0  78 0 1
36 92 0  28 1  71 0 3
37 104 0  99 0  42 1 2
38 107 1  85 1  57 1 1
39 70 0  62 0  22 1 3
40 70 0  60 0  21 1 1
41 110 1  93 1  69 1 3
42 99 0  32 1  67 0 4
43 33 1  100 0  43 1 4
44 39 1  25 1  28 1 2
45 33 1  68 0  57 1 3
46 74 1  70 1  77 1 3
47 60 1  94 1  76 1 2
48 100 0  68 1  36 1 2
49 58 1  84 1  68 1 1
50 116 1  80 1  72 1 4
(169,93,179) ; (0,0,0)
(72,232,218) ; (515,0,0)
(225,140,75) ; (0,93,0)
(69,103,220) ; (446,0,0)
(289,70,110) ; (226,163,0)
(214,100,96) ; (232,0,0)
(152,60,94) ; (363,103,0)
(61,85,204) ; (169,0,0)
(138,61,85) ; (225,102,0)
(218,89,70) ; (0,144,75)
(120,48,43) ; (0,96,75)
(103,51,54) ; (120,93,75)
(138,59,134) ; (225,102,85)
(69,57,126) ; (446,106,94)
(80,58,126) ; (366,105,94)
(208,99,42) ; (238,0,96)
(200,67,56) ; (314,164,110)
(85,57,107) ; (226,174,110)
(117,48,32) ; (0,96,118)
(72,43,90) ; (120,101,129)
(31,42,54) ; (192,102,129)
(101,64,81) ; (345,0,138)
(92,32,82) ; (354,64,138)
(80,63,58) ; (238,0,138)
(26,73,72) ; (319,0,138)
(77,34,43) ; (238,63,138)
(39,25,56) ; (315,73,138)
(56,88,70) ; (0,144,145)
(100,86,33) ; (56,146,145)
(57,68,33) ; (156,164,145)
(58,20,39) ; (156,144,145)
(110,41,70) ; (0,103,150)
(96,66,47) ; (418,165,166)
(99,67,32) ; (319,164,166)
(47,82,41) ; (56,150,178)
(43,73,35) ; (103,159,178)
(57,68,33) ; (156,164,178)
(108,90,39) ; (0,0,179)
(55,93,31) ; (108,0,179)
(62,33,39) ; (238,63,181)
(31,39,33) ; (192,105,183)
(70,62,22) ; (238,0,196)
(70,62,22) ; (348,169,198)
