0.073
91 9101
587 233 220
50
1 56 0  95 0  24 1 1
2 85 0  67 1  36 1 2
3 44 0  78 0  22 1 2
4 89 0  77 0  20 1 4
5 55 1  48 1  73 1 2
6 69 0  40 1  25 1 2
7 75 1  39 1  61 1 2
8 87 1  92 1  54 1 3
9 53 1  56 1  50 1 1
10 64 1  96 1  77 1 3
11 52 1  63 1  61 1 3
12 66 1  35 1  73 0 2
13 81 0  37 1  80 0 3
14 86 0  67 0  25 1 1
15 70 0  58 0  28 1 1
16 76 1  58 1  48 1 1
17 42 1  63 1  54 1 3
18 75 1  78 0  39 1 4
19 40 1  70 1  71 1 3
20 68 0  27 1  37 1 3
21 80 1  92 0  44 1 4
22 112 0  97 0  24 1 1
23 111 1  100 1  63 1 3
24 110 0  91 0  43 1 2
25 31 1  52 1  69 0 2
26 87 0  100 0  24 1 4
27 106 1  56 1  74 1 3
28 109 0  28 1  78 0 3
29 68 1  78 1  41 1 3
30 61 1  85 1  68 1 4
31 80 0  51 1  30 1 5
32 96 0  47 1  52 1 3
33 74 0  39 1  33 1 1
34 99 0  80 0  34 1 5
35 31 1  27 1  60 0 5
36 40 1  55 1  41 1 3
37 74 1  58 1  47 1 4
38 50 1  36 1  56 1 2
39 43 1  71 1  45 1 5
40 59 1  42 1  45 1 2
41 57 1  37 1  51 1 2
42 98 0  94 1  49 1 2
43 89 0  87 0  29 1 3
44 81 1  44 1  53 1 2
45 94 1  67 1  71 1 2
46 77 0  53 0  25 1 2
47 113 0  35 1  69 1 5
48 49 1  68 1  55 1 3
49 76 1  52 1  65 1 2
50 58 1  50 1  31 1 1
(189,111,171) ; (0,0,0)
(88,92,218) ; (499,0,0)
(87,92,213) ; (0,141,0)
(96,77,212) ; (491,156,0)
(61,63,210) ; (526,93,0)
(78,75,219) ; (87,158,0)
(136,85,158) ; (363,0,0)
(80,30,153) ; (0,111,0)
(113,70,214) ; (378,163,0)
(42,63,207) ; (484,93,0)
(74,47,217) ; (87,111,0)
(168,74,146) ; (165,159,0)
(109,78,123) ; (375,85,0)
(174,100,48) ; (189,0,0)
(44,53,162) ; (334,180,0)
(96,47,156) ; (161,111,0)
(41,80,123) ; (334,100,0)
(76,58,95) ; (258,101,0)
(80,99,170) ; (189,0,48)
(94,98,98) ; (269,0,48)
(68,55,49) ; (264,104,95)
(106,73,70) ; (377,86,123)
(41,78,68) ; (334,100,123)
(65,52,76) ; (267,107,144)
(52,69,31) ; (165,159,146)
(113,69,35) ; (217,159,146)
(81,80,74) ; (282,0,146)
(80,30,51) ; (0,111,153)
(42,45,59) ; (161,113,156)
(51,37,57) ; (203,121,156)
(133,53,50) ; (364,0,158)
(80,30,51) ; (417,53,158)
(50,31,58) ; (367,53,158)
(37,51,57) ; (341,182,162)
(73,110,48) ; (0,0,171)
(91,110,43) ; (73,0,171)
(52,69,31) ; (165,159,177)
(86,67,25) ; (217,161,181)
(27,60,31) ; (303,168,181)
(40,69,25) ; (335,109,191)
(95,56,24) ; (388,101,193)
