0.0734
42 4201
587 233 220
50
1 92 0  96 0  30 1 2
2 104 0  83 0  38 1 3
3 66 0  27 1  42 1 2
4 69 1  82 0  39 1 6
5 100 0  57 0  20 1 1
6 34 1  87 0  55 1 3
7 76 0  49 1  28 1 3
8 104 0  45 1  46 1 4
9 116 0  37 1  73 1 4
10 52 1  84 1  45 1 1
11 80 0  32 1  52 1 3
12 107 0  55 1  49 1 2
13 49 1  79 1  48 1 4
14 84 1  96 1  52 1 4
15 84 1  55 1  58 1 3
16 98 1  64 1  59 1 1
17 109 0  36 1  61 1 1
18 34 1  70 0  47 1 3
19 104 1  54 1  79 1 2
20 103 0  70 1  37 1 3
21 87 0  91 0  33 1 3
22 58 1  65 1  77 1 2
23 74 1  55 1  73 1 2
24 117 0  36 1  51 1 1
25 114 0  53 0  23 1 1
26 97 1  61 1  50 1 1
27 71 1  57 1  57 1 1
28 63 0  33 1  23 1 3
29 74 1  76 1  39 1 1
30 106 0  87 0  37 1 6
31 84 0  38 1  40 1 5
32 35 1  45 1  64 1 3
33 86 1  61 1  64 1 1
34 55 1  74 1  68 1 2
35 72 0  64 0  32 1 2
36 81 0  95 0  24 1 2
37 47 1  62 1  72 1 3
38 92 1  65 1  69 1 3
39 87 0  79 1  41 1 2
40 64 1  86 0  43 1 2
41 46 1  85 0  37 1 2
42 100 0  38 1  59 1 3
43 66 1  52 1  75 1 1
44 71 0  29 1  53 1 3
45 117 0  72 0  28 1 6
46 91 0  60 1  36 1 1
47 63 1  32 1  61 1 4
48 75 1  90 1  80 1 3
49 40 1  52 1  61 1 5
50 33 1  39 1  67 0 4
(212,87,111) ; (0,0,0)
(165,84,214) ; (422,0,0)
(171,146,158) ; (0,87,0)
(84,144,162) ; (503,89,0)
(222,80,180) ; (281,153,0)
(207,65,124) ; (296,88,0)
(91,87,99) ; (331,0,0)
(70,103,158) ; (171,130,0)
(75,90,80) ; (212,0,0)
(39,82,138) ; (241,151,0)
(43,86,64) ; (288,0,0)
(74,39,76) ; (171,90,0)
(50,61,97) ; (245,90,0)
(43,86,64) ; (288,0,64)
(63,32,61) ; (171,90,76)
(74,55,136) ; (212,0,80)
(64,35,135) ; (212,55,80)
(40,61,52) ; (245,90,97)
(61,86,64) ; (361,0,99)
(29,71,53) ; (332,0,99)
(158,87,41) ; (0,0,111)
(54,79,104) ; (158,0,111)
(107,55,49) ; (396,94,124)
(100,59,96) ; (296,90,124)
(37,85,92) ; (294,0,128)
(63,32,61) ; (171,90,137)
(39,67,33) ; (241,166,138)
(32,61,63) ; (245,90,149)
(55,87,68) ; (0,0,152)
(75,52,66) ; (55,0,152)
(80,32,52) ; (55,52,152)
(23,63,66) ; (135,0,152)
(29,71,53) ; (332,0,152)
(72,141,62) ; (0,87,158)
(96,128,60) ; (72,100,158)
(64,98,59) ; (171,134,158)
(77,130,58) ; (505,103,162)
(57,71,57) ; (365,0,163)
(39,67,33) ; (241,166,171)
(104,45,46) ; (399,104,173)
(84,76,40) ; (419,153,180)
(66,67,39) ; (353,162,180)
(71,53,29) ; (282,176,180)
(63,23,33) ; (290,153,180)
