0.0611
71 7101
587 233 220
50
1 113 0  42 1  39 1 2
2 75 1  73 1  71 1 2
3 118 0  31 1  56 1 4
4 83 1  86 1  54 1 3
5 86 1  66 1  58 1 2
6 99 1  58 1  56 1 2
7 86 1  96 1  62 1 2
8 63 1  48 1  75 1 2
9 112 1  83 1  69 1 1
10 74 1  50 1  50 1 1
11 117 0  72 1  58 1 2
12 114 0  53 1  71 1 3
13 49 1  54 1  41 1 3
14 41 1  57 1  30 1 2
15 118 1  71 1  63 1 3
16 52 1  31 1  31 1 3
17 76 1  76 1  47 1 5
18 36 1  31 1  38 1 2
19 32 1  29 1  56 1 1
20 74 0  71 0  28 1 4
21 113 0  37 1  73 1 1
22 76 1  46 1  42 1 2
23 105 0  33 1  71 0 1
24 58 0  68 0  24 1 5
25 30 1  75 0  54 1 1
26 115 0  34 1  73 0 2
27 117 1  91 1  73 1 3
28 67 1  35 1  50 1 1
29 118 0  67 1  37 1 3
30 39 1  71 1  48 1 2
31 51 1  39 1  42 1 1
32 92 0  81 1  41 1 4
33 118 0  49 1  35 1 2
34 33 1  71 0  63 1 3
35 54 1  86 0  34 1 2
36 38 1  45 1  53 1 3
37 109 0  88 0  34 1 1
38 49 0  42 0  20 1 3
39 75 1  83 1  67 1 4
40 50 1  57 1  43 1 2
41 109 0  49 1  41 1 3
42 30 1  47 1  40 1 2
43 115 0  78 0  31 1 4
44 38 1  35 1  36 1 3
45 119 0  28 1  63 0 3
46 99 0  57 1  38 1 4
47 39 1  38 1  35 1 2
48 54 1  38 1  80 0 4
49 44 1  62 1  70 1 3
50 119 0  72 1  47 1 3
(71,74,216) ; (0,0,0)
(75,134,214) ; (512,0,0)
(144,117,217) ; (0,116,0)
(57,99,210) ; (530,134,0)
(189,71,219) ; (341,162,0)
(117,73,219) ; (71,0,0)
(184,41,162) ; (0,74,0)
(151,86,178) ; (361,0,0)
(134,118,161) ; (144,115,0)
(76,76,141) ; (436,86,0)
(119,72,214) ; (188,0,0)
(94,76,118) ; (342,86,0)
(54,83,173) ; (307,0,0)
(63,119,84) ; (278,114,0)
(109,41,147) ; (184,73,0)
(47,30,80) ; (295,83,0)
(41,30,57) ; (301,83,80)
(58,116,86) ; (283,117,84)
(56,58,99) ; (378,104,118)
(36,76,35) ; (342,86,118)
(41,30,57) ; (301,83,137)
(71,74,56) ; (441,88,141)
(96,39,71) ; (184,73,147)
(35,50,67) ; (343,112,153)
(66,86,58) ; (144,144,161)
(38,80,54) ; (210,150,161)
(32,29,56) ; (144,115,161)
(30,75,54) ; (248,155,161)
(36,35,38) ; (210,115,161)
(31,31,52) ; (246,119,161)
(49,41,54) ; (0,74,162)
(135,38,53) ; (49,74,162)
(50,74,50) ; (290,159,170)
(51,42,39) ; (289,117,170)
(54,80,38) ; (307,0,173)
(113,78,42) ; (398,0,178)
(31,52,31) ; (367,0,178)
(49,42,20) ; (463,120,197)
