0.0684
87 8701
587 233 220
50
1 44 1  43 1  68 1 2
2 115 0  76 0  30 1 1
3 88 0  67 0  20 1 2
4 61 1  90 0  42 1 3
5 59 1  31 1  59 1 1
6 55 1  51 1  29 1 1
7 62 1  91 1  79 1 2
8 112 0  39 1  43 1 5
9 75 0  26 1  80 0 2
10 93 0  46 1  41 1 4
11 68 1  62 1  35 1 4
12 34 1  93 0  48 1 4
13 75 1  79 1  65 1 3
14 73 0  68 0  30 1 1
15 120 0  74 0  34 1 2
16 92 0  35 1  67 1 3
17 39 1  53 1  49 1 3
18 115 0  38 1  28 1 4
19 71 1  82 1  44 1 2
20 93 1  83 1  59 1 6
21 82 0  71 0  31 1 1
22 98 1  93 1  51 1 3
23 42 1  79 0  33 1 2
24 65 1  78 1  53 1 2
25 49 0  50 0  21 1 3
26 77 0  25 1  61 0 3
27 76 1  96 1  71 1 3
28 42 1  58 1  79 1 1
29 88 1  53 1  77 1 2
30 71 1  68 1  55 1 3
31 95 1  98 1  52 1 3
32 84 1  84 1  59 1 2
33 85 0  94 0  28 1 3
34 103 1  78 1  79 1 1
35 95 1  57 1  53 1 2
36 36 1  53 1  55 1 3
37 61 0  34 1  28 1 3
38 55 1  48 1  35 1 2
39 102 0  67 1  39 1 3
40 45 1  90 0  41 1 3
41 74 1  64 1  61 1 3
42 63 1  41 1  57 1 4
43 53 1  90 1  55 1 4
44 71 1  69 1  43 1 1
45 50 1  81 0  31 1 2
46 99 0  55 1  34 1 2
47 97 0  62 1  43 1 1
48 107 0  86 0  22 1 4
49 87 0  47 1  43 1 3
50 78 1  96 1  69 1 1
(214,86,128) ; (0,0,0)
(245,83,220) ; (342,0,0)
(126,145,106) ; (0,88,0)
(71,96,219) ; (516,137,0)
(156,95,196) ; (360,138,0)
(180,53,210) ; (407,83,0)
(195,75,140) ; (126,158,0)
(88,71,113) ; (126,87,0)
(124,79,133) ; (214,0,0)
(39,102,67) ; (321,131,0)
(87,47,129) ; (320,83,0)
(103,79,145) ; (214,79,0)
(34,99,110) ; (326,134,67)
(53,95,114) ; (0,138,106)
(68,71,110) ; (53,162,106)
(53,49,60) ; (0,88,106)
(68,73,85) ; (53,89,106)
(82,63,107) ; (126,95,113)
(93,82,92) ; (0,0,128)
(115,84,38) ; (93,0,128)
(68,43,88) ; (339,83,129)
(112,78,86) ; (214,0,133)
(96,69,78) ; (126,163,140)
(96,71,76) ; (222,161,140)
(61,77,75) ; (214,80,145)
(41,63,57) ; (275,94,145)
(50,49,42) ; (0,88,166)
(75,80,52) ; (93,0,166)
(36,55,53) ; (168,0,166)
(34,61,28) ; (326,172,177)
(68,61,28) ; (53,99,191)
(134,88,20) ; (379,143,196)
