0.0668
18 1801
587 233 220
50
1 53 1  49 1  79 1 3
2 91 0  64 0  28 1 4
3 42 1  28 1  63 0 4
4 64 1  55 1  33 1 2
5 77 1  99 0  43 1 6
6 113 0  90 0  26 1 4
7 68 1  89 1  48 1 1
8 48 1  25 1  71 0 3
9 31 1  92 0  43 1 2
10 76 0  35 1  55 1 4
11 36 1  54 1  70 1 2
12 81 0  34 1  31 1 3
13 65 1  81 1  50 1 3
14 86 1  81 1  55 1 1
15 54 1  97 0  28 1 1
16 118 0  59 0  21 1 1
17 58 1  35 1  52 1 1
18 118 0  35 1  40 1 2
19 81 1  71 1  78 1 4
20 45 1  71 1  54 1 5
21 57 0  52 0  23 1 3
22 87 0  37 1  53 1 2
23 97 0  31 1  67 0 2
24 96 1  78 1  61 1 3
25 80 1  68 1  60 1 5
26 89 0  39 1  59 1 3
27 71 0  31 1  50 1 2
28 95 0  37 1  21 1 8
29 74 1  88 0  40 1 2
30 88 0  39 1  80 0 2
31 55 1  31 1  69 0 3
32 89 1  88 1  68 1 1
33 68 0  38 1  24 1 2
34 114 0  96 0  42 1 6
35 114 1  97 1  76 1 3
36 97 0  54 0  27 1 3
37 92 0  34 1  24 1 3
38 45 1  55 1  39 1 2
39 84 1  87 1  60 1 1
40 119 0  93 1  53 1 1
41 105 0  82 1  51 1 2
42 65 1  69 1  47 1 2
43 88 1  95 1  52 1 2
44 43 1  47 1  35 1 2
45 78 0  89 0  37 1 1
46 35 1  67 1  66 1 2
47 57 1  30 1  59 1 2
48 44 1  80 1  52 1 3
49 84 1  61 1  67 1 1
50 83 0  33 1  41 1 1
(97,228,156) ; (0,0,0)
(255,71,217) ; (332,0,0)
(198,43,219) ; (389,190,0)
(96,114,189) ; (491,76,0)
(156,61,180) ; (97,0,0)
(224,82,152) ; (97,151,0)
(100,119,81) ; (391,71,0)
(52,88,175) ; (97,61,0)
(68,160,120) ; (321,73,0)
(172,90,78) ; (149,61,0)
(78,61,96) ; (253,0,0)
(99,86,77) ; (149,61,78)
(68,89,137) ; (248,61,78)
(93,119,53) ; (395,71,81)
(68,60,80) ; (253,0,96)
(67,66,35) ; (322,167,120)
(65,94,97) ; (324,73,120)
(91,64,84) ; (397,126,134)
(81,55,86) ; (407,71,134)
(174,53,37) ; (97,177,152)
(68,24,38) ; (97,153,152)
(92,24,34) ; (165,153,152)
(49,79,53) ; (272,151,152)
(55,66,64) ; (334,167,155)
(98,79,53) ; (149,61,155)
(92,43,62) ; (0,0,156)
(67,97,62) ; (0,131,156)
(95,88,52) ; (0,43,156)
(28,97,54) ; (67,131,156)
(52,80,44) ; (97,61,175)
(47,35,43) ; (253,0,176)
(68,24,38) ; (253,35,176)
(52,58,35) ; (97,0,180)
(89,59,39) ; (149,0,180)
(92,24,34) ; (165,153,186)
(50,71,31) ; (536,116,189)
(95,37,21) ; (491,76,189)
(42,63,28) ; (494,124,189)
(171,52,23) ; (97,178,189)
