0.0693
67 6701
587 233 220
50
1 70 1  49 1  59 1 1
2 45 1  28 1  42 1 3
3 68 1  88 0  35 1 4
4 104 0  48 1  46 1 2
5 77 0  35 1  21 1 2
6 76 1  96 1  63 1 1
7 43 1  35 1  68 1 1
8 78 0  43 1  39 1 2
9 35 1  86 0  33 1 2
10 33 1  51 1  37 1 2
11 51 1  68 1  57 1 2
12 65 1  33 1  60 1 3
13 101 1  81 1  74 1 2
14 115 0  53 1  30 1 1
15 117 0  38 1  80 0 2
16 114 0  96 1  49 1 1
17 116 1  89 1  70 1 1
18 95 1  67 1  67 1 2
19 61 1  60 1  53 1 2
20 116 1  67 1  79 1 1
21 47 1  63 1  76 1 3
22 65 1  66 0  33 1 1
23 73 1  64 1  76 1 4
24 68 1  39 1  74 1 2
25 83 0  50 1  33 1 2
26 115 0  54 1  51 1 2
27 95 1  92 1  73 1 2
28 75 1  44 1  52 1 1
29 47 1  75 1  45 1 3
30 119 0  57 1  37 1 2
31 78 1  79 1  41 1 3
32 37 1  58 1  38 1 5
33 47 1  29 1  50 1 3
34 36 1  87 0  33 1 1
35 60 1  71 1  74 1 3
36 56 1  83 1  56 1 2
37 89 0  59 0  20 1 1
38 81 1  84 1  79 1 3
39 44 1  100 0  72 1 3
40 110 0  50 1  72 1 5
41 119 0  95 0  37 1 4
42 92 1  66 1  69 1 7
43 81 0  48 0  23 1 1
44 49 1  37 1  79 0 1
45 98 1  60 1  64 1 2
46 97 0  70 1  42 1 2
47 112 0  48 1  39 1 1
48 101 0  28 1  49 1 1
49 93 0  38 1  56 1 3
50 119 0  53 1  33 1 1
(243,79,84) ; (0,0,0)
(200,154,72) ; (0,79,0)
(198,69,219) ; (389,0,0)
(89,70,219) ; (498,163,0)
(73,92,190) ; (514,69,0)
(196,64,212) ; (302,169,0)
(38,93,168) ; (476,69,0)
(115,51,215) ; (361,118,0)
(114,49,96) ; (362,69,0)
(95,67,203) ; (294,0,0)
(101,74,162) ; (200,159,0)
(50,83,89) ; (243,0,0)
(96,76,63) ; (200,83,0)
(60,61,106) ; (301,108,0)
(66,33,125) ; (296,67,0)
(94,75,45) ; (200,84,63)
(119,95,148) ; (0,138,72)
(114,58,37) ; (0,79,72)
(80,117,143) ; (119,116,72)
(79,37,49) ; (114,79,72)
(166,79,78) ; (0,0,84)
(74,78,68) ; (166,0,84)
(47,76,63) ; (243,0,89)
(104,48,121) ; (372,69,96)
(59,49,70) ; (302,120,106)
(60,74,109) ; (200,85,108)
(33,74,51) ; (260,85,108)
(112,56,83) ; (0,79,109)
(77,35,42) ; (114,79,121)
(65,33,60) ; (296,67,125)
(74,71,60) ; (166,0,152)
(44,75,52) ; (243,0,152)
(33,65,60) ; (260,94,159)
(119,74,57) ; (0,0,162)
(47,75,45) ; (119,0,162)
(100,72,44) ; (200,161,162)
(68,35,43) ; (114,79,163)
(29,47,50) ; (485,69,168)
(28,45,42) ; (486,117,168)
(56,45,42) ; (305,124,176)
(59,89,20) ; (528,69,190)
(101,49,28) ; (0,79,192)
