0.0702
89 8901
587 233 220
50
1 105 0  44 1  47 1 3
2 48 1  68 1  79 1 2
3 30 1  45 0  20 1 3
4 34 1  97 0  66 1 2
5 92 0  95 0  36 1 1
6 40 1  65 1  65 1 3
7 107 0  48 1  61 1 2
8 97 0  79 0  36 1 4
9 86 0  42 1  47 1 4
10 109 0  68 0  20 1 4
11 77 0  27 1  28 1 1
12 63 1  51 1  75 1 2
13 34 1  59 1  56 1 3
14 111 0  100 0  39 1 1
15 33 1  92 0  40 1 3
16 69 1  45 1  61 1 2
17 77 1  72 1  73 1 3
18 35 1  99 0  26 1 4
19 116 0  43 1  62 1 6
20 116 0  34 1  47 1 3
21 59 0  26 1  36 1 2
22 34 1  88 0  51 1 2
23 100 1  98 1  72 1 5
24 112 0  25 1  31 1 2
25 118 0  70 0  22 1 4
26 37 1  48 1  66 1 2
27 66 1  81 1  52 1 2
28 61 1  92 0  38 1 2
29 73 0  66 0  21 1 3
30 97 1  73 1  78 1 1
31 61 1  43 1  45 1 4
32 113 1  73 1  72 1 1
33 69 1  54 1  39 1 2
34 96 1  83 1  63 1 2
35 86 0  35 1  72 0 3
36 48 0  56 0  23 1 2
37 46 1  52 0  24 1 1
38 103 1  61 1  53 1 2
39 84 1  46 1  71 1 5
40 83 1  56 1  43 1 2
41 105 0  59 1  32 1 3
42 90 1  73 1  48 1 2
43 87 0  49 0  24 1 3
44 102 0  36 1  61 1 3
45 88 0  34 1  56 1 2
46 101 0  66 0  32 1 3
47 89 0  60 1  31 1 1
48 100 0  79 1  46 1 2
49 102 0  45 1  26 1 4
50 106 1  54 1  72 1 3
(392,72,100) ; (0,0,0)
(144,159,77) ; (0,74,0)
(116,62,215) ; (471,171,0)
(97,168,136) ; (490,0,0)
(97,79,212) ; (393,0,0)
(107,61,215) ; (364,172,0)
(108,160,72) ; (144,73,0)
(71,92,219) ; (419,79,0)
(112,61,138) ; (252,172,0)
(40,92,160) ; (379,80,0)
(92,100,115) ; (287,72,0)
(35,99,78) ; (252,73,0)
(105,97,110) ; (144,136,72)
(102,63,147) ; (144,73,72)
(68,116,109) ; (0,117,77)
(70,118,88) ; (68,115,77)
(65,40,65) ; (0,74,77)
(65,40,65) ; (65,74,77)
(35,99,26) ; (252,73,78)
(190,72,73) ; (0,0,100)
(100,72,98) ; (190,0,100)
(101,66,96) ; (291,0,100)
(34,88,112) ; (252,84,104)
(49,87,48) ; (330,80,115)
(43,83,56) ; (287,84,115)
(66,104,81) ; (520,0,136)
(26,59,36) ; (494,0,136)
(92,61,81) ; (494,105,136)
(30,45,60) ; (490,59,136)
(102,61,36) ; (257,172,138)
(65,40,65) ; (0,74,142)
(54,39,69) ; (65,74,142)
(31,89,60) ; (386,83,160)
(43,83,56) ; (336,84,163)
(69,39,54) ; (68,194,165)
(66,73,21) ; (68,121,165)
(36,59,26) ; (294,108,171)
(24,52,46) ; (496,0,172)
(84,71,46) ; (0,0,173)
(105,44,47) ; (84,0,173)
(102,26,45) ; (84,44,173)
(102,52,45) ; (257,181,174)
(72,86,35) ; (144,144,182)
(27,77,28) ; (216,153,182)
(59,112,34) ; (0,117,186)
(59,56,34) ; (68,138,186)
(96,56,23) ; (296,0,196)
(73,66,21) ; (190,0,198)
