0.057
52 5201
587 233 220
50
1 38 1  26 1  69 0 3
2 68 1  88 1  57 1 3
3 36 1  93 0  54 1 2
4 116 0  41 1  49 1 5
5 72 1  99 1  52 1 3
6 73 1  81 0  37 1 2
7 103 0  81 1  44 1 3
8 69 0  61 0  20 1 1
9 44 1  70 1  54 1 4
10 101 0  34 1  75 0 3
11 35 1  83 0  80 0 5
12 78 1  86 1  54 1 4
13 49 1  60 1  73 1 1
14 42 1  64 1  61 1 3
15 71 1  59 1  68 1 3
16 45 1  45 1  44 1 2
17 39 1  26 1  58 0 2
18 41 1  73 1  70 1 4
19 66 1  42 1  35 1 2
20 87 0  27 1  32 1 5
21 42 1  78 0  27 1 3
22 118 0  36 1  65 1 1
23 110 0  41 1  73 1 5
24 96 0  71 0  27 1 1
25 100 0  57 1  29 1 2
26 95 1  85 1  78 1 3
27 52 1  68 0  28 1 3
28 110 1  94 1  58 1 1
29 77 1  50 1  75 1 3
30 72 1  56 1  80 1 2
31 30 1  40 1  45 1 4
32 104 0  62 0  24 1 5
33 97 1  65 1  53 1 3
34 31 1  26 1  44 1 1
35 48 1  53 1  30 1 4
36 82 1  83 1  45 1 2
37 66 1  96 0  45 1 2
38 109 1  73 1  56 1 3
39 70 1  82 1  80 1 1
40 108 0  61 0  30 1 4
41 57 0  50 0  21 1 4
42 32 1  93 0  57 1 2
43 80 0  38 1  48 1 1
44 39 1  72 1  53 1 3
45 66 1  84 1  47 1 3
46 75 0  46 1  24 1 3
47 81 1  56 1  67 1 4
48 38 1  71 1  37 1 1
49 67 0  30 1  43 1 2
50 57 1  76 1  43 1 2
(250,110,73) ; (0,0,0)
(234,86,219) ; (353,0,0)
(88,68,218) ; (0,165,0)
(206,81,112) ; (381,152,0)
(88,54,218) ; (0,111,0)
(96,66,174) ; (491,86,0)
(110,41,219) ; (88,192,0)
(116,82,98) ; (88,110,0)
(97,65,216) ; (394,87,0)
(53,39,216) ; (198,194,0)
(127,72,156) ; (254,161,0)
(103,81,166) ; (250,0,0)
(45,82,83) ; (204,112,0)
(42,66,96) ; (352,86,0)
(101,75,169) ; (251,86,0)
(123,108,120) ; (0,0,73)
(59,68,142) ; (123,0,73)
(68,59,71) ; (182,0,73)
(70,41,146) ; (123,68,73)
(57,50,84) ; (193,59,73)
(45,82,83) ; (204,112,83)
(42,64,122) ; (352,86,96)
(73,81,74) ; (88,111,98)
(43,76,57) ; (161,116,98)
(83,80,70) ; (504,152,112)
(75,77,50) ; (429,155,112)
(48,80,38) ; (381,152,112)
(60,49,73) ; (182,0,144)
(44,45,45) ; (385,187,150)
(42,35,66) ; (387,152,150)
(38,71,63) ; (161,121,155)
(118,65,36) ; (263,164,156)
(53,48,30) ; (193,59,157)
(43,76,57) ; (461,156,162)
(30,67,43) ; (431,165,162)
(93,72,54) ; (258,0,166)
(42,78,54) ; (204,116,166)
(46,75,24) ; (297,86,169)
(45,45,44) ; (251,116,169)
(45,30,40) ; (251,86,169)
(60,53,48) ; (88,139,172)
(69,26,38) ; (88,113,172)
(90,40,45) ; (495,112,174)
(58,26,39) ; (527,86,174)
(31,26,44) ; (496,86,174)
(83,80,35) ; (504,152,182)
(53,48,30) ; (193,59,187)
(78,42,27) ; (303,187,192)
(39,58,26) ; (263,171,192)
(87,96,27) ; (0,0,193)
(32,87,27) ; (87,0,193)
(38,69,26) ; (305,92,193)
