0.069
25 2501
587 233 220
50
1 37 1  43 1  34 1 3
2 31 1  98 0  27 1 1
3 49 0  83 0  22 1 1
4 116 0  32 1  66 0 2
5 91 0  100 0  32 1 2
6 82 1  45 1  69 1 3
7 102 1  77 1  54 1 3
8 91 0  50 1  42 1 3
9 37 1  87 0  24 1 4
10 42 1  68 1  70 1 5
11 32 1  77 0  76 0 3
12 79 1  75 1  72 1 2
13 44 1  62 1  56 1 5
14 110 1  73 1  77 1 3
15 119 0  94 0  28 1 2
16 100 0  35 1  54 1 2
17 43 1  64 1  41 1 2
18 53 0  31 1  26 1 1
19 57 1  87 1  47 1 2
20 69 1  79 0  37 1 2
21 69 1  95 1  67 1 1
22 116 0  74 0  20 1 1
23 80 0  94 0  34 1 4
24 73 0  27 1  39 1 4
25 33 1  54 1  31 1 4
26 58 1  37 1  71 1 3
27 96 0  26 1  80 0 4
28 104 0  63 1  43 1 3
29 94 0  39 1  39 1 7
30 47 1  44 1  50 1 1
31 63 1  86 1  46 1 2
32 74 1  91 0  43 1 6
33 119 0  89 1  49 1 3
34 89 0  29 1  65 0 2
35 34 1  28 1  78 0 4
36 69 1  99 0  42 1 2
37 64 1  96 1  69 1 1
38 54 0  25 1  66 0 2
39 63 1  65 1  62 1 1
40 45 1  66 1  61 1 4
41 82 1  54 1  56 1 2
42 33 1  70 0  40 1 3
43 90 1  56 1  69 1 3
44 87 1  65 1  57 1 2
45 67 0  27 1  62 0 4
46 83 0  85 0  29 1 2
47 113 0  83 1  56 1 2
48 81 0  30 1  46 1 1
49 64 1  70 1  63 1 2
50 89 1  52 1  79 1 4
(104,163,120) ; (0,0,0)
(104,79,217) ; (483,0,0)
(86,91,217) ; (501,142,0)
(96,69,131) ; (0,164,0)
(64,63,205) ; (523,79,0)
(119,89,212) ; (382,144,0)
(235,70,140) ; (96,163,0)
(110,77,219) ; (104,0,0)
(79,75,216) ; (404,0,0)
(46,63,172) ; (477,79,0)
(170,83,141) ; (104,80,0)
(96,80,172) ; (308,0,0)
(62,67,216) ; (415,75,0)
(50,91,148) ; (332,142,0)
(94,80,146) ; (214,0,0)
(56,62,176) ; (359,80,0)
(82,45,69) ; (277,80,0)
(58,37,213) ; (274,126,0)
(82,43,64) ; (277,80,69)
(100,91,64) ; (0,0,120)
(62,67,72) ; (0,95,120)
(40,70,99) ; (62,92,120)
(90,69,56) ; (0,164,131)
(73,39,27) ; (286,80,133)
(232,66,32) ; (96,163,140)
(91,74,43) ; (104,88,141)
(76,77,32) ; (195,85,141)
(91,74,43) ; (214,0,146)
(42,68,70) ; (339,157,148)
(73,39,27) ; (286,80,160)
(174,57,47) ; (96,172,172)
(44,50,47) ; (479,79,172)
(87,74,48) ; (315,0,172)
(56,62,44) ; (272,167,172)
(76,77,32) ; (195,85,173)
(54,62,33) ; (361,80,176)
(100,54,35) ; (0,0,184)
(98,31,27) ; (0,54,184)
(81,46,30) ; (104,116,184)
(78,28,34) ; (104,88,184)
(89,65,29) ; (0,168,187)
(73,39,27) ; (286,80,187)
(89,65,29) ; (214,0,189)
(54,66,25) ; (0,95,192)
