0.0657
68 6801
587 233 220
50
1 116 0  85 0  34 1 4
2 81 0  28 1  67 0 1
3 114 1  97 1  79 1 3
4 74 0  84 0  30 1 3
5 30 1  30 1  55 1 4
6 54 1  58 1  43 1 6
7 59 1  58 1  36 1 2
8 84 1  97 1  66 1 1
9 101 0  32 1  37 1 3
10 34 1  47 1  55 1 2
11 39 1  87 0  76 1 2
12 80 1  53 1  61 1 1
13 56 1  99 0  42 1 3
14 39 1  96 0  22 1 4
15 114 0  36 1  27 1 1
16 119 0  99 0  38 1 4
17 81 1  80 1  53 1 2
18 70 0  55 0  21 1 3
19 72 1  71 1  62 1 2
20 49 1  36 1  62 1 1
21 59 1  69 1  43 1 4
22 117 1  83 1  66 1 2
23 83 1  47 1  45 1 3
24 83 1  74 1  80 1 2
25 110 0  84 0  40 1 2
26 83 0  35 1  47 1 2
27 116 0  81 0  22 1 3
28 37 1  50 1  65 1 3
29 110 0  26 1  23 1 1
30 100 0  35 1  47 1 2
31 35 1  94 0  25 1 3
32 55 1  50 1  41 1 2
33 103 1  59 1  77 1 5
34 98 1  89 1  72 1 3
35 85 1  92 0  43 1 2
36 80 0  89 0  20 1 4
37 53 1  68 0  30 1 3
38 51 1  30 1  29 1 4
39 91 1  96 1  65 1 2
40 62 0  29 1  34 1 2
41 113 0  78 0  35 1 3
42 35 1  51 1  62 1 3
43 59 1  78 0  38 1 2
44 85 0  39 1  46 1 2
45 83 0  96 0  33 1 1
46 48 1  49 1  62 1 2
47 32 1  32 1  38 1 4
48 50 1  74 1  49 1 2
49 50 1  35 1  41 1 1
50 93 1  55 1  55 1 2
(85,116,176) ; (0,0,0)
(238,99,190) ; (349,0,0)
(83,117,214) ; (0,116,0)
(84,74,220) ; (503,159,0)
(231,59,189) ; (356,100,0)
(98,89,144) ; (83,144,0)
(98,74,139) ; (405,159,0)
(81,142,133) ; (85,0,0)
(96,130,169) ; (166,0,0)
(59,103,196) ; (181,130,0)
(62,72,142) ; (343,161,0)
(84,99,122) ; (265,0,0)
(101,96,72) ; (240,137,0)
(78,38,118) ; (278,99,0)
(55,94,144) ; (240,137,72)
(43,92,85) ; (297,139,72)
(65,37,100) ; (291,100,118)
(49,96,62) ; (300,0,122)
(35,94,50) ; (265,0,122)
(78,113,35) ; (85,0,133)
(62,29,34) ; (85,113,133)
(59,72,58) ; (444,159,139)
(35,62,80) ; (409,169,139)
(62,70,51) ; (343,163,142)
(39,87,76) ; (83,146,144)
(59,86,69) ; (122,147,144)
(39,85,46) ; (301,146,157)
(60,29,51) ; (85,113,167)
(37,65,50) ; (85,0,168)
(41,110,50) ; (122,0,168)
(35,41,50) ; (85,65,168)
(92,85,43) ; (166,0,169)
(85,39,46) ; (166,85,169)
(30,51,29) ; (265,0,172)
(32,38,32) ; (265,51,172)
(84,110,40) ; (0,0,176)
(49,62,36) ; (300,0,184)
(38,32,32) ; (311,62,184)
(165,53,30) ; (422,105,189)
(60,55,30) ; (362,103,189)
(81,67,28) ; (505,0,190)
(110,30,30) ; (476,67,190)
(68,53,30) ; (437,0,190)
(84,74,30) ; (353,0,190)
(110,23,26) ; (366,74,190)
(55,70,21) ; (350,163,193)
(55,70,21) ; (181,159,196)
(55,70,21) ; (448,161,197)
