0.0721
80 8001
587 233 220
50
1 89 1  71 1  68 1 4
2 117 0  26 1  76 0 3
3 77 1  40 1  69 1 2
4 54 0  26 1  79 0 2
5 91 1  56 1  75 1 2
6 63 1  99 1  57 1 2
7 119 1  90 1  65 1 2
8 110 0  29 1  57 1 3
9 95 0  98 0  42 1 1
10 46 1  95 0  27 1 2
11 80 0  75 0  32 1 1
12 64 1  80 1  63 1 3
13 118 0  41 1  48 1 4
14 98 0  30 1  31 1 2
15 69 0  55 1  30 1 4
16 79 0  69 0  20 1 4
17 88 1  70 1  55 1 2
18 62 1  73 1  80 1 2
19 87 0  84 0  28 1 3
20 63 0  78 0  21 1 1
21 40 1  83 0  37 1 2
22 42 1  33 1  67 0 1
23 38 1  30 1  67 0 6
24 89 0  58 1  33 1 2
25 117 1  75 1  69 1 1
26 101 0  40 1  70 1 3
27 93 0  65 1  42 1 1
28 35 1  33 1  46 1 3
29 39 1  54 1  78 0 2
30 84 1  64 1  69 1 2
31 115 0  85 0  37 1 1
32 119 0  71 1  36 1 3
33 73 1  55 1  57 1 2
34 80 0  37 1  32 1 2
35 36 1  33 1  80 0 2
36 57 1  59 1  76 1 2
37 30 1  53 1  55 1 1
38 63 1  81 1  68 1 4
39 54 0  87 0  27 1 4
40 69 1  67 1  78 1 6
41 86 0  31 1  51 1 4
42 120 0  30 1  76 0 1
43 112 1  75 1  76 1 5
44 61 0  73 0  21 1 1
45 51 1  79 1  43 1 1
46 105 0  30 1  34 1 5
47 107 0  78 1  53 1 2
48 78 0  26 1  78 0 1
49 88 0  28 1  48 1 5
50 66 1  69 1  35 1 2
(186,112,150) ; (0,0,0)
(312,71,216) ; (275,0,0)
(90,119,130) ; (0,114,0)
(132,81,215) ; (455,152,0)
(69,79,184) ; (518,71,0)
(147,120,108) ; (90,113,0)
(169,160,57) ; (286,73,0)
(63,81,214) ; (455,71,0)
(88,56,220) ; (186,0,0)
(48,118,164) ; (237,115,0)
(88,55,124) ; (186,56,0)
(167,112,75) ; (288,113,57)
(166,40,37) ; (289,73,57)
(156,39,54) ; (299,73,94)
(69,117,110) ; (90,113,108)
(78,107,106) ; (159,123,108)
(86,51,93) ; (186,56,124)
(89,116,33) ; (0,117,130)
(99,63,87) ; (356,162,132)
(88,48,28) ; (367,114,132)
(64,69,84) ; (292,156,132)
(79,43,51) ; (288,113,132)
(69,35,66) ; (386,73,148)
(80,36,33) ; (306,73,148)
(84,69,64) ; (0,0,150)
(80,36,33) ; (0,69,150)
(101,40,70) ; (84,0,150)
(93,65,42) ; (84,40,150)
(67,38,60) ; (388,124,160)
(87,84,56) ; (0,149,163)
(86,31,51) ; (0,118,163)
(46,95,54) ; (237,138,164)
(80,32,37) ; (306,73,181)
(80,32,37) ; (0,69,183)
(67,42,33) ; (300,114,183)
(67,76,30) ; (518,71,184)
(79,54,26) ; (84,40,192)
