0.0723
11 1101
587 233 220
50
1 31 1  48 1  56 1 2
2 90 1  91 1  61 1 2
3 57 1  49 1  73 1 3
4 88 0  51 1  28 1 4
5 83 0  32 1  34 1 2
6 98 1  80 1  76 1 1
7 97 0  58 0  24 1 6
8 80 1  48 1  73 1 2
9 114 0  73 0  26 1 3
10 84 1  56 1  80 1 2
11 58 1  35 1  62 1 2
12 93 0  42 1  64 1 1
13 106 0  52 1  35 1 2
14 79 1  62 1  42 1 2
15 32 1  63 0  29 1 4
16 67 1  80 1  77 1 1
17 53 1  100 1  79 1 3
18 45 1  36 1  73 0 2
19 113 0  64 1  47 1 5
20 109 0  35 1  55 1 2
21 115 0  40 1  57 1 4
22 34 1  95 0  29 1 3
23 43 1  41 1  48 1 2
24 40 1  95 0  34 1 2
25 60 1  80 1  62 1 3
26 111 0  100 0  37 1 4
27 94 0  60 0  20 1 5
28 72 0  46 1  30 1 2
29 79 0  26 1  48 1 3
30 67 1  81 1  67 1 1
31 63 1  76 1  41 1 4
32 87 1  50 1  66 1 3
33 107 1  86 1  62 1 2
34 114 0  39 1  21 1 2
35 38 1  59 1  77 0 3
36 60 1  62 1  58 1 2
37 48 1  59 0  26 1 4
38 105 0  82 1  46 1 2
39 99 1  94 1  50 1 2
40 41 1  68 1  45 1 3
41 59 1  51 1  30 1 2
42 69 1  68 1  51 1 3
43 81 0  61 0  30 1 1
44 97 0  73 1  45 1 2
45 112 0  49 1  60 1 3
46 91 0  43 1  22 1 5
47 73 0  35 1  51 1 2
48 96 0  40 1  27 1 2
49 69 1  86 1  63 1 5
50 91 0  43 1  65 1 3
(94,114,206) ; (0,0,0)
(188,86,214) ; (399,0,0)
(60,142,186) ; (527,91,0)
(80,115,173) ; (0,118,0)
(159,147,100) ; (368,86,0)
(90,61,212) ; (80,172,0)
(80,77,213) ; (94,0,0)
(80,56,216) ; (80,116,0)
(87,66,219) ; (170,167,0)
(109,35,159) ; (94,77,0)
(91,43,218) ; (174,0,0)
(133,73,90) ; (266,0,0)
(88,28,204) ; (174,43,0)
(111,100,148) ; (257,133,0)
(96,54,40) ; (160,113,0)
(45,41,136) ; (203,71,0)
(112,60,147) ; (256,73,0)
(79,53,100) ; (160,114,40)
(102,73,35) ; (297,0,90)
(30,72,46) ; (266,0,90)
(105,92,82) ; (421,141,100)
(109,55,35) ; (417,86,100)
(51,69,68) ; (370,164,100)
(49,73,114) ; (368,91,100)
(91,43,87) ; (308,0,125)
(102,30,59) ; (297,43,125)
(59,48,83) ; (467,86,135)
(43,48,82) ; (424,86,135)
(30,72,46) ; (266,0,136)
(45,41,68) ; (203,71,136)
(73,48,80) ; (160,119,140)
(97,58,72) ; (271,73,147)
(58,97,72) ; (310,136,148)
(51,68,69) ; (257,165,148)
(48,31,56) ; (257,134,148)
(95,34,58) ; (94,77,159)
(48,59,52) ; (373,174,168)
(64,113,47) ; (0,120,173)
(95,80,34) ; (431,153,182)
(29,63,32) ; (266,0,182)
(95,29,34) ; (304,43,184)
(58,63,32) ; (527,170,186)
(48,79,26) ; (537,91,186)
