0.0622
58 5801
587 233 220
50
1 75 0  33 1  28 1 1
2 108 1  89 1  73 1 4
3 93 0  83 0  41 1 3
4 86 1  59 1  55 1 3
5 44 1  57 1  35 1 3
6 86 0  53 1  36 1 2
7 61 1  63 1  71 1 1
8 107 0  89 1  50 1 2
9 37 1  64 1  41 1 2
10 72 0  62 1  36 1 2
11 79 0  95 0  24 1 2
12 105 0  48 1  25 1 1
13 40 1  37 1  46 1 2
14 105 0  43 1  52 1 1
15 42 1  32 1  59 1 2
16 110 0  91 0  25 1 2
17 41 1  42 1  43 1 1
18 49 1  44 1  25 1 1
19 99 1  70 1  54 1 4
20 76 1  99 1  75 1 2
21 49 1  98 0  25 1 2
22 76 0  57 0  24 1 1
23 32 1  93 0  30 1 1
24 99 1  100 1  64 1 3
25 56 1  47 1  56 1 1
26 93 1  88 1  55 1 2
27 92 1  91 1  51 1 1
28 56 1  96 1  63 1 2
29 109 0  87 1  51 1 1
30 77 1  71 1  56 1 3
31 67 0  56 0  25 1 2
32 88 0  50 0  21 1 2
33 35 1  75 0  40 1 2
34 80 1  95 0  46 1 3
35 43 1  86 0  73 1 1
36 120 1  78 1  77 1 1
37 111 0  41 1  72 1 1
38 66 1  89 1  52 1 3
39 43 1  91 0  48 1 1
40 105 0  69 0  21 1 2
41 75 1  78 1  50 1 5
42 92 0  35 1  80 0 1
43 66 1  56 1  54 1 1
44 46 1  61 1  63 1 3
45 106 1  84 1  73 1 4
46 56 1  72 1  66 1 2
47 51 1  91 1  49 1 3
48 65 1  99 0  43 1 1
49 42 1  55 1  57 1 2
50 89 1  95 1  66 1 3
(178,147,174) ; (0,0,0)
(100,99,217) ; (487,0,0)
(106,84,219) ; (481,149,0)
(55,86,213) ; (0,147,0)
(93,83,158) ; (55,150,0)
(107,50,199) ; (480,99,0)
(70,99,216) ; (417,0,0)
(77,78,220) ; (404,155,0)
(150,78,174) ; (148,155,0)
(190,95,138) ; (227,0,0)
(49,91,196) ; (178,0,0)
(106,73,105) ; (298,160,0)
(77,56,213) ; (403,99,0)
(162,56,126) ; (178,99,0)
(61,63,138) ; (342,97,0)
(105,69,21) ; (298,160,105)
(95,66,89) ; (308,163,126)
(67,56,50) ; (178,99,126)
(92,51,91) ; (245,104,126)
(75,35,80) ; (342,0,138)
(66,56,72) ; (351,35,138)
(109,87,51) ; (227,0,138)
(61,63,71) ; (342,97,138)
(72,72,62) ; (55,158,158)
(73,86,43) ; (0,0,174)
(105,52,43) ; (73,0,174)
(70,57,44) ; (0,86,174)
(80,37,46) ; (73,52,174)
(111,72,41) ; (148,159,174)
(55,57,42) ; (70,89,174)
(25,49,44) ; (153,52,174)
(41,43,42) ; (125,103,174)
(37,64,41) ; (259,167,174)
(57,55,42) ; (178,100,176)
(93,32,30) ; (227,0,189)
(105,48,25) ; (227,32,189)
(88,50,21) ; (480,99,199)
