0.0753
26 2601
587 233 220
50
1 35 1  52 1  51 1 2
2 81 1  73 1  79 1 3
3 114 0  66 0  22 1 2
4 116 0  54 1  42 1 5
5 52 1  95 1  60 1 4
6 103 0  72 1  39 1 2
7 86 0  38 1  66 1 1
8 51 1  63 1  78 1 2
9 49 1  90 0  35 1 3
10 91 0  69 0  34 1 2
11 106 0  73 0  20 1 5
12 32 1  34 1  55 1 6
13 70 0  73 0  31 1 1
14 57 1  52 1  69 1 1
15 118 1  81 1  72 1 2
16 49 1  83 1  49 1 2
17 65 0  100 0  22 1 3
18 75 0  56 1  35 1 3
19 78 0  69 1  39 1 2
20 38 1  33 1  40 1 3
21 106 0  92 0  29 1 1
22 68 1  55 1  66 1 4
23 47 1  47 1  56 1 3
24 44 1  77 1  59 1 4
25 50 1  74 0  26 1 5
26 38 1  68 1  59 1 1
27 95 0  73 0  33 1 1
28 32 1  89 0  33 1 2
29 68 1  95 0  36 1 2
30 107 1  76 1  69 1 3
31 33 1  44 1  60 1 2
32 72 1  85 0  39 1 2
33 110 1  97 1  69 1 1
34 85 0  92 0  28 1 3
35 85 1  83 1  63 1 5
36 58 1  81 0  31 1 9
37 41 1  41 1  73 1 1
38 72 1  99 1  57 1 4
39 116 0  49 1  40 1 2
40 84 0  49 1  39 1 1
41 55 1  67 1  67 1 2
42 51 1  30 1  65 0 4
43 91 1  85 1  69 1 2
44 70 0  68 0  29 1 1
45 33 1  81 0  60 1 1
46 67 0  30 1  28 1 1
47 102 0  64 0  27 1 3
48 97 0  47 1  59 1 3
49 99 0  86 0  20 1 3
50 65 0  29 1  54 1 5
(81,79,219) ; (0,0,0)
(81,232,180) ; (506,0,0)
(92,154,188) ; (0,79,0)
(114,99,213) ; (392,0,0)
(68,132,165) ; (438,101,0)
(107,76,198) ; (81,0,0)
(126,85,217) ; (92,148,0)
(188,78,141) ; (250,155,0)
(95,68,132) ; (92,76,0)
(202,99,40) ; (188,0,0)
(32,89,66) ; (218,144,0)
(116,54,126) ; (322,101,0)
(68,38,59) ; (187,106,0)
(67,55,67) ; (255,100,0)
(97,47,177) ; (188,0,40)
(104,95,140) ; (286,0,40)
(49,49,166) ; (188,47,40)
(47,47,168) ; (237,47,40)
(68,32,55) ; (187,112,59)
(26,74,150) ; (218,159,66)
(65,54,58) ; (255,101,67)
(65,30,102) ; (187,114,114)
(65,54,29) ; (255,101,125)
(116,54,42) ; (322,101,126)
(83,63,85) ; (92,76,132)
(168,75,35) ; (267,156,141)
(65,54,29) ; (255,101,154)
(65,131,54) ; (440,101,165)
(109,51,52) ; (329,104,168)
(114,66,44) ; (321,165,176)
(41,73,41) ; (280,158,176)
(73,106,40) ; (510,0,180)
(76,33,40) ; (507,199,180)
(49,84,39) ; (534,115,180)
(28,67,30) ; (506,132,180)
(66,86,38) ; (319,0,180)
(33,38,40) ; (286,0,180)
(52,51,35) ; (255,104,183)
(73,70,31) ; (0,156,188)
(81,58,31) ; (0,98,188)
(100,65,22) ; (81,0,198)
