0.067
94 9401
587 233 220
50
1 75 0  45 0  22 1 3
2 115 0  80 1  56 1 2
3 59 1  53 1  32 1 4
4 77 1  57 1  61 1 2
5 69 0  27 1  45 1 3
6 74 1  60 1  76 1 2
7 68 1  94 1  78 1 3
8 44 1  50 1  77 1 3
9 43 1  59 1  73 1 2
10 56 1  47 1  68 1 2
11 112 0  77 1  47 1 2
12 63 1  79 1  48 1 3
13 109 0  88 0  30 1 3
14 39 1  30 1  55 1 2
15 89 1  74 1  78 1 3
16 67 1  99 0  38 1 4
17 66 1  96 0  40 1 1
18 105 0  29 1  41 1 2
19 40 1  45 1  77 1 3
20 92 0  54 1  44 1 5
21 67 1  81 1  43 1 3
22 114 1  69 1  60 1 2
23 105 0  27 1  74 0 2
24 30 1  67 0  43 1 2
25 65 1  34 1  61 1 4
26 95 0  40 1  40 1 4
27 77 1  62 1  78 1 2
28 48 1  92 1  77 1 2
29 52 1  64 1  61 1 2
30 73 1  79 1  59 1 4
31 57 0  72 0  22 1 3
32 104 1  61 1  75 1 3
33 117 0  27 1  69 0 3
34 35 1  88 0  21 1 2
35 103 0  66 0  29 1 3
36 35 1  37 1  63 1 5
37 111 0  38 1  54 1 1
38 60 1  76 1  65 1 2
39 77 0  26 1  30 1 2
40 49 1  74 1  67 1 3
41 93 0  47 1  40 1 2
42 108 0  56 1  43 1 4
43 91 0  97 0  38 1 1
44 67 1  96 0  39 1 3
45 64 0  58 0  21 1 2
46 48 1  50 1  44 1 4
47 95 1  68 1  64 1 3
48 112 0  65 1  40 1 1
49 84 0  29 1  60 0 4
50 38 1  55 1  55 1 2
(289,61,169) ; (0,0,0)
(136,95,219) ; (0,138,0)
(120,69,216) ; (467,164,0)
(148,78,216) ; (439,0,0)
(99,76,134) ; (0,61,0)
(108,86,112) ; (479,78,0)
(122,73,219) ; (345,160,0)
(208,95,108) ; (136,138,0)
(96,79,219) ; (343,0,0)
(114,77,108) ; (99,61,0)
(129,81,67) ; (350,79,0)
(53,59,128) ; (290,0,0)
(78,77,124) ; (213,61,0)
(50,77,132) ; (293,59,0)
(115,80,112) ; (364,80,67)
(109,88,90) ; (136,142,108)
(112,77,47) ; (99,61,108)
(97,91,38) ; (247,139,108)
(60,84,87) ; (527,80,112)
(48,79,63) ; (479,85,112)
(78,68,94) ; (213,61,124)
(48,50,88) ; (295,0,128)
(45,69,27) ; (298,59,132)
(96,67,39) ; (0,61,134)
(89,78,74) ; (255,152,146)
(112,40,65) ; (99,61,155)
(107,37,63) ; (99,101,155)
(45,69,27) ; (298,59,159)
(92,54,44) ; (0,0,169)
(44,48,50) ; (92,0,169)
(84,60,29) ; (136,0,169)
(67,60,43) ; (220,0,169)
(96,66,40) ; (0,61,173)
(40,77,45) ; (487,87,175)
(110,30,39) ; (369,130,179)
(105,29,41) ; (374,80,179)
(88,21,35) ; (391,109,179)
(45,69,27) ; (298,59,186)
(72,57,22) ; (136,0,198)
(45,75,22) ; (136,155,198)
(35,88,21) ; (181,142,198)
