0.0696
76 7601
587 233 220
50
1 59 1  46 1  68 1 4
2 73 1  94 1  55 1 3
3 85 0  31 1  50 1 4
4 99 1  70 1  58 1 1
5 79 0  52 1  27 1 3
6 34 1  41 1  73 0 2
7 65 1  80 1  76 1 2
8 108 0  81 1  50 1 6
9 117 0  89 0  28 1 5
10 69 1  67 1  40 1 2
11 93 0  41 1  68 1 1
12 95 0  66 0  27 1 1
13 116 0  91 0  21 1 5
14 88 1  55 1  53 1 5
15 85 0  43 1  25 1 2
16 107 1  60 1  56 1 1
17 62 1  67 1  53 1 1
18 115 1  77 1  75 1 2
19 66 1  41 1  69 1 2
20 73 1  100 1  71 1 1
21 94 0  30 1  39 1 2
22 65 1  52 1  56 1 6
23 95 1  82 1  52 1 2
24 120 0  60 0  22 1 2
25 107 0  54 0  20 1 5
26 35 1  77 0  45 1 3
27 62 1  55 1  57 1 7
28 42 1  39 1  64 1 5
29 42 1  38 1  39 1 3
30 61 1  50 1  78 1 1
31 50 1  42 1  77 1 4
32 38 1  52 0  25 1 6
33 104 0  57 0  20 1 3
34 103 0  95 0  29 1 2
35 50 1  59 1  33 1 2
36 85 0  68 1  40 1 4
37 48 1  31 1  43 1 3
38 101 0  34 1  37 1 2
39 103 0  42 1  53 1 1
40 52 1  75 1  42 1 1
41 40 1  25 1  21 1 1
42 93 0  43 1  41 1 1
43 95 0  34 1  52 1 4
44 41 1  66 1  53 1 5
45 42 0  31 1  20 1 2
46 101 0  41 1  78 1 4
47 38 1  38 1  21 1 2
48 68 1  97 1  69 1 3
49 40 1  42 1  31 1 2
50 100 1  58 1  79 1 3
(104,174,174) ; (0,0,0)
(216,81,218) ; (371,0,0)
(77,150,157) ; (510,83,0)
(104,57,215) ; (0,176,0)
(89,148,140) ; (421,85,0)
(55,232,176) ; (104,0,0)
(206,68,191) ; (159,0,0)
(94,55,219) ; (159,178,0)
(166,91,105) ; (255,142,0)
(93,68,159) ; (159,110,0)
(101,41,186) ; (159,68,0)
(60,56,107) ; (361,81,0)
(101,74,105) ; (260,68,0)
(130,80,115) ; (291,147,105)
(35,77,90) ; (255,150,105)
(99,70,58) ; (261,68,105)
(57,55,62) ; (364,81,107)
(82,101,78) ; (423,132,140)
(64,42,78) ; (441,85,140)
(55,57,62) ; (532,176,157)
(21,38,38) ; (511,195,157)
(50,78,61) ; (537,98,157)
(21,25,40) ; (511,170,157)
(27,79,52) ; (510,91,157)
(50,66,59) ; (159,112,159)
(42,64,39) ; (209,114,159)
(95,68,52) ; (265,68,163)
(52,38,50) ; (369,81,169)
(35,77,45) ; (0,0,174)
(60,120,44) ; (35,0,174)
(75,52,42) ; (0,122,174)
(31,40,42) ; (0,77,174)
(25,52,38) ; (75,122,174)
(50,77,42) ; (104,0,176)
(53,103,42) ; (104,129,176)
(52,50,38) ; (104,77,176)
(94,39,30) ; (159,68,186)
(104,57,20) ; (159,0,191)
(95,66,27) ; (269,0,191)
(38,38,21) ; (209,140,198)
