0.0754
73 7301
587 233 220
50
1 68 1  60 1  37 1 2
2 98 0  75 0  26 1 1
3 80 0  36 1  50 1 2
4 75 1  91 1  54 1 2
5 91 1  59 1  79 1 4
6 104 0  43 1  71 1 2
7 87 0  89 0  24 1 3
8 41 1  33 1  75 0 1
9 93 0  63 1  32 1 1
10 79 0  95 0  37 1 2
11 109 1  89 1  72 1 1
12 49 1  86 1  56 1 1
13 104 0  91 0  44 1 1
14 90 0  29 1  40 1 2
15 115 0  52 1  66 1 2
16 34 1  96 0  47 1 2
17 99 1  98 1  79 1 3
18 39 1  34 1  20 1 2
19 82 1  91 1  76 1 2
20 58 1  35 1  48 1 2
21 75 0  29 1  24 1 1
22 61 1  45 1  74 1 3
23 109 0  25 1  59 0 3
24 55 1  89 1  78 1 2
25 85 0  46 1  39 1 3
26 49 1  48 1  60 1 1
27 120 0  48 1  50 1 1
28 53 1  97 1  68 1 1
29 91 0  31 1  46 1 5
30 39 1  54 1  50 1 2
31 55 1  78 1  56 1 2
32 70 1  80 1  79 1 1
33 78 0  33 1  68 0 4
34 77 1  41 1  52 1 2
35 74 0  34 1  68 0 4
36 76 0  30 1  53 1 4
37 85 1  79 1  58 1 4
38 102 0  33 1  29 1 2
39 103 1  54 1  80 1 3
40 112 0  43 1  43 1 4
41 89 1  71 1  59 1 3
42 74 1  82 1  59 1 1
43 51 0  45 0  21 1 1
44 55 1  43 1  30 1 3
45 111 0  96 0  45 1 2
46 68 1  96 1  51 1 1
47 93 1  53 1  79 1 3
48 109 1  100 1  66 1 3
49 89 1  51 1  72 1 2
50 48 1  32 1  37 1 2
(89,72,219) ; (0,0,0)
(91,229,118) ; (496,0,0)
(98,158,136) ; (0,75,0)
(100,66,218) ; (89,0,0)
(136,76,216) ; (360,0,0)
(145,156,55) ; (351,77,0)
(170,79,215) ; (98,154,0)
(112,86,86) ; (98,66,0)
(74,61,217) ; (189,0,0)
(97,68,151) ; (263,0,0)
(80,108,103) ; (271,125,0)
(53,93,79) ; (210,61,0)
(86,55,30) ; (265,68,0)
(80,54,183) ; (271,68,30)
(144,104,66) ; (352,129,55)
(91,46,163) ; (405,77,55)
(41,52,154) ; (364,77,55)
(53,93,79) ; (210,61,79)
(104,86,71) ; (98,66,86)
(80,70,112) ; (271,163,103)
(68,37,60) ; (283,126,103)
(89,138,72) ; (496,0,118)
(53,76,90) ; (532,153,118)
(36,80,100) ; (496,149,118)
(109,100,66) ; (387,131,121)
(35,96,58) ; (352,135,121)
(91,104,44) ; (0,129,136)
(93,53,79) ; (0,75,136)
(74,68,68) ; (285,0,151)
(20,39,68) ; (263,0,151)
(56,86,49) ; (98,66,157)
(37,68,60) ; (154,66,157)
(48,49,60) ; (210,61,158)
(30,43,55) ; (210,111,158)
(64,37,48) ; (287,126,163)
(33,75,41) ; (354,156,179)
(90,58,40) ; (0,175,180)
(85,46,39) ; (0,129,180)
(63,93,32) ; (433,138,187)
(46,91,31) ; (387,140,187)
(75,24,29) ; (510,0,190)
(75,98,26) ; (510,24,190)
