0.067
43 4301
587 233 220
50
1 83 0  33 1  65 1 3
2 38 1  33 1  79 0 4
3 42 1  66 1  62 1 5
4 82 1  70 1  43 1 4
5 88 1  54 1  79 1 4
6 102 0  31 1  56 1 3
7 56 1  74 1  80 1 4
8 61 1  52 1  33 1 4
9 111 0  55 1  74 1 3
10 49 1  70 1  70 1 2
11 70 1  53 1  53 1 2
12 90 1  47 1  65 1 4
13 48 1  95 0  26 1 2
14 39 1  56 0  25 1 1
15 33 1  93 0  27 1 2
16 35 1  50 1  52 1 3
17 88 0  43 1  57 1 3
18 49 1  53 1  38 1 2
19 109 0  32 1  33 1 8
20 117 0  55 1  40 1 3
21 42 1  79 0  26 1 4
22 117 0  50 1  38 1 2
23 51 1  93 1  67 1 2
24 75 0  33 1  73 0 5
25 58 1  88 1  68 1 1
26 110 0  41 1  70 1 3
27 36 1  51 1  60 1 2
28 74 0  30 1  38 1 4
29 53 1  73 1  45 1 3
30 68 0  35 1  25 1 5
31 79 0  76 0  31 1 1
32 30 1  99 0  43 1 3
33 39 1  96 0  65 1 2
34 98 1  50 1  76 1 4
35 79 1  80 1  42 1 2
36 38 1  49 0  20 1 2
37 103 0  69 1  48 1 3
38 81 0  39 1  65 1 3
39 93 0  76 0  26 1 2
40 39 1  44 1  46 1 5
41 46 1  80 1  56 1 3
42 100 0  59 1  30 1 3
43 42 1  96 0  75 1 6
44 72 0  33 1  74 0 2
45 72 0  54 1  36 1 4
46 45 1  91 0  30 1 3
47 86 0  32 1  27 1 4
48 36 1  33 1  63 1 2
49 78 1  62 1  40 1 4
50 90 0  66 0  30 1 5
(80,194,218) ; (0,0,0)
(126,96,216) ; (461,0,0)
(90,132,154) ; (497,101,0)
(46,39,220) ; (0,194,0)
(177,39,130) ; (46,194,0)
(108,88,220) ; (80,0,0)
(196,50,216) ; (301,183,0)
(111,106,165) ; (80,88,0)
(67,93,216) ; (394,0,0)
(82,86,166) ; (415,97,0)
(117,40,215) ; (188,0,0)
(88,43,171) ; (306,0,0)
(110,70,176) ; (305,113,0)
(75,73,219) ; (223,160,0)
(53,45,219) ; (188,40,0)
(32,109,99) ; (191,85,0)
(103,69,144) ; (291,43,0)
(49,70,140) ; (241,40,0)
(80,46,56) ; (223,114,0)
(79,42,80) ; (223,118,56)
(31,102,56) ; (191,92,99)
(81,39,65) ; (46,194,130)
(91,30,90) ; (127,203,130)
(78,40,62) ; (223,120,136)
(40,62,78) ; (241,40,140)
(74,60,76) ; (320,43,144)
(25,68,35) ; (295,43,144)
(60,102,66) ; (527,129,154)
(30,100,59) ; (497,131,154)
(56,25,39) ; (531,101,154)
(31,102,56) ; (191,92,155)
(72,72,54) ; (80,122,165)
(93,33,54) ; (80,88,165)
(35,68,50) ; (152,126,165)
(70,50,52) ; (424,131,166)
(63,33,36) ; (431,97,166)
(53,38,49) ; (341,0,171)
(99,30,43) ; (312,153,176)
(63,36,33) ; (348,117,176)
(25,68,35) ; (295,43,179)
(68,35,25) ; (46,198,195)
(49,38,20) ; (223,122,198)
