0.0691
47 4701
587 233 220
50
1 101 0  28 1  59 0 4
2 80 1  81 1  75 1 3
3 115 0  29 1  79 0 3
4 89 0  75 0  36 1 4
5 119 0  46 1  28 1 3
6 47 1  40 1  75 1 2
7 62 1  64 1  53 1 1
8 92 0  66 0  23 1 3
9 94 1  49 1  54 1 4
10 105 0  63 1  52 1 1
11 44 1  52 1  78 1 2
12 104 1  61 1  57 1 2
13 53 1  28 1  71 0 1
14 65 1  78 0  35 1 2
15 94 0  28 1  71 0 2
16 90 1  60 1  68 1 2
17 81 1  97 1  71 1 1
18 98 0  74 1  46 1 1
19 93 1  53 1  61 1 4
20 59 0  85 0  22 1 3
21 66 0  99 0  32 1 2
22 36 1  40 1  37 1 5
23 38 1  38 1  20 1 2
24 30 1  39 1  50 1 2
25 96 0  75 0  23 1 2
26 90 1  64 1  62 1 2
27 61 1  62 1  56 1 3
28 83 1  47 1  58 1 2
29 119 0  34 1  47 1 4
30 44 1  70 1  76 1 4
31 47 1  82 0  31 1 3
32 49 1  89 1  76 1 2
33 48 0  87 0  24 1 6
34 92 0  38 1  57 1 3
35 113 0  51 1  69 1 2
36 108 1  72 1  70 1 1
37 96 1  88 1  58 1 1
38 35 1  31 1  67 0 4
39 114 0  50 1  36 1 1
40 52 1  94 1  68 1 3
41 106 1  64 1  69 1 4
42 72 1  63 1  38 1 4
43 114 1  69 1  77 1 1
44 75 1  99 1  55 1 3
45 44 1  56 1  52 1 4
46 47 1  95 0  54 1 4
47 53 1  54 1  57 1 2
48 77 1  83 1  46 1 2
49 96 1  95 1  55 1 2
50 45 1  73 1  59 1 2
(212,138,64) ; (0,0,0)
(180,77,212) ; (407,0,0)
(192,95,215) ; (395,138,0)
(291,94,68) ; (0,139,0)
(186,61,106) ; (401,77,0)
(99,75,216) ; (308,0,0)
(104,114,130) ; (291,119,0)
(96,58,209) ; (212,0,0)
(112,44,52) ; (289,75,0)
(75,81,80) ; (212,58,0)
(111,40,36) ; (290,75,52)
(115,79,156) ; (0,0,64)
(101,59,56) ; (0,79,64)
(97,71,109) ; (115,0,64)
(73,59,45) ; (101,79,64)
(38,63,144) ; (174,71,64)
(62,90,150) ; (0,139,68)
(49,89,152) ; (62,140,68)
(80,81,150) ; (111,148,68)
(48,87,120) ; (191,142,68)
(52,88,78) ; (239,141,68)
(72,70,139) ; (212,58,80)
(72,38,63) ; (329,75,88)
(37,40,72) ; (292,75,88)
(186,61,56) ; (401,77,106)
(73,59,45) ; (101,79,109)
(101,59,56) ; (0,79,120)
(99,66,87) ; (294,166,130)
(98,46,74) ; (295,120,130)
(47,82,31) ; (239,147,146)
(72,38,63) ; (329,75,151)
(62,53,64) ; (101,79,154)
(30,39,50) ; (299,75,160)
(107,54,57) ; (480,77,162)
(75,40,47) ; (405,77,162)
(76,20,38) ; (404,118,162)
(92,66,46) ; (115,0,173)
(85,59,44) ; (0,79,176)
(47,75,40) ; (239,154,177)
(47,82,31) ; (191,147,188)
