0.071
17 1701
587 233 220
50
1 71 1  60 1  54 1 5
2 97 0  34 1  56 1 5
3 74 0  33 1  32 1 2
4 46 1  70 1  79 1 2
5 119 1  68 1  74 1 1
6 69 0  85 0  31 1 3
7 55 1  72 1  37 1 1
8 85 0  84 0  37 1 2
9 76 0  87 0  37 1 1
10 82 0  92 0  32 1 4
11 81 0  80 0  38 1 1
12 70 0  45 1  23 1 4
13 73 1  68 1  38 1 2
14 50 1  42 1  69 1 3
15 62 1  94 1  51 1 3
16 61 1  60 1  31 1 4
17 36 1  38 1  61 1 1
18 72 1  79 1  74 1 4
19 110 0  44 1  33 1 4
20 82 1  42 1  79 1 2
21 37 1  74 0  35 1 5
22 94 1  57 1  59 1 3
23 86 0  30 1  75 0 2
24 63 0  35 1  29 1 4
25 69 0  33 1  44 1 2
26 99 1  55 1  72 1 2
27 102 0  30 1  26 1 3
28 56 1  30 1  68 0 3
29 47 1  65 1  47 1 3
30 54 1  64 1  71 1 4
31 58 1  33 1  72 0 2
32 79 0  100 0  24 1 3
33 115 0  46 1  26 1 3
34 44 1  47 1  28 1 2
35 64 0  57 1  32 1 1
36 101 0  59 1  31 1 1
37 47 1  38 1  38 1 2
38 37 1  56 1  73 1 4
39 70 0  96 0  26 1 1
40 66 1  86 0  42 1 3
41 77 1  92 1  72 1 4
42 79 1  93 1  77 1 5
43 113 0  34 1  56 1 3
44 94 0  50 1  34 1 2
45 44 1  67 1  55 1 2
46 84 0  93 0  32 1 3
47 82 0  43 1  36 1 3
48 42 1  67 1  50 1 3
49 99 1  83 1  69 1 3
50 114 0  49 1  46 1 3
(74,139,216) ; (0,0,0)
(93,231,193) ; (494,0,0)
(171,94,123) ; (0,139,0)
(210,71,218) ; (74,0,0)
(207,83,153) ; (287,150,0)
(115,75,212) ; (379,0,0)
(50,67,126) ; (74,71,0)
(111,73,136) ; (383,75,0)
(77,92,216) ; (171,141,0)
(119,68,74) ; (124,71,0)
(94,62,51) ; (285,0,0)
(34,97,218) ; (248,136,0)
(84,86,66) ; (295,62,0)
(47,65,94) ; (243,71,0)
(94,62,163) ; (285,0,51)
(84,85,153) ; (295,62,66)
(110,66,146) ; (124,71,74)
(47,65,47) ; (243,71,94)
(82,92,96) ; (0,139,123)
(76,87,97) ; (82,144,123)
(38,38,94) ; (74,71,126)
(44,28,94) ; (74,110,126)
(100,69,42) ; (393,75,136)
(35,63,29) ; (243,71,141)
(110,44,67) ; (377,185,153)
(74,33,65) ; (413,152,153)
(86,42,66) ; (291,187,153)
(60,31,61) ; (353,154,153)
(64,32,57) ; (289,155,153)
(35,63,29) ; (243,71,170)
(50,69,42) ; (443,75,178)
(44,69,33) ; (399,75,178)
(70,96,26) ; (515,0,193)
(79,100,24) ; (506,119,193)
