0.0627
27 2701
587 233 220
50
1 45 1  26 1  47 1 2
2 68 1  75 1  74 1 1
3 43 1  100 0  45 1 6
4 93 0  37 1  62 1 3
5 59 1  55 1  65 1 2
6 120 0  41 1  79 1 1
7 30 1  46 1  58 1 2
8 50 1  37 1  63 1 2
9 104 0  74 0  32 1 8
10 41 1  44 1  23 1 1
11 33 1  26 1  32 1 2
12 51 1  58 1  58 1 1
13 68 1  74 1  46 1 2
14 43 1  35 1  38 1 3
15 102 0  53 1  36 1 6
16 116 1  70 1  71 1 3
17 57 1  78 1  78 1 5
18 99 0  37 1  46 1 2
19 36 1  68 0  34 1 1
20 46 1  35 1  49 1 5
21 44 1  99 0  25 1 3
22 63 1  51 1  39 1 6
23 74 1  81 1  48 1 5
24 94 0  73 0  26 1 2
25 46 1  47 1  55 1 3
26 62 0  28 1  44 1 2
27 54 1  68 1  69 1 3
28 31 1  97 0  47 1 2
29 99 0  43 1  64 1 4
30 116 0  80 1  51 1 2
31 107 0  79 0  35 1 2
32 89 1  56 1  47 1 3
33 63 1  61 1  80 1 2
34 95 0  35 1  38 1 2
35 51 1  64 0  31 1 3
36 83 0  44 1  41 1 3
37 84 1  66 1  66 1 3
38 70 0  76 0  26 1 5
39 44 1  26 1  25 1 3
40 61 1  42 1  79 1 3
41 78 1  99 1  66 1 4
42 98 0  29 1  65 0 3
43 106 0  35 1  52 1 3
44 102 1  90 1  52 1 2
45 63 0  67 0  26 1 3
46 61 1  70 1  52 1 2
47 54 0  25 1  59 0 3
48 32 1  45 1  46 1 2
49 64 1  83 0  40 1 3
50 65 0  29 1  56 1 3
(74,185,218) ; (0,0,0)
(102,196,219) ; (485,0,0)
(89,47,214) ; (0,186,0)
(102,36,212) ; (485,197,0)
(132,99,216) ; (74,0,0)
(116,70,213) ; (89,163,0)
(148,228,78) ; (337,0,0)
(99,64,129) ; (74,99,0)
(132,84,147) ; (205,149,0)
(126,80,163) ; (206,0,0)
(31,64,153) ; (173,99,0)
(75,68,166) ; (206,80,0)
(54,68,138) ; (283,80,0)
(148,104,32) ; (337,0,78)
(65,118,84) ; (420,110,78)
(80,116,51) ; (340,112,78)
(84,66,106) ; (401,0,110)
(99,37,46) ; (386,66,110)
(60,58,97) ; (341,0,110)
(47,46,110) ; (339,58,110)
(97,62,84) ; (74,101,129)
(80,116,51) ; (340,112,129)
(54,59,25) ; (283,80,138)
(93,37,62) ; (205,195,147)
(99,46,37) ; (205,149,147)
(26,45,72) ; (307,187,147)
(26,25,44) ; (307,162,147)
(28,62,44) ; (173,101,153)
(93,37,62) ; (392,66,156)
(63,67,26) ; (422,155,162)
(47,45,58) ; (438,110,162)
(78,78,57) ; (206,0,163)
(41,44,23) ; (285,0,163)
(38,35,43) ; (288,44,163)
(54,59,25) ; (283,80,163)
(69,68,54) ; (206,80,166)
(79,107,35) ; (341,121,180)
(49,46,35) ; (205,149,184)
(38,43,35) ; (254,152,184)
(26,44,25) ; (300,0,186)
(63,67,26) ; (422,155,188)
(54,59,25) ; (283,80,188)
