0.0728
75 7501
587 233 220
50
1 59 1  81 1  60 1 2
2 105 0  33 1  64 1 5
3 30 1  58 1  35 1 5
4 30 1  27 1  73 0 1
5 37 1  75 0  64 1 2
6 89 0  43 1  30 1 5
7 84 0  43 1  34 1 3
8 112 1  57 1  63 1 4
9 49 1  50 1  27 1 5
10 76 1  89 1  67 1 3
11 118 0  29 1  74 0 3
12 92 1  47 1  73 1 4
13 72 0  57 0  23 1 3
14 53 1  54 1  37 1 2
15 94 0  26 1  77 0 2
16 50 1  41 1  29 1 3
17 107 0  77 0  29 1 2
18 71 0  74 0  22 1 5
19 83 0  30 1  74 0 4
20 60 0  25 1  32 1 3
21 112 0  97 1  53 1 4
22 69 1  70 1  72 1 3
23 51 0  47 0  23 1 2
24 50 1  52 1  27 1 4
25 51 1  94 1  60 1 1
26 82 1  54 1  60 1 4
27 120 0  41 1  22 1 4
28 69 1  77 1  44 1 2
29 97 1  62 1  50 1 2
30 102 0  75 0  36 1 4
31 112 0  79 0  22 1 2
32 64 1  71 1  46 1 2
33 87 0  75 0  32 1 4
34 92 0  31 1  60 1 4
35 95 1  67 1  57 1 2
36 49 1  80 1  73 1 2
37 69 1  89 1  59 1 2
38 43 1  52 1  28 1 6
39 36 1  93 0  28 1 4
40 85 0  25 1  64 0 2
41 108 0  49 1  67 1 2
42 48 1  33 1  32 1 5
43 112 0  32 1  72 0 3
44 87 1  61 1  70 1 3
45 32 1  90 0  42 1 4
46 65 1  60 1  51 1 4
47 43 1  64 1  43 1 2
48 42 1  34 1  27 1 5
49 50 1  96 1  68 1 2
50 46 1  26 1  38 1 2
(159,112,148) ; (0,0,0)
(120,82,218) ; (467,0,0)
(89,118,176) ; (0,115,0)
(102,150,99) ; (485,83,0)
(190,57,215) ; (89,176,0)
(92,146,94) ; (393,87,0)
(70,87,217) ; (397,0,0)
(105,64,165) ; (89,112,0)
(98,108,147) ; (159,0,0)
(69,72,214) ; (328,0,0)
(114,72,119) ; (279,161,0)
(76,67,215) ; (194,109,0)
(69,44,181) ; (257,0,0)
(76,89,99) ; (317,72,0)
(57,63,112) ; (257,44,0)
(43,52,84) ; (270,109,0)
(41,50,29) ; (270,111,84)
(92,62,122) ; (393,171,94)
(90,84,64) ; (395,87,94)
(102,120,65) ; (485,113,99)
(89,30,86) ; (498,83,99)
(74,83,120) ; (318,72,99)
(54,53,37) ; (257,44,112)
(41,50,58) ; (270,111,113)
(97,62,100) ; (294,171,119)
(96,100,68) ; (159,0,147)
(145,64,71) ; (0,0,148)
(120,41,44) ; (0,64,148)
(30,35,58) ; (120,64,148)
(54,53,37) ; (257,44,149)
(89,43,60) ; (396,128,158)
(90,35,58) ; (395,87,158)
(97,112,53) ; (490,121,164)
(94,60,51) ; (89,116,165)
(27,50,49) ; (270,111,171)
(74,71,44) ; (0,162,176)
(51,47,23) ; (0,115,176)
(26,46,38) ; (51,116,176)
(60,32,25) ; (257,0,181)
(58,30,35) ; (529,83,185)
(50,49,27) ; (257,44,186)
(46,38,26) ; (0,64,192)
(73,30,27) ; (46,64,192)
