0.0629
34 3401
587 233 220
50
1 86 0  36 1  37 1 2
2 72 1  82 1  53 1 2
3 86 0  31 1  47 1 4
4 51 1  67 1  45 1 2
5 90 0  39 1  59 1 1
6 114 0  76 0  21 1 1
7 37 1  27 1  79 0 4
8 48 1  90 1  78 1 4
9 89 0  85 0  20 1 4
10 110 0  90 0  27 1 4
11 69 1  77 1  48 1 3
12 43 1  40 1  51 1 3
13 48 1  27 1  61 0 3
14 33 1  57 1  79 0 4
15 34 1  61 0  24 1 2
16 43 1  54 1  43 1 2
17 72 1  89 1  55 1 2
18 52 1  81 1  59 1 3
19 61 1  31 1  76 0 2
20 52 0  25 1  58 0 3
21 62 1  61 1  65 1 1
22 47 1  34 1  75 0 6
23 46 1  83 0  41 1 2
24 107 0  48 1  37 1 1
25 112 0  65 0  25 1 3
26 95 0  44 1  29 1 2
27 55 1  74 1  65 1 3
28 50 0  77 0  21 1 2
29 106 0  39 1  51 1 2
30 120 0  30 1  58 1 4
31 38 1  49 0  24 1 1
32 44 1  30 1  30 1 2
33 53 1  62 1  48 1 3
34 30 1  76 0  46 1 3
35 104 0  54 1  51 1 4
36 100 0  87 0  39 1 2
37 118 0  45 1  76 1 2
38 112 0  52 1  36 1 1
39 63 1  37 1  41 1 4
40 86 0  91 0  29 1 4
41 77 0  36 1  72 0 1
42 77 1  92 1  78 1 7
43 99 1  80 1  77 1 1
44 86 1  60 1  50 1 4
45 80 1  66 1  60 1 4
46 83 1  89 1  51 1 7
47 36 1  83 0  46 1 2
48 70 0  96 0  21 1 2
49 64 1  64 1  77 1 1
50 119 0  70 0  27 1 1
(276,90,153) ; (0,0,0)
(317,77,218) ; (0,156,0)
(100,87,219) ; (487,0,0)
(78,144,159) ; (509,89,0)
(240,66,80) ; (0,90,0)
(108,143,102) ; (401,90,0)
(91,86,167) ; (396,0,0)
(82,53,144) ; (319,180,0)
(120,90,134) ; (276,0,0)
(81,59,156) ; (320,121,0)
(86,31,141) ; (315,90,0)
(74,65,192) ; (240,91,0)
(158,66,57) ; (0,90,80)
(77,64,64) ; (158,92,80)
(106,62,48) ; (401,171,102)
(106,81,37) ; (401,90,102)
(78,90,48) ; (316,0,134)
(39,90,59) ; (277,0,134)
(112,65,75) ; (0,91,137)
(43,51,80) ; (112,105,137)
(99,77,80) ; (408,92,139)
(86,31,47) ; (315,90,141)
(58,52,75) ; (343,181,144)
(76,31,61) ; (158,125,144)
(24,49,38) ; (319,184,144)
(76,30,46) ; (158,92,144)
(65,62,61) ; (442,171,150)
(40,51,43) ; (402,182,150)
(170,89,40) ; (0,0,153)
(102,45,67) ; (170,0,153)
(95,44,58) ; (170,45,153)
(53,48,62) ; (348,132,156)
(76,46,60) ; (510,187,159)
(76,31,61) ; (510,156,159)
(74,65,55) ; (512,91,159)
(86,54,43) ; (399,0,167)
(61,27,48) ; (424,54,167)
(72,86,37) ; (322,0,182)
(44,30,30) ; (357,90,188)
(44,30,30) ; (158,92,190)
(48,61,27) ; (240,93,192)
(119,70,27) ; (0,0,193)
(48,61,27) ; (119,0,193)
(34,61,24) ; (282,0,193)
