0.0534
80 8001
587 233 220
20
1 89 1  71 1  68 1 6
2 117 0  26 1  76 0 6
3 77 1  40 1  69 1 9
4 54 0  26 1  79 0 4
5 91 1  56 1  75 1 8
6 63 1  99 1  57 1 5
7 119 1  90 1  65 1 6
8 110 0  29 1  57 1 6
9 95 0  98 0  42 1 6
10 46 1  95 0  27 1 9
11 80 0  75 0  32 1 7
12 64 1  80 1  63 1 3
13 118 0  41 1  48 1 4
14 98 0  30 1  31 1 4
15 69 0  55 1  30 1 9
16 79 0  69 0  20 1 6
17 88 1  70 1  55 1 5
18 62 1  73 1  80 1 6
19 87 0  84 0  28 1 3
20 63 0  78 0  21 1 4
(346,119,130) ; (0,0,0)
(182,112,220) ; (0,121,0)
(80,138,218) ; (507,0,0)
(294,95,84) ; (293,138,0)
(80,138,188) ; (427,0,0)
(80,62,219) ; (347,0,0)
(110,114,87) ; (182,119,0)
(80,75,94) ; (347,62,0)
(213,89,136) ; (374,144,84)
(81,95,92) ; (293,138,84)
(99,114,126) ; (182,119,87)
(80,73,124) ; (347,62,94)
(31,98,90) ; (0,0,130)
(165,69,90) ; (31,0,130)
(118,48,82) ; (31,69,130)
(70,55,88) ; (196,0,130)
(118,48,82) ; (149,69,130)
(78,63,84) ; (268,0,130)
(79,54,78) ; (267,63,130)
(77,69,40) ; (297,164,176)
(76,117,26) ; (430,0,188)
