0.0515
48 4801
587 233 220
20
1 76 1  91 1  74 1 3
2 40 1  91 0  26 1 10
3 68 1  35 1  76 0 7
4 65 1  90 1  56 1 8
5 87 0  34 1  69 0 7
6 67 0  73 0  25 1 6
7 62 1  98 1  52 1 6
8 78 0  89 0  22 1 11
9 104 0  48 1  59 1 9
10 112 1  62 1  77 1 10
11 45 1  98 0  26 1 5
12 52 1  77 1  57 1 4
13 97 0  58 1  40 1 5
14 42 1  41 1  56 1 6
15 115 0  66 0  26 1 4
16 67 1  65 1  50 1 7
17 92 0  33 1  48 1 7
18 89 0  47 1  27 1 4
19 39 1  62 1  35 1 6
20 86 1  47 1  54 1 10
(124,231,164) ; (0,0,0)
(124,98,214) ; (463,0,0)
(224,65,219) ; (363,168,0)
(163,70,204) ; (424,98,0)
(224,77,215) ; (124,0,0)
(144,104,217) ; (124,129,0)
(26,98,220) ; (437,0,0)
(86,94,216) ; (351,0,0)
(134,50,195) ; (124,77,0)
(92,48,219) ; (271,185,0)
(67,73,150) ; (357,95,0)
(89,78,220) ; (268,107,0)
(91,26,200) ; (260,77,0)
(65,67,50) ; (359,101,150)
(83,84,56) ; (0,0,164)
(78,89,22) ; (0,141,164)
(45,98,26) ; (78,132,164)
(40,91,52) ; (83,0,164)
(77,57,52) ; (0,84,164)
(42,41,56) ; (77,91,164)
(69,87,34) ; (0,143,186)
(40,91,26) ; (78,139,190)
