0.0488
21 2101
587 233 220
20
1 46 1  94 0  78 1 9
2 31 1  52 1  50 1 8
3 41 1  98 0  43 1 14
4 75 0  35 1  40 1 9
5 79 0  83 0  37 1 6
6 116 0  35 1  42 1 4
7 47 1  39 1  33 1 8
8 67 1  82 1  69 1 9
9 75 1  55 1  52 1 4
10 73 1  48 1  53 1 7
11 46 1  43 1  59 1 7
12 94 1  59 1  74 1 9
13 75 1  38 1  76 0 6
14 85 0  34 1  71 0 9
15 41 1  75 0  33 1 9
16 58 0  51 1  27 1 5
17 105 0  37 1  20 1 7
18 42 1  69 1  41 1 7
19 84 1  73 1  64 1 8
20 80 0  75 0  25 1 7
(75,160,213) ; (0,0,0)
(207,82,219) ; (380,0,0)
(282,74,219) ; (305,159,0)
(256,73,152) ; (0,160,0)
(232,76,116) ; (355,83,0)
(94,158,216) ; (75,0,0)
(83,158,161) ; (169,0,0)
(128,73,168) ; (252,0,0)
(48,73,212) ; (256,160,0)
(98,86,166) ; (257,73,0)
(85,71,102) ; (501,87,116)
(41,75,101) ; (460,83,116)
(105,74,60) ; (355,84,116)
(246,69,67) ; (0,162,152)
(81,58,51) ; (169,0,161)
(78,94,46) ; (169,58,161)
(96,73,53) ; (259,73,166)
(75,55,52) ; (305,0,168)
(53,73,48) ; (252,0,168)
(98,41,43) ; (362,117,176)
(105,20,37) ; (355,84,176)
