0.0609
96 9601
587 233 220
8
1 66 0  31 1  59 1 8
2 57 1  90 1  54 1 17
3 100 0  48 1  50 1 15
4 120 0  94 0  41 1 20
5 88 1  51 1  61 1 8
6 110 0  60 1  33 1 16
7 57 1  54 1  53 1 15
8 84 0  100 0  37 1 11
(57,233,219) ; (0,0,0)
(470,120,218) ; (117,0,0)
(528,110,60) ; (59,123,0)
(59,66,217) ; (57,0,0)
(54,57,216) ; (57,66,0)
(252,100,159) ; (335,133,60)
(176,61,153) ; (59,172,60)
(100,48,150) ; (59,124,60)
(100,48,150) ; (159,124,60)
(100,50,146) ; (235,183,60)
(57,54,159) ; (278,129,60)
