0.036
32 3201
587 233 220
8
1 60 0  44 0  20 1 34
2 33 1  87 0  66 0 29
3 30 1  46 1  40 1 27
4 35 1  84 0  46 1 26
5 81 1  58 1  67 1 29
6 35 1  30 1  46 1 24
7 42 1  40 1  35 1 27
8 44 1  69 1  66 1 29
(0,0,0) ; (87,66,33)
(87,0,0) ; (174,66,33)
(0,66,0) ; (87,132,33)
(87,66,0) ; (174,132,33)
(174,0,0) ; (243,44,66)
(174,44,0) ; (243,88,66)
(174,88,0) ; (243,132,66)
(0,0,33) ; (87,66,66)
(87,0,33) ; (174,66,66)
(0,66,33) ; (87,132,66)
(87,66,33) ; (174,132,66)
(0,0,66) ; (60,44,86)
(60,0,66) ; (120,44,86)
(120,0,66) ; (180,44,86)
(180,0,66) ; (240,44,86)
(0,44,66) ; (60,88,86)
(60,44,66) ; (120,88,86)
(120,44,66) ; (180,88,86)
(180,44,66) ; (240,88,86)
(0,88,66) ; (60,132,86)
(60,88,66) ; (120,132,86)
(120,88,66) ; (180,132,86)
(180,88,66) ; (240,132,86)
(411,0,0) ; (455,69,66)
(455,0,0) ; (499,69,66)
(499,0,0) ; (543,69,66)
(543,0,0) ; (587,69,66)
(411,0,66) ; (455,69,132)
(455,0,66) ; (499,69,132)
(499,0,66) ; (543,69,132)
(543,0,66) ; (587,69,132)
(411,0,132) ; (469,67,213)
(469,0,132) ; (527,67,213)
(527,0,132) ; (585,67,213)
(0,167,0) ; (69,233,44)
(69,167,0) ; (138,233,44)
(0,167,44) ; (69,233,88)
(69,167,44) ; (138,233,88)
(0,167,88) ; (69,233,132)
(69,167,88) ; (138,233,132)
(0,167,132) ; (69,233,176)
(69,167,132) ; (138,233,176)
(0,167,176) ; (69,233,220)
(69,167,176) ; (138,233,220)
(413,166,0) ; (471,233,81)
(471,166,0) ; (529,233,81)
(529,166,0) ; (587,233,81)
(413,166,81) ; (471,233,162)
(471,166,81) ; (529,233,162)
(529,166,81) ; (587,233,162)
(413,166,162) ; (494,233,220)
(494,166,162) ; (575,233,220)
(0,132,0) ; (84,167,46)
(84,132,0) ; (168,167,46)
(0,132,46) ; (84,167,92)
(84,132,46) ; (168,167,92)
(413,99,0) ; (471,166,81)
(471,99,0) ; (529,166,81)
(529,99,0) ; (587,166,81)
(413,99,81) ; (471,166,162)
(471,99,81) ; (529,166,162)
(529,99,81) ; (587,166,162)
(413,99,162) ; (494,166,220)
(494,99,162) ; (575,166,220)
(432,69,0) ; (472,99,46)
(472,69,0) ; (512,99,46)
(512,69,0) ; (552,99,46)
(552,69,0) ; (587,99,46)
(432,69,46) ; (472,99,92)
(472,69,46) ; (512,99,92)
(512,69,46) ; (552,99,92)
(552,69,46) ; (587,99,92)
(432,69,92) ; (472,99,138)
(472,69,92) ; (512,99,138)
(512,69,92) ; (552,99,138)
(552,69,92) ; (587,99,138)
(432,69,138) ; (472,99,184)
(472,69,138) ; (512,99,184)
(512,69,138) ; (552,99,184)
(552,69,138) ; (587,99,184)
(138,167,0) ; (207,233,44)
(207,167,0) ; (276,233,44)
(138,167,44) ; (207,233,88)
(207,167,44) ; (276,233,88)
(138,167,88) ; (207,233,132)
(207,167,88) ; (276,233,132)
(138,167,132) ; (207,233,176)
(207,167,132) ; (276,233,176)
(138,167,176) ; (184,197,216)
(184,167,176) ; (230,197,216)
(230,167,176) ; (276,197,216)
(138,197,176) ; (184,227,216)
(184,197,176) ; (230,227,216)
(230,197,176) ; (276,227,216)
(279,117,0) ; (346,175,81)
(346,117,0) ; (413,175,81)
(279,175,0) ; (346,233,81)
(346,175,0) ; (413,233,81)
(279,117,81) ; (346,175,162)
(346,117,81) ; (413,175,162)
(279,175,81) ; (346,233,162)
(346,175,81) ; (413,233,162)
(243,0,0) ; (327,35,46)
(327,0,0) ; (411,35,46)
(243,35,0) ; (327,70,46)
(327,35,0) ; (411,70,46)
(243,0,46) ; (327,35,92)
(327,0,46) ; (411,35,92)
(243,35,46) ; (327,70,92)
(327,35,46) ; (411,70,92)
(243,0,92) ; (327,35,138)
(327,0,92) ; (411,35,138)
(243,35,92) ; (327,70,138)
(327,35,92) ; (411,70,138)
(243,0,138) ; (327,35,184)
(327,0,138) ; (411,35,184)
(243,35,138) ; (327,70,184)
(327,35,138) ; (411,70,184)
(168,132,0) ; (208,167,42)
(208,132,0) ; (248,167,42)
(168,132,42) ; (208,167,84)
(208,132,42) ; (248,167,84)
(245,70,0) ; (329,116,35)
(329,70,0) ; (413,116,35)
(245,70,35) ; (329,116,70)
(329,70,35) ; (413,116,70)
(245,70,70) ; (329,116,105)
(329,70,70) ; (413,116,105)
(245,70,105) ; (285,116,135)
(285,70,105) ; (325,116,135)
(325,70,105) ; (365,116,135)
(365,70,105) ; (405,116,135)
(245,70,135) ; (285,116,165)
(285,70,135) ; (325,116,165)
(325,70,135) ; (365,116,165)
(365,70,135) ; (405,116,165)
(248,121,0) ; (278,167,40)
(248,121,40) ; (278,167,75)
(248,121,75) ; (278,167,110)
(248,121,110) ; (278,167,145)
(168,132,84) ; (208,167,126)
(208,132,84) ; (248,167,126)
(168,132,126) ; (208,167,168)
(208,132,126) ; (248,167,168)
(0,0,86) ; (87,66,119)
(87,0,86) ; (174,66,119)
(0,66,86) ; (87,132,119)
(87,66,86) ; (174,132,119)
(0,0,119) ; (87,66,152)
(87,0,119) ; (174,66,152)
(0,66,119) ; (87,132,152)
(87,66,119) ; (174,132,152)
(0,0,152) ; (87,66,185)
(87,0,152) ; (174,66,185)
(0,66,152) ; (87,132,185)
(87,66,152) ; (174,132,185)
(0,0,185) ; (87,66,218)
(87,0,185) ; (174,66,218)
(0,66,185) ; (87,132,218)
(87,66,185) ; (174,132,218)
(174,0,86) ; (240,87,119)
(174,0,119) ; (240,87,152)
(174,0,152) ; (240,87,185)
(174,0,185) ; (240,87,218)
(174,87,86) ; (234,131,106)
(174,87,106) ; (234,131,126)
(174,87,126) ; (234,131,146)
(174,87,146) ; (234,131,166)
(174,87,166) ; (234,131,186)
(0,132,92) ; (40,167,134)
(40,132,92) ; (80,167,134)
(80,132,92) ; (120,167,134)
(120,132,92) ; (160,167,134)
(0,132,134) ; (40,167,176)
(40,132,134) ; (80,167,176)
(80,132,134) ; (120,167,176)
(120,132,134) ; (160,167,176)
(0,132,176) ; (40,167,218)
(40,132,176) ; (80,167,218)
(80,132,176) ; (120,167,218)
(120,132,176) ; (160,167,218)
(248,121,145) ; (278,167,180)
(279,152,162) ; (346,233,220)
(346,152,162) ; (413,233,220)
(293,117,162) ; (323,152,208)
(323,117,162) ; (353,152,208)
(353,117,162) ; (383,152,208)
(383,117,162) ; (413,152,208)
(285,70,165) ; (315,116,200)
(315,70,165) ; (345,116,200)
(345,70,165) ; (375,116,200)
(375,70,165) ; (405,116,200)
(285,70,200) ; (345,114,220)
(345,70,200) ; (405,114,220)
(245,70,165) ; (285,112,200)
(168,132,168) ; (208,167,210)
(208,132,168) ; (248,167,210)
(248,121,180) ; (278,167,215)
(449,69,184) ; (495,99,219)
(495,69,184) ; (541,99,219)
(541,69,184) ; (587,99,219)
(243,0,184) ; (285,40,219)
(285,0,184) ; (327,40,219)
(327,0,184) ; (369,40,219)
(369,0,184) ; (411,40,219)
(273,40,184) ; (319,70,219)
(319,40,184) ; (365,70,219)
(365,40,184) ; (411,70,219)
(174,87,186) ; (234,131,206)
