0.0452
8 801
587 233 220
10
1 47 1  46 1  46 1 22
2 83 0  32 1  52 1 21
3 103 0  35 1  21 1 17
4 58 0  28 1  31 1 22
5 51 1  43 1  70 1 17
6 50 0  98 0  23 1 14
7 63 0  92 0  21 1 25
8 70 1  74 1  71 1 16
9 107 0  67 1  52 1 19
10 58 1  38 1  44 1 24
(0,0,0) ; (63,92,21)
(63,0,0) ; (126,92,21)
(126,0,0) ; (189,92,21)
(189,0,0) ; (252,92,21)
(0,0,21) ; (63,92,42)
(63,0,21) ; (126,92,42)
(126,0,21) ; (189,92,42)
(189,0,21) ; (252,92,42)
(0,0,42) ; (63,92,63)
(63,0,42) ; (126,92,63)
(126,0,42) ; (189,92,63)
(189,0,42) ; (252,92,63)
(0,0,63) ; (63,92,84)
(63,0,63) ; (126,92,84)
(126,0,63) ; (189,92,84)
(189,0,63) ; (252,92,84)
(0,0,84) ; (63,92,105)
(63,0,84) ; (126,92,105)
(126,0,84) ; (189,92,105)
(189,0,84) ; (252,92,105)
(0,0,105) ; (63,92,126)
(63,0,105) ; (126,92,126)
(126,0,105) ; (189,92,126)
(189,0,105) ; (252,92,126)
(0,93,0) ; (43,163,51)
(43,93,0) ; (86,163,51)
(86,93,0) ; (129,163,51)
(129,93,0) ; (172,163,51)
(172,93,0) ; (215,163,51)
(0,163,0) ; (43,233,51)
(43,163,0) ; (86,233,51)
(86,163,0) ; (129,233,51)
(129,163,0) ; (172,233,51)
(172,163,0) ; (215,233,51)
(0,93,51) ; (71,163,125)
(71,93,51) ; (142,163,125)
(142,93,51) ; (213,163,125)
(0,163,51) ; (71,233,125)
(71,163,51) ; (142,233,125)
(142,163,51) ; (213,233,125)
(0,93,125) ; (71,163,199)
(71,93,125) ; (142,163,199)
(142,93,125) ; (213,163,199)
(0,163,125) ; (71,233,199)
(71,163,125) ; (142,233,199)
(142,163,125) ; (213,233,199)
(0,93,199) ; (103,128,220)
(103,93,199) ; (206,128,220)
(0,128,199) ; (103,163,220)
(103,128,199) ; (206,163,220)
(0,163,199) ; (103,198,220)
(103,163,199) ; (206,198,220)
(0,198,199) ; (103,233,220)
(103,198,199) ; (206,233,220)
(252,0,0) ; (319,107,52)
(319,0,0) ; (386,107,52)
(386,0,0) ; (453,107,52)
(453,0,0) ; (520,107,52)
(520,0,0) ; (587,107,52)
(252,0,52) ; (319,107,104)
(319,0,52) ; (386,107,104)
(386,0,52) ; (453,107,104)
(453,0,52) ; (520,107,104)
(520,0,52) ; (587,107,104)
(252,0,104) ; (319,107,156)
(319,0,104) ; (386,107,156)
(386,0,104) ; (453,107,156)
(453,0,104) ; (520,107,156)
(520,0,104) ; (587,107,156)
(252,0,156) ; (335,52,188)
(335,0,156) ; (418,52,188)
(418,0,156) ; (501,52,188)
(501,0,156) ; (584,52,188)
(252,52,156) ; (335,104,188)
(335,52,156) ; (418,104,188)
(418,52,156) ; (501,104,188)
(501,52,156) ; (584,104,188)
(252,0,188) ; (335,52,220)
(335,0,188) ; (418,52,220)
(418,0,188) ; (501,52,220)
(501,0,188) ; (584,52,220)
(252,52,188) ; (335,104,220)
(335,52,188) ; (418,104,220)
(418,52,188) ; (501,104,220)
(501,52,188) ; (584,104,220)
(411,175,0) ; (455,233,38)
(455,175,0) ; (499,233,38)
(499,175,0) ; (543,233,38)
(543,175,0) ; (587,233,38)
(411,175,38) ; (455,233,76)
(455,175,38) ; (499,233,76)
(499,175,38) ; (543,233,76)
(543,175,38) ; (587,233,76)
(411,175,76) ; (455,233,114)
(455,175,76) ; (499,233,114)
(499,175,76) ; (543,233,114)
(543,175,76) ; (587,233,114)
(411,175,114) ; (455,233,152)
(455,175,114) ; (499,233,152)
(499,175,114) ; (543,233,152)
(543,175,114) ; (587,233,152)
(411,175,152) ; (455,233,190)
(455,175,152) ; (499,233,190)
(499,175,152) ; (543,233,190)
(543,175,152) ; (587,233,190)
(411,175,190) ; (442,233,218)
(442,175,190) ; (473,233,218)
(473,175,190) ; (504,233,218)
(504,175,190) ; (535,233,218)
(535,175,190) ; (566,233,218)
(494,117,0) ; (525,175,28)
(525,117,0) ; (556,175,28)
(556,117,0) ; (587,175,28)
(494,117,28) ; (525,175,56)
(525,117,28) ; (556,175,56)
(556,117,28) ; (587,175,56)
(494,117,56) ; (525,175,84)
(525,117,56) ; (556,175,84)
(556,117,56) ; (587,175,84)
(494,117,84) ; (525,175,112)
(525,117,84) ; (556,175,112)
(556,117,84) ; (587,175,112)
(494,117,112) ; (525,175,140)
(525,117,112) ; (556,175,140)
(556,117,112) ; (587,175,140)
(494,117,140) ; (538,175,178)
(538,117,140) ; (582,175,178)
(494,117,178) ; (538,175,216)
(538,117,178) ; (582,175,216)
(387,108,0) ; (494,175,52)
(387,108,52) ; (494,175,104)
(387,108,104) ; (494,175,156)
(387,108,156) ; (494,175,208)
(215,183,0) ; (313,233,23)
(313,183,0) ; (411,233,23)
(215,183,23) ; (313,233,46)
(313,183,23) ; (411,233,46)
(215,183,46) ; (313,233,69)
(313,183,46) ; (411,233,69)
(215,183,69) ; (313,233,92)
(313,183,69) ; (411,233,92)
(215,183,92) ; (313,233,115)
(313,183,92) ; (411,233,115)
(215,183,115) ; (313,233,138)
(313,183,115) ; (411,233,138)
(215,183,138) ; (313,233,161)
(313,183,138) ; (411,233,161)
(247,109,0) ; (317,183,71)
(317,109,0) ; (387,183,71)
(247,109,71) ; (317,183,142)
(317,109,71) ; (387,183,142)
(215,100,0) ; (247,183,52)
(215,100,52) ; (247,183,104)
(215,100,104) ; (247,183,156)
(0,0,126) ; (46,46,173)
(46,0,126) ; (92,46,173)
(92,0,126) ; (138,46,173)
(138,0,126) ; (184,46,173)
(184,0,126) ; (230,46,173)
(0,46,126) ; (46,92,173)
(46,46,126) ; (92,92,173)
(92,46,126) ; (138,92,173)
(138,46,126) ; (184,92,173)
(184,46,126) ; (230,92,173)
(0,0,173) ; (46,46,220)
(46,0,173) ; (92,46,220)
(92,0,173) ; (138,46,220)
(138,0,173) ; (184,46,220)
(184,0,173) ; (230,46,220)
(0,46,173) ; (46,92,220)
(46,46,173) ; (92,92,220)
(92,46,173) ; (138,92,220)
(138,46,173) ; (184,92,220)
(184,46,173) ; (230,92,220)
(284,113,142) ; (387,148,163)
(284,148,142) ; (387,183,163)
(247,125,142) ; (278,183,170)
(215,100,156) ; (247,183,208)
(271,190,161) ; (341,233,212)
(341,190,161) ; (411,233,212)
(215,187,161) ; (262,233,207)
(284,113,163) ; (387,148,184)
(284,148,163) ; (387,183,184)
(247,125,170) ; (278,183,198)
(284,120,184) ; (387,141,219)
(284,141,184) ; (387,162,219)
(284,162,184) ; (387,183,219)
