0.046
14 1401
587 233 220
10
1 64 1  69 1  39 1 20
2 66 1  64 1  47 1 18
3 66 0  31 1  30 1 18
4 97 1  64 1  53 1 19
5 70 0  50 0  21 1 26
6 34 1  97 0  41 1 17
7 77 0  27 1  76 0 17
8 87 0  26 1  77 0 20
9 55 1  35 1  70 0 14
10 72 1  42 1  52 1 21
(126,104,216) ; (0,0,0)
(192,159,220) ; (395,0,0)
(198,128,219) ; (0,105,0)
(188,66,220) ; (399,167,0)
(70,105,220) ; (126,0,0)
(200,70,167) ; (199,163,0)
(154,76,216) ; (241,0,0)
(42,52,216) ; (196,0,0)
(41,97,204) ; (198,52,0)
(154,87,182) ; (241,76,0)
(194,66,47) ; (199,165,167)
(154,87,26) ; (241,76,182)
