0.041
36 3601
587 233 220
10
1 118 0  39 1  72 1 16
2 117 0  79 0  35 1 20
3 68 0  44 1  25 1 11
4 55 1  47 1  55 1 14
5 58 1  71 1  38 1 12
6 71 1  88 1  53 1 14
7 55 0  44 0  20 1 11
8 119 0  65 1  35 1 15
9 116 0  41 1  52 1 14
10 31 1  40 1  31 1 20
(355,72,220) ; (0,0,0)
(234,158,216) ; (0,75,0)
(352,71,217) ; (235,162,0)
(177,119,215) ; (410,0,0)
(58,38,213) ; (529,124,0)
(232,41,208) ; (297,121,0)
(53,71,220) ; (357,0,0)
(55,47,220) ; (355,71,0)
(110,47,220) ; (245,72,0)
(62,40,217) ; (234,122,0)
