0.070319 
0.052071 
0.059550 
0.066693 
0.064744 
0.064860 
0.066484 
0.063770 
0.064967 
0.065155 
0.064512 
0.065508 
0.066802 
0.066226 
0.066099 
0.066193 
0.066188 
0.065391 
0.065516 
0.065915 
0.065551 
0.065251 
0.065310 
0.065405 
0.065645 
0.065740 
0.065592 
0.065553 
0.065310 
0.065284 
0.065292 
0.065213 
0.065158 
0.065158 
0.065043 
0.065045 
0.064839 
0.064930 
0.064934 
0.064850 
0.064897 
0.064810 
0.064801 
0.064746 
0.064837 
0.064821 
0.064831 
0.064895 
0.064909 
0.064905 
0.064902 
0.064801 
0.064834 
0.064861 
0.064928 
0.064914 
0.064978 
0.064926 
0.064922 
0.064921 
0.064889 
0.064896 
0.064889 
0.064914 
0.064896 
0.064912 
0.064883 
0.064902 
0.064913 
0.064944 
0.064949 
0.064913 
0.064917 
0.064899 
0.064906 
0.064884 
0.064876 
0.064847 
0.064847 
0.064848 
0.064861 
0.064869 
0.064860 
0.064846 
0.064838 
0.064841 
0.064844 
0.064841 
0.064836 
0.064826 
0.064834 
0.064836 
0.064825 
0.064813 
0.064832 
0.064845 
0.064861 
0.064855 
0.064863 
0.064893 
0.064896 
0.064903 
0.064919 
0.064916 
0.064916 
0.064923 
0.064927 
0.064921 
0.064929 
0.064942 
0.064948 
0.064944 
0.064935 
0.064928 
0.064930 
0.064929 
0.064923 
0.064934 
0.064942 
0.064943 
0.064933 
0.064925 
0.064924 
0.064922 
0.064921 
0.064926 
0.064928 
0.064940 
0.064940 
0.064939 
0.064940 
0.064931 
0.064927 
0.064928 
0.064930 
0.064930 
0.064932 
0.064927 
0.064932 
0.064925 
0.064926 
0.064928 
0.064931 
0.064930 
0.064928 
0.064926 
0.064928 
0.064922 
0.064926 
0.064926 
0.064920 
0.064908 
0.064899 
0.064902 
0.064904 
0.064904 
0.064904 
0.064899 
0.064901 
0.064895 
0.064895 
0.064892 
0.064892 
0.064889 
0.064891 
0.064888 
0.064879 
0.064883 
0.064881 
0.064885 
0.064878 
0.064872 
0.064865 
0.064867 
0.064868 
0.064868 
0.064871 
0.064867 
0.064863 
0.064867 
0.064862 
0.064856 
0.064859 
0.064857 
0.064861 
0.064858 
0.064865 
0.064868 
0.064869 
0.064867 
0.064866 
0.064864 
0.064869 
0.064869 
0.064868 
0.064865 
0.064858 
0.064858 
0.064859 
0.064859 
0.064858 
0.064858 
0.064862 
0.064859 
0.064857 
0.064858 
0.064862 
0.064859 
0.064858 
0.064861 
0.064861 
0.064861 
0.064858 
0.064860 
0.064862 
0.064863 
0.064861 
0.064864 
0.064864 
0.064861 
0.064861 
0.064861 
0.064859 
0.064859 
0.064860 
0.064860 
0.064862 
0.064859 
0.064857 
0.064857 
0.064857 
0.064855 
0.064854 
0.064853 
0.064854 
0.064856 
0.064856 
0.064855 
0.064856 
0.064857 
0.064857 
0.064855 
0.064851 
0.064852 
0.064852 
0.064854 
0.064855 
0.064855 
0.064855 
0.064854 
0.064853 
0.064855 
0.064857 
0.064859 
0.064860 
0.064862 
0.064863 
0.064863 
0.064863 
0.064863 
0.064863 
0.064863 
0.064866 
0.064869 
0.064870 
0.064872 
0.064870 
0.064870 
0.064868 
0.064870 
0.064871 
0.064871 
0.064871 
0.064869 
0.064868 
0.064869 
0.064871 
0.064870 
0.064871 
0.064872 
0.064873 
0.064871 
0.064870 
0.064872 
0.064873 
0.064874 
0.064872 
0.064872 
0.064873 
0.064873 
0.064872 
0.064874 
0.064875 
0.064875 
0.064875 
0.064874 
0.064872 
0.064873 
