0.0358
8 801
587 233 220
5
1 47 1  46 1  46 1 65
2 83 0  32 1  52 1 59
3 103 0  35 1  21 1 51
4 58 0  28 1  31 1 56
5 51 1  43 1  70 1 57
(0,0,0) ; (21,103,35)
(21,0,0) ; (42,103,35)
(42,0,0) ; (63,103,35)
(63,0,0) ; (84,103,35)
(84,0,0) ; (105,103,35)
(105,0,0) ; (126,103,35)
(126,0,0) ; (147,103,35)
(147,0,0) ; (168,103,35)
(168,0,0) ; (189,103,35)
(189,0,0) ; (210,103,35)
(0,0,35) ; (21,103,70)
(21,0,35) ; (42,103,70)
(42,0,35) ; (63,103,70)
(63,0,35) ; (84,103,70)
(84,0,35) ; (105,103,70)
(105,0,35) ; (126,103,70)
(126,0,35) ; (147,103,70)
(147,0,35) ; (168,103,70)
(168,0,35) ; (189,103,70)
(189,0,35) ; (210,103,70)
(0,0,70) ; (35,103,91)
(35,0,70) ; (70,103,91)
(70,0,70) ; (105,103,91)
(105,0,70) ; (140,103,91)
(140,0,70) ; (175,103,91)
(175,0,70) ; (210,103,91)
(0,0,91) ; (70,51,134)
(70,0,91) ; (140,51,134)
(140,0,91) ; (210,51,134)
(0,51,91) ; (70,102,134)
(70,51,91) ; (140,102,134)
(140,51,91) ; (210,102,134)
(0,0,134) ; (70,51,177)
(70,0,134) ; (140,51,177)
(140,0,134) ; (210,51,177)
(0,51,134) ; (70,102,177)
(70,51,134) ; (140,102,177)
(140,51,134) ; (210,102,177)
(0,0,177) ; (70,51,220)
(70,0,177) ; (140,51,220)
(140,0,177) ; (210,51,220)
(0,51,177) ; (70,102,220)
(70,51,177) ; (140,102,220)
(140,51,177) ; (210,102,220)
(434,0,0) ; (485,70,43)
(485,0,0) ; (536,70,43)
(536,0,0) ; (587,70,43)
(434,70,0) ; (485,140,43)
(485,70,0) ; (536,140,43)
(536,70,0) ; (587,140,43)
(434,0,43) ; (485,70,86)
(485,0,43) ; (536,70,86)
(536,0,43) ; (587,70,86)
(434,70,43) ; (485,140,86)
(485,70,43) ; (536,140,86)
(536,70,43) ; (587,140,86)
(434,0,86) ; (485,70,129)
(485,0,86) ; (536,70,129)
(536,0,86) ; (587,70,129)
(434,70,86) ; (485,140,129)
(485,70,86) ; (536,140,129)
(536,70,86) ; (587,140,129)
(434,0,129) ; (485,70,172)
(485,0,129) ; (536,70,172)
(536,0,129) ; (587,70,172)
(434,70,129) ; (485,140,172)
(485,70,129) ; (536,140,172)
(536,70,129) ; (587,140,172)
(434,0,172) ; (481,46,218)
(481,0,172) ; (528,46,218)
(528,0,172) ; (575,46,218)
(434,46,172) ; (481,92,218)
(481,46,172) ; (528,92,218)
(528,46,172) ; (575,92,218)
(434,92,172) ; (481,138,218)
(481,92,172) ; (528,138,218)
(528,92,172) ; (575,138,218)
(0,150,0) ; (32,233,52)
(32,150,0) ; (64,233,52)
(64,150,0) ; (96,233,52)
(96,150,0) ; (128,233,52)
(128,150,0) ; (160,233,52)
(160,150,0) ; (192,233,52)
(192,150,0) ; (224,233,52)
(224,150,0) ; (256,233,52)
(256,150,0) ; (288,233,52)
(288,150,0) ; (320,233,52)
(0,150,52) ; (32,233,104)
(32,150,52) ; (64,233,104)
(64,150,52) ; (96,233,104)
(96,150,52) ; (128,233,104)
(128,150,52) ; (160,233,104)
(160,150,52) ; (192,233,104)
(192,150,52) ; (224,233,104)
(224,150,52) ; (256,233,104)
(256,150,52) ; (288,233,104)
(288,150,52) ; (320,233,104)
(0,150,104) ; (32,233,156)
(32,150,104) ; (64,233,156)
(64,150,104) ; (96,233,156)
(96,150,104) ; (128,233,156)
(128,150,104) ; (160,233,156)
(160,150,104) ; (192,233,156)
(192,150,104) ; (224,233,156)
(224,150,104) ; (256,233,156)
(256,150,104) ; (288,233,156)
(288,150,104) ; (320,233,156)
(0,150,156) ; (52,233,188)
(52,150,156) ; (104,233,188)
(104,150,156) ; (156,233,188)
(156,150,156) ; (208,233,188)
(208,150,156) ; (260,233,188)
(260,150,156) ; (312,233,188)
(0,150,188) ; (52,233,220)
(52,150,188) ; (104,233,220)
(104,150,188) ; (156,233,220)
(156,150,188) ; (208,233,220)
(208,150,188) ; (260,233,220)
(260,150,188) ; (312,233,220)
(403,141,0) ; (449,187,47)
(449,141,0) ; (495,187,47)
(495,141,0) ; (541,187,47)
(541,141,0) ; (587,187,47)
(403,187,0) ; (449,233,47)
(449,187,0) ; (495,233,47)
(495,187,0) ; (541,233,47)
(541,187,0) ; (587,233,47)
(403,141,47) ; (449,187,94)
(449,141,47) ; (495,187,94)
(495,141,47) ; (541,187,94)
(541,141,47) ; (587,187,94)
(403,187,47) ; (449,233,94)
(449,187,47) ; (495,233,94)
(495,187,47) ; (541,233,94)
(541,187,47) ; (587,233,94)
(403,141,94) ; (449,187,141)
(449,141,94) ; (495,187,141)
(495,141,94) ; (541,187,141)
(541,141,94) ; (587,187,141)
(403,187,94) ; (449,233,141)
(449,187,94) ; (495,233,141)
(495,187,94) ; (541,233,141)
(541,187,94) ; (587,233,141)
(403,141,141) ; (449,187,188)
(449,141,141) ; (495,187,188)
(495,141,141) ; (541,187,188)
(541,141,141) ; (587,187,188)
(403,187,141) ; (449,233,188)
(449,187,141) ; (495,233,188)
(495,187,141) ; (541,233,188)
(541,187,141) ; (587,233,188)
(0,103,0) ; (46,150,46)
(46,103,0) ; (92,150,46)
(92,103,0) ; (138,150,46)
(138,103,0) ; (184,150,46)
(184,103,0) ; (230,150,46)
(0,103,46) ; (46,150,92)
(46,103,46) ; (92,150,92)
(92,103,46) ; (138,150,92)
(138,103,46) ; (184,150,92)
(184,103,46) ; (230,150,92)
(0,103,92) ; (46,150,138)
(46,103,92) ; (92,150,138)
(92,103,92) ; (138,150,138)
(138,103,92) ; (184,150,138)
(184,103,92) ; (230,150,138)
(0,103,138) ; (46,149,185)
(46,103,138) ; (92,149,185)
(92,103,138) ; (138,149,185)
(138,103,138) ; (184,149,185)
(184,103,138) ; (230,149,185)
(266,0,0) ; (294,58,31)
(294,0,0) ; (322,58,31)
(322,0,0) ; (350,58,31)
(350,0,0) ; (378,58,31)
(378,0,0) ; (406,58,31)
(406,0,0) ; (434,58,31)
(266,0,31) ; (294,58,62)
(294,0,31) ; (322,58,62)
(322,0,31) ; (350,58,62)
(350,0,31) ; (378,58,62)
(378,0,31) ; (406,58,62)
(406,0,31) ; (434,58,62)
(266,0,62) ; (294,58,93)
(294,0,62) ; (322,58,93)
(322,0,62) ; (350,58,93)
(350,0,62) ; (378,58,93)
(378,0,62) ; (406,58,93)
(406,0,62) ; (434,58,93)
(266,0,93) ; (294,58,124)
(294,0,93) ; (322,58,124)
(322,0,93) ; (350,58,124)
(350,0,93) ; (378,58,124)
(378,0,93) ; (406,58,124)
(406,0,93) ; (434,58,124)
(266,0,124) ; (294,58,155)
(294,0,124) ; (322,58,155)
(322,0,124) ; (350,58,155)
(350,0,124) ; (378,58,155)
(378,0,124) ; (406,58,155)
(406,0,124) ; (434,58,155)
(266,0,155) ; (294,58,186)
(294,0,155) ; (322,58,186)
(322,0,155) ; (350,58,186)
(350,0,155) ; (378,58,186)
(378,0,155) ; (406,58,186)
(406,0,155) ; (434,58,186)
(266,0,186) ; (294,58,217)
(294,0,186) ; (322,58,217)
(322,0,186) ; (350,58,217)
(350,0,186) ; (378,58,217)
(378,0,186) ; (406,58,217)
(406,0,186) ; (434,58,217)
(320,181,0) ; (403,233,32)
(320,181,32) ; (403,233,64)
(320,181,64) ; (403,233,96)
(320,181,96) ; (403,233,128)
(320,181,128) ; (403,233,160)
(320,181,160) ; (403,233,192)
(210,0,0) ; (245,103,21)
(245,0,0) ; (266,103,35)
(210,0,21) ; (245,103,42)
(245,0,35) ; (266,103,70)
(210,0,42) ; (245,103,63)
(210,0,63) ; (245,103,84)
(245,0,70) ; (266,103,105)
(210,0,84) ; (245,103,105)
(210,0,105) ; (245,103,126)
(245,0,105) ; (266,103,140)
(210,0,126) ; (245,103,147)
(245,0,140) ; (266,103,175)
(210,0,147) ; (245,103,168)
(210,0,168) ; (245,103,189)
(245,0,175) ; (266,103,210)
(210,0,189) ; (245,103,210)
(382,58,0) ; (434,141,32)
(382,58,32) ; (434,141,64)
(382,58,64) ; (434,141,96)
(382,58,96) ; (434,141,128)
(382,58,128) ; (434,141,160)
(382,58,160) ; (434,141,192)
(320,149,0) ; (403,181,52)
(320,149,52) ; (403,181,104)
(320,149,104) ; (403,181,156)
(280,58,0) ; (331,128,43)
(331,58,0) ; (382,128,43)
(280,58,43) ; (331,128,86)
(331,58,43) ; (382,128,86)
(280,58,86) ; (331,128,129)
(331,58,86) ; (382,128,129)
(280,58,129) ; (331,128,172)
(331,58,129) ; (382,128,172)
(280,58,172) ; (331,128,215)
(331,58,172) ; (382,128,215)
(279,128,0) ; (382,149,35)
(230,104,0) ; (277,150,46)
(230,104,46) ; (277,150,92)
(230,104,92) ; (277,150,138)
(230,104,138) ; (276,150,185)
(279,128,35) ; (382,149,70)
(279,128,70) ; (382,149,105)
(279,128,105) ; (382,149,140)
(279,128,140) ; (382,149,175)
(320,149,156) ; (403,181,208)
(279,128,175) ; (382,149,210)
(0,107,185) ; (103,128,220)
(0,128,185) ; (103,149,220)
(103,121,185) ; (161,149,216)
(161,121,185) ; (219,149,216)
(413,149,188) ; (471,177,219)
(471,149,188) ; (529,177,219)
(529,149,188) ; (587,177,219)
(413,177,188) ; (471,205,219)
(471,177,188) ; (529,205,219)
(529,177,188) ; (587,205,219)
(413,205,188) ; (471,233,219)
(471,205,188) ; (529,233,219)
(529,205,188) ; (587,233,219)
(345,202,192) ; (403,233,220)
(403,58,192) ; (434,116,220)
