0.0545
28 2801
587 233 220
30
1 56 1  46 1  73 1 3
2 94 0  44 1  54 1 3
3 40 1  60 1  57 1 4
4 58 0  77 0  24 1 9
5 69 1  78 1  50 1 3
6 107 1  85 1  70 1 4
7 65 1  95 1  65 1 2
8 63 1  56 1  65 1 6
9 97 0  54 1  34 1 5
10 72 1  67 1  66 1 4
11 88 0  69 0  32 1 4
12 96 1  83 1  78 1 8
13 53 1  59 1  40 1 3
14 114 0  55 0  23 1 6
15 47 1  59 1  77 1 6
16 87 1  96 1  54 1 4
17 60 1  49 1  55 1 6
18 39 1  80 0  68 1 3
19 69 1  56 1  60 1 2
20 89 0  27 1  75 0 5
21 45 1  26 1  62 0 3
22 90 0  31 1  45 1 4
23 59 1  33 1  61 1 3
24 47 1  86 1  48 1 3
25 92 1  49 1  60 1 4
26 67 1  53 1  69 1 2
27 60 1  49 1  62 1 4
28 32 1  49 1  47 1 3
29 96 0  35 1  79 0 4
30 79 1  56 1  73 1 4
(192,166,156) ; (0,0,0)
(243,60,220) ; (344,0,0)
(154,59,213) ; (433,174,0)
(130,65,151) ; (0,168,0)
(112,73,218) ; (475,101,0)
(60,40,167) ; (527,60,0)
(97,34,216) ; (430,60,0)
(66,67,216) ; (130,166,0)
(170,70,214) ; (263,163,0)
(39,80,204) ; (436,94,0)
(96,162,157) ; (192,0,0)
(67,69,178) ; (196,164,0)
(87,101,96) ; (343,60,0)
(56,46,219) ; (288,0,0)
(55,114,138) ; (288,46,0)
(78,100,69) ; (351,60,96)
(54,97,78) ; (289,46,138)
(126,65,56) ; (0,168,151)
(180,45,62) ; (0,0,156)
(56,65,63) ; (0,45,156)
(110,49,60) ; (0,117,156)
(88,69,32) ; (56,45,156)
(47,49,64) ; (110,117,156)
(45,62,26) ; (144,45,156)
(33,59,61) ; (157,107,156)
(56,65,63) ; (192,0,157)
(33,59,61) ; (248,0,157)
(94,88,54) ; (192,65,157)
(75,89,54) ; (354,60,165)
(49,32,47) ; (537,60,167)
(59,61,33) ; (196,169,178)
(45,62,26) ; (144,45,182)
(88,69,32) ; (56,45,188)
