0.0455
36 3601
587 233 220
30
1 118 0  39 1  72 1 7
2 117 0  79 0  35 1 2
3 68 0  44 1  25 1 3
4 55 1  47 1  55 1 7
5 58 1  71 1  38 1 6
6 71 1  88 1  53 1 4
7 55 0  44 0  20 1 3
8 119 0  65 1  35 1 6
9 116 0  41 1  52 1 4
10 31 1  40 1  31 1 5
11 54 1  64 1  56 1 4
12 107 0  69 1  48 1 7
13 43 1  35 1  77 0 6
14 68 1  53 1  69 1 2
15 100 0  87 0  36 1 2
16 103 0  94 0  47 1 4
17 82 0  49 1  41 1 5
18 116 0  72 1  42 1 4
19 58 1  42 1  72 1 3
20 66 1  46 1  56 1 4
21 73 0  44 1  23 1 8
22 117 0  53 0  25 1 10
23 37 1  76 0  53 1 3
24 65 1  73 1  79 1 4
25 63 0  26 1  45 1 3
26 116 0  46 1  52 1 2
27 31 1  40 1  56 1 5
28 97 0  100 0  21 1 7
29 41 1  84 0  64 1 6
30 116 0  46 1  51 1 8
(119,105,176) ; (0,0,0)
(116,164,220) ; (471,0,0)
(237,73,220) ; (0,160,0)
(107,69,144) ; (480,164,0)
(234,53,217) ; (0,107,0)
(107,69,212) ; (373,164,0)
(84,164,146) ; (387,0,0)
(77,105,86) ; (119,0,0)
(94,103,141) ; (196,0,0)
(97,100,147) ; (290,0,0)
(88,71,212) ; (285,162,0)
(44,73,188) ; (237,160,0)
(64,56,216) ; (323,106,0)
(47,55,220) ; (234,105,0)
(42,58,72) ; (281,104,0)
(38,58,142) ; (285,104,72)
(76,37,106) ; (119,0,86)
(73,65,79) ; (119,37,86)
(94,103,47) ; (196,0,141)
(107,69,48) ; (480,164,144)
(79,117,70) ; (390,0,146)
(73,44,46) ; (396,118,146)
(87,100,72) ; (300,0,147)
(47,55,55) ; (119,37,165)
(26,63,45) ; (166,37,165)
(112,31,40) ; (0,0,176)
(116,72,42) ; (0,31,176)
(80,56,31) ; (196,0,188)
(40,62,31) ; (237,166,188)
(93,40,31) ; (196,56,188)
(90,63,26) ; (497,170,192)
(68,44,25) ; (401,118,192)
