0.0592
91 9101
587 233 220
30
1 56 0  95 0  24 1 6
2 85 0  67 1  36 1 8
3 44 0  78 0  22 1 4
4 89 0  77 0  20 1 5
5 55 1  48 1  73 1 2
6 69 0  40 1  25 1 3
7 75 1  39 1  61 1 5
8 87 1  92 1  54 1 5
9 53 1  56 1  50 1 4
10 64 1  96 1  77 1 4
11 52 1  63 1  61 1 4
12 66 1  35 1  73 0 6
13 81 0  37 1  80 0 5
14 86 0  67 0  25 1 4
15 70 0  58 0  28 1 2
16 76 1  58 1  48 1 3
17 42 1  63 1  54 1 4
18 75 1  78 0  39 1 5
19 40 1  70 1  71 1 6
20 68 0  27 1  37 1 5
21 80 1  92 0  44 1 5
22 112 0  97 0  24 1 5
23 111 1  100 1  63 1 4
24 110 0  91 0  43 1 4
25 31 1  52 1  69 0 2
26 87 0  100 0  24 1 1
27 106 1  56 1  74 1 4
28 109 0  28 1  78 0 5
29 68 1  78 1  41 1 1
30 61 1  85 1  68 1 5
(112,106,198) ; (0,0,0)
(85,136,216) ; (502,0,0)
(111,126,200) ; (0,107,0)
(112,97,144) ; (475,136,0)
(100,78,214) ; (402,0,0)
(92,80,220) ; (111,153,0)
(81,151,210) ; (112,0,0)
(270,87,153) ; (205,146,0)
(76,58,172) ; (426,78,0)
(96,77,192) ; (306,0,0)
(110,91,172) ; (193,0,0)
(73,66,175) ; (353,78,0)
(126,54,145) ; (193,92,0)
(31,69,104) ; (322,77,0)
(27,68,74) ; (326,77,104)
(112,95,48) ; (475,136,144)
(126,52,61) ; (193,92,145)
(225,78,67) ; (249,153,153)
(36,85,67) ; (205,146,153)
(69,25,40) ; (427,78,172)
(68,27,37) ; (428,109,172)
(110,73,48) ; (193,0,172)
(73,66,35) ; (353,78,175)
(27,68,37) ; (326,77,178)
(109,78,28) ; (478,153,192)
(58,70,28) ; (344,0,192)
(37,68,27) ; (307,0,192)
(89,77,20) ; (0,0,198)
(89,77,20) ; (0,156,200)
