0.0558
87 8701
587 233 220
30
1 44 1  43 1  68 1 2
2 115 0  76 0  30 1 6
3 88 0  67 0  20 1 8
4 61 1  90 0  42 1 2
5 59 1  31 1  59 1 4
6 55 1  51 1  29 1 4
7 62 1  91 1  79 1 3
8 112 0  39 1  43 1 8
9 75 0  26 1  80 0 3
10 93 0  46 1  41 1 6
11 68 1  62 1  35 1 3
12 34 1  93 0  48 1 4
13 75 1  79 1  65 1 7
14 73 0  68 0  30 1 5
15 120 0  74 0  34 1 5
16 92 0  35 1  67 1 3
17 39 1  53 1  49 1 6
18 115 0  38 1  28 1 5
19 71 1  82 1  44 1 3
20 93 1  83 1  59 1 7
21 82 0  71 0  31 1 3
22 98 1  93 1  51 1 3
23 42 1  79 0  33 1 4
24 65 1  78 1  53 1 5
25 49 0  50 0  21 1 5
26 77 0  25 1  61 0 7
27 76 1  96 1  71 1 3
28 42 1  58 1  79 1 4
29 88 1  53 1  77 1 4
30 71 1  68 1  55 1 5
(299,79,212) ; (0,0,0)
(93,153,98) ; (0,80,0)
(279,83,193) ; (308,150,0)
(225,79,216) ; (362,0,0)
(228,71,194) ; (359,79,0)
(115,152,118) ; (93,81,0)
(93,83,151) ; (208,150,0)
(62,79,116) ; (300,0,0)
(93,68,139) ; (208,79,0)
(55,68,142) ; (304,79,0)
(59,62,118) ; (0,171,98)
(29,55,102) ; (59,178,98)
(90,42,122) ; (0,129,98)
(53,49,120) ; (0,80,98)
(39,49,106) ; (53,80,98)
(61,77,100) ; (300,0,116)
(74,120,102) ; (93,113,118)
(41,93,92) ; (167,140,118)
(55,29,102) ; (93,81,118)
(39,53,98) ; (167,81,118)
(88,67,80) ; (208,79,139)
(53,65,78) ; (306,79,142)
(92,70,67) ; (208,162,151)
(61,77,25) ; (525,152,193)
(160,75,26) ; (365,154,193)
(49,50,21) ; (316,179,193)
(77,61,25) ; (501,79,194)
(88,67,20) ; (413,79,194)
(50,49,21) ; (363,79,194)
