0.0524
43 4301
587 233 220
30
1 83 0  33 1  65 1 4
2 38 1  33 1  79 0 9
3 42 1  66 1  62 1 6
4 82 1  70 1  43 1 4
5 88 1  54 1  79 1 5
6 102 0  31 1  56 1 5
7 56 1  74 1  80 1 6
8 61 1  52 1  33 1 2
9 111 0  55 1  74 1 8
10 49 1  70 1  70 1 4
11 70 1  53 1  53 1 6
12 90 1  47 1  65 1 3
13 48 1  95 0  26 1 5
14 39 1  56 0  25 1 4
15 33 1  93 0  27 1 2
16 35 1  50 1  52 1 7
17 88 0  43 1  57 1 6
18 49 1  53 1  38 1 5
19 109 0  32 1  33 1 5
20 117 0  55 1  40 1 8
21 42 1  79 0  26 1 4
22 117 0  50 1  38 1 8
23 51 1  93 1  67 1 6
24 75 0  33 1  73 0 6
25 58 1  88 1  68 1 1
26 110 0  41 1  70 1 3
27 36 1  51 1  60 1 3
28 74 0  30 1  38 1 7
29 53 1  73 1  45 1 6
30 68 0  35 1  25 1 8
(237,67,218) ; (0,0,0)
(191,114,220) ; (0,119,0)
(297,74,218) ; (290,0,0)
(108,158,220) ; (479,75,0)
(208,50,140) ; (0,67,0)
(160,56,181) ; (319,177,0)
(62,102,148) ; (417,75,0)
(88,57,215) ; (191,176,0)
(90,65,141) ; (327,112,0)
(53,70,212) ; (237,0,0)
(74,38,120) ; (343,74,0)
(88,58,111) ; (191,118,0)
(40,117,160) ; (279,116,0)
(82,43,192) ; (208,70,0)
(53,38,147) ; (290,74,0)
(88,54,79) ; (191,121,111)
(53,38,98) ; (364,74,120)
(106,45,73) ; (0,67,140)
(95,48,78) ; (106,67,140)
(83,65,33) ; (334,112,141)
(51,36,60) ; (292,74,147)
(56,102,70) ; (421,75,148)
(38,117,50) ; (279,116,160)
(83,65,33) ; (334,112,174)
(95,48,26) ; (378,181,181)
(50,52,35) ; (328,177,181)
(79,42,26) ; (191,133,190)
(79,42,26) ; (208,70,192)
