0.0555
94 9401
587 233 220
30
1 75 0  45 0  22 1 3
2 115 0  80 1  56 1 6
3 59 1  53 1  32 1 3
4 77 1  57 1  61 1 3
5 69 0  27 1  45 1 4
6 74 1  60 1  76 1 7
7 68 1  94 1  78 1 3
8 44 1  50 1  77 1 3
9 43 1  59 1  73 1 2
10 56 1  47 1  68 1 5
11 112 0  77 1  47 1 2
12 63 1  79 1  48 1 2
13 109 0  88 0  30 1 5
14 39 1  30 1  55 1 4
15 89 1  74 1  78 1 5
16 67 1  99 0  38 1 6
17 66 1  96 0  40 1 3
18 105 0  29 1  41 1 5
19 40 1  45 1  77 1 4
20 92 0  54 1  44 1 7
21 67 1  81 1  43 1 4
22 114 1  69 1  60 1 2
23 105 0  27 1  74 0 3
24 30 1  67 0  43 1 2
25 65 1  34 1  61 1 3
26 95 0  40 1  40 1 4
27 77 1  62 1  78 1 3
28 48 1  92 1  77 1 5
29 52 1  64 1  61 1 6
30 73 1  79 1  59 1 3
(114,61,215) ; (0,0,0)
(80,230,215) ; (507,0,0)
(298,78,215) ; (0,155,0)
(136,94,188) ; (0,61,0)
(186,78,213) ; (321,0,0)
(96,80,214) ; (411,153,0)
(79,59,219) ; (114,0,0)
(103,74,180) ; (404,78,0)
(67,81,129) ; (344,152,0)
(122,65,190) ; (193,0,0)
(54,92,132) ; (136,59,0)
(44,77,100) ; (300,156,0)
(109,88,150) ; (190,65,0)
(105,74,81) ; (299,78,0)
(89,74,78) ; (315,78,81)
(43,73,118) ; (301,160,100)
(67,81,43) ; (344,152,129)
(54,92,44) ; (136,59,132)
(105,87,41) ; (190,65,150)
(53,64,59) ; (351,78,159)
(34,65,61) ; (317,78,159)
(63,79,48) ; (348,154,172)
(50,77,44) ; (136,59,176)
(96,66,40) ; (411,78,180)
(59,53,32) ; (0,61,188)
(55,39,30) ; (0,114,188)
(67,86,30) ; (59,61,188)
(117,55,30) ; (193,0,190)
(105,82,29) ; (190,65,191)
