0.0674
6 601
587 233 220
30
1 120 0  98 0  41 1 8
2 91 1  99 1  52 1 4
3 114 0  48 1  58 1 3
4 87 1  95 1  74 1 5
5 85 0  46 0  23 1 4
6 37 1  72 1  59 1 2
7 106 0  30 1  55 1 4
8 111 1  64 1  63 1 5
9 111 0  35 1  66 1 2
10 117 1  94 1  65 1 1
11 107 0  70 1  46 1 4
12 88 0  88 0  27 1 5
13 57 1  34 1  59 1 5
14 74 1  38 1  62 1 2
15 111 0  36 1  37 1 7
16 76 1  47 1  46 1 5
17 108 0  46 1  42 1 4
18 45 1  98 0  52 1 2
19 51 1  98 0  41 1 6
20 70 1  40 1  55 1 4
21 85 1  72 1  56 1 4
22 81 1  97 1  69 1 1
23 68 1  63 1  46 1 5
24 110 0  97 0  28 1 2
25 110 0  26 1  27 1 4
26 82 0  32 1  51 1 2
27 120 0  60 0  24 1 5
28 119 0  55 1  28 1 4
29 118 0  27 1  44 1 4
30 32 1  55 1  66 0 4
(252,111,101) ; (0,0,0)
(227,99,214) ; (360,0,0)
(294,120,164) ; (0,113,0)
(190,74,220) ; (397,159,0)
(85,56,216) ; (502,103,0)
(120,60,120) ; (382,99,0)
(95,74,87) ; (302,159,0)
(108,112,184) ; (252,0,0)
(85,46,92) ; (297,113,0)
(38,74,124) ; (359,159,87)
(55,66,128) ; (304,167,87)
(68,46,126) ; (314,113,92)
(97,81,69) ; (0,0,101)
(119,28,55) ; (0,81,101)
(94,65,117) ; (97,0,101)
(72,37,118) ; (119,65,101)
(26,110,108) ; (191,0,101)
(35,111,66) ; (217,0,101)
(114,58,48) ; (388,101,120)
(119,28,55) ; (0,81,156)
(41,98,51) ; (0,131,164)
(176,88,54) ; (41,141,164)
(238,28,55) ; (41,113,164)
(72,85,56) ; (217,144,164)
(32,82,51) ; (217,0,167)
(98,41,51) ; (404,118,168)
(94,76,46) ; (0,0,170)
(66,111,35) ; (293,0,184)
