0.0585
7 701
587 233 220
30
1 88 1  72 1  54 1 4
2 69 0  96 0  23 1 6
3 84 1  99 1  55 1 3
4 89 0  84 0  40 1 4
5 41 1  33 1  72 0 2
6 52 0  25 1  49 1 3
7 85 0  87 0  39 1 6
8 45 1  59 0  29 1 3
9 88 0  93 0  33 1 1
10 115 0  28 1  75 0 2
11 93 1  100 1  73 1 5
12 87 0  76 0  26 1 4
13 98 0  27 1  65 0 4
14 107 0  60 0  23 1 2
15 51 0  36 1  22 1 3
16 72 1  80 1  71 1 5
17 50 1  81 1  76 1 3
18 107 1  82 1  69 1 4
19 120 0  48 1  26 1 2
20 77 0  26 1  21 1 3
21 70 1  80 1  41 1 7
22 44 1  57 1  60 1 3
23 57 1  82 1  47 1 3
24 34 1  87 0  35 1 3
25 89 1  53 1  64 1 3
26 89 1  65 1  78 1 5
27 87 1  84 1  68 1 4
28 54 1  76 1  44 1 7
29 79 1  50 1  44 1 2
30 104 0  31 1  67 0 5
(89,168,216) ; (0,0,0)
(400,73,187) ; (187,0,0)
(325,78,159) ; (262,155,0)
(89,64,216) ; (0,169,0)
(214,82,218) ; (373,73,0)
(172,87,117) ; (89,146,0)
(93,73,100) ; (89,0,0)
(176,72,108) ; (89,73,0)
(50,81,164) ; (323,73,0)
(57,82,141) ; (266,73,0)
(87,70,34) ; (89,0,100)
(98,65,108) ; (89,73,108)
(76,50,81) ; (187,73,108)
(51,22,36) ; (187,123,108)
(165,84,99) ; (89,147,117)
(80,70,41) ; (89,0,134)
(50,81,76) ; (273,73,141)
(51,22,36) ; (187,123,144)
(115,75,56) ; (471,156,159)
(120,48,26) ; (351,183,159)
(120,26,48) ; (351,157,159)
(87,76,26) ; (264,155,159)
(44,76,54) ; (329,73,164)
(57,60,44) ; (89,0,175)
(22,51,36) ; (146,0,175)
(118,45,29) ; (353,186,185)
(87,35,34) ; (264,196,185)
(72,41,33) ; (279,155,185)
(312,67,31) ; (259,0,187)
(72,41,33) ; (187,0,187)
(59,45,29) ; (187,73,189)
