0.049
73 7301
587 233 220
30
1 68 1  60 1  37 1 1
2 98 0  75 0  26 1 1
3 80 0  36 1  50 1 1
4 75 1  91 1  54 1 3
5 91 1  59 1  79 1 2
6 104 0  43 1  71 1 4
7 87 0  89 0  24 1 2
8 41 1  33 1  75 0 2
9 93 0  63 1  32 1 4
10 79 0  95 0  37 1 3
11 109 1  89 1  72 1 4
12 49 1  86 1  56 1 2
13 104 0  91 0  44 1 3
14 90 0  29 1  40 1 3
15 115 0  52 1  66 1 4
16 34 1  96 0  47 1 2
17 99 1  98 1  79 1 4
18 39 1  34 1  20 1 3
19 82 1  91 1  76 1 6
20 58 1  35 1  48 1 4
21 75 0  29 1  24 1 3
22 61 1  45 1  74 1 3
23 109 0  25 1  59 0 3
24 55 1  89 1  78 1 6
25 85 0  46 1  39 1 5
26 49 1  48 1  60 1 9
27 120 0  48 1  50 1 6
28 53 1  97 1  68 1 4
29 91 0  31 1  46 1 5
30 39 1  54 1  50 1 5
(91,162,75) ; (0,0,0)
(287,82,219) ; (300,0,0)
(198,98,218) ; (389,135,0)
(104,71,172) ; (0,162,0)
(194,53,136) ; (393,82,0)
(89,144,218) ; (91,0,0)
(78,89,220) ; (104,144,0)
(120,96,150) ; (180,0,0)
(206,104,132) ; (182,129,0)
(93,32,126) ; (180,96,0)
(85,46,117) ; (308,82,0)
(34,20,117) ; (273,96,0)
(91,31,138) ; (0,0,75)
(89,78,110) ; (0,31,75)
(80,50,144) ; (0,112,75)
(85,46,39) ; (308,82,117)
(91,31,92) ; (180,96,126)
(87,90,88) ; (182,143,132)
(56,98,86) ; (332,135,132)
(63,93,64) ; (269,140,132)
(183,45,74) ; (404,82,136)
(58,96,70) ; (180,0,150)
(60,37,68) ; (238,0,150)
(60,48,49) ; (238,37,150)
(85,46,39) ; (308,82,156)
(96,68,47) ; (0,165,172)
(82,75,33) ; (0,31,185)
(75,29,24) ; (318,82,195)
(58,75,24) ; (274,158,196)
