0.056
44 4401
587 233 220
30
1 56 1  85 1  47 1 4
2 60 0  29 1  22 1 2
3 38 1  72 1  72 1 3
4 55 1  76 1  73 1 4
5 57 1  90 1  65 1 4
6 31 1  93 0  60 1 4
7 68 0  92 0  28 1 8
8 66 0  34 1  28 1 4
9 90 0  60 0  22 1 5
10 83 0  51 1  37 1 7
11 67 1  47 1  59 1 6
12 79 0  73 0  24 1 6
13 44 1  51 1  65 1 7
14 58 1  87 1  56 1 6
15 116 1  91 1  65 1 5
16 63 1  93 1  77 1 5
17 37 1  70 0  20 1 6
18 80 0  32 1  64 0 3
19 90 1  55 1  56 1 8
20 91 1  60 1  72 1 4
21 52 0  51 0  21 1 4
22 71 1  38 1  40 1 3
23 53 1  77 1  48 1 5
24 61 0  91 0  23 1 5
25 82 0  27 1  72 0 3
26 94 0  28 1  79 0 3
27 93 0  33 1  69 0 5
28 69 1  64 1  35 1 5
29 88 1  50 1  72 1 4
30 67 0  32 1  48 1 4
(90,228,166) ; (0,0,0)
(91,175,216) ; (496,0,0)
(87,56,199) ; (500,177,0)
(87,58,215) ; (413,175,0)
(65,232,217) ; (90,0,0)
(77,126,214) ; (419,0,0)
(77,48,212) ; (419,127,0)
(128,93,219) ; (155,0,0)
(79,73,216) ; (155,160,0)
(134,93,165) ; (285,0,0)
(177,67,94) ; (236,166,0)
(91,65,162) ; (155,95,0)
(172,73,148) ; (247,93,0)
(96,67,48) ; (317,166,94)
(80,64,96) ; (236,169,94)
(93,63,77) ; (320,170,142)
(64,69,70) ; (355,94,148)
(88,50,72) ; (267,113,148)
(20,70,37) ; (247,93,148)
(70,20,37) ; (285,93,148)
(91,61,23) ; (155,95,162)
(72,82,54) ; (347,0,165)
(48,77,53) ; (299,0,165)
(83,222,51) ; (0,0,166)
(66,56,34) ; (155,100,185)
(22,60,29) ; (221,96,185)
(60,22,29) ; (236,211,190)
(66,34,28) ; (236,177,190)
(52,51,21) ; (533,182,199)
