0.0571
85 8501
587 233 220
30
1 89 0  70 0  34 1 7
2 64 1  54 1  34 1 7
3 105 0  31 1  37 1 5
4 104 0  44 1  45 1 7
5 89 1  80 1  76 1 2
6 49 1  62 1  72 1 6
7 82 0  30 1  50 1 7
8 84 0  26 1  43 1 6
9 46 1  42 1  51 1 4
10 99 0  32 1  20 1 4
11 31 1  51 1  27 1 4
12 119 0  72 1  59 1 2
13 59 0  28 1  75 0 4
14 70 1  70 1  45 1 3
15 48 1  84 1  48 1 7
16 116 0  27 1  40 1 3
17 64 1  93 1  73 1 6
18 93 0  38 1  36 1 7
19 61 0  28 1  80 0 6
20 54 1  61 1  57 1 6
21 77 1  83 1  48 1 6
22 101 1  81 1  56 1 7
23 64 0  39 1  23 1 4
24 37 1  69 1  59 1 7
25 112 0  71 1  52 1 5
26 43 1  70 1  48 1 7
27 95 0  90 0  23 1 3
28 44 1  99 0  39 1 5
29 50 1  40 1  33 1 6
30 89 0  61 0  20 1 4
(168,144,168) ; (0,0,0)
(81,202,212) ; (506,0,0)
(213,89,148) ; (0,144,0)
(105,31,212) ; (482,202,0)
(219,64,220) ; (287,0,0)
(100,98,216) ; (382,135,0)
(23,64,156) ; (483,138,0)
(112,71,215) ; (394,64,0)
(119,144,96) ; (168,0,0)
(45,104,220) ; (337,129,0)
(123,82,184) ; (213,151,0)
(61,57,216) ; (333,64,0)
(46,84,128) ; (287,64,0)
(116,81,40) ; (168,0,96)
(54,57,122) ; (168,81,96)
(64,54,34) ; (222,81,96)
(43,84,52) ; (287,64,128)
(64,54,68) ; (222,81,130)
(59,75,84) ; (168,0,136)
(48,48,84) ; (227,0,136)
(50,33,80) ; (227,48,136)
(210,45,70) ; (0,188,148)
(208,44,45) ; (0,144,148)
(95,90,46) ; (0,0,168)
(82,30,50) ; (0,90,168)
(99,20,32) ; (0,120,168)
(71,112,52) ; (95,0,168)
(62,27,51) ; (99,113,168)
(43,84,26) ; (287,64,180)
(93,38,36) ; (213,193,184)
(99,40,32) ; (213,153,184)
(168,43,26) ; (0,145,193)
