0.0595
96 9601
587 233 220
30
1 66 0  31 1  59 1 2
2 57 1  90 1  54 1 4
3 100 0  48 1  50 1 2
4 120 0  94 0  41 1 8
5 88 1  51 1  61 1 7
6 110 0  60 1  33 1 4
7 57 1  54 1  53 1 4
8 84 0  100 0  37 1 4
9 93 1  51 1  51 1 2
10 106 1  71 1  63 1 3
11 32 1  68 0  56 1 6
12 88 0  90 0  35 1 3
13 117 0  48 1  62 1 3
14 98 0  41 1  26 1 6
15 94 1  97 1  60 1 5
16 36 1  82 0  51 1 1
17 32 1  95 0  26 1 5
18 116 0  43 1  75 1 2
19 63 1  73 1  50 1 3
20 91 1  96 1  66 1 5
21 73 1  82 1  61 1 3
22 66 0  56 0  24 1 3
23 35 1  74 0  40 1 7
24 35 1  96 0  63 1 5
25 91 1  47 1  66 1 2
26 39 1  30 1  69 0 5
27 108 0  32 1  72 0 3
28 42 1  58 1  33 1 2
29 96 0  70 0  27 1 7
30 64 1  86 0  38 1 4
(96,105,215) ; (0,0,0)
(300,97,220) ; (287,0,0)
(188,120,164) ; (0,113,0)
(102,88,220) ; (485,145,0)
(117,48,219) ; (470,97,0)
(90,110,180) ; (96,0,0)
(132,63,219) ; (353,170,0)
(108,72,127) ; (362,98,0)
(100,84,163) ; (186,0,0)
(71,63,212) ; (188,170,0)
(94,66,187) ; (259,167,0)
(64,86,152) ; (188,84,0)
(56,68,216) ; (306,99,0)
(54,57,212) ; (252,110,0)
(74,70,80) ; (394,99,127)
(30,69,78) ; (364,100,127)
(60,69,39) ; (188,101,152)
(98,82,26) ; (186,0,163)
(186,51,51) ; (0,182,164)
(95,32,52) ; (0,150,164)
(82,36,51) ; (0,114,164)
(88,61,51) ; (95,121,164)
(74,105,40) ; (96,0,180)
(59,66,31) ; (291,167,187)
(59,66,31) ; (186,0,189)
(39,69,30) ; (245,0,189)
(56,66,24) ; (188,104,191)
