0.0548
15 1501
587 233 220
30
1 84 0  64 0  25 1 6
2 105 0  44 1  45 1 8
3 117 1  93 1  67 1 3
4 83 0  78 0  32 1 3
5 81 1  49 1  60 1 3
6 81 1  69 1  61 1 3
7 40 1  53 1  60 1 4
8 67 1  100 1  63 1 3
9 89 1  78 1  47 1 5
10 120 0  94 0  42 1 4
11 119 0  54 1  28 1 6
12 86 1  97 1  67 1 4
13 73 1  54 1  73 1 3
14 107 0  50 1  48 1 3
15 40 1  50 1  74 1 3
16 43 1  72 1  70 1 5
17 42 1  30 1  63 0 5
18 85 0  73 0  36 1 5
19 51 1  96 1  63 1 2
20 77 1  100 0  40 1 4
21 47 1  92 1  68 1 2
22 86 0  55 0  21 1 1
23 49 1  87 1  47 1 4
24 72 1  43 1  50 1 5
25 76 0  38 1  20 1 4
26 79 1  91 1  49 1 2
27 34 1  90 0  72 0 7
28 114 0  84 0  22 1 4
29 62 1  96 1  75 1 3
30 113 0  83 0  21 1 4
(120,148,168) ; (0,0,0)
(133,72,220) ; (454,0,0)
(279,67,217) ; (308,166,0)
(122,85,180) ; (0,148,0)
(47,92,214) ; (540,74,0)
(78,94,212) ; (462,72,0)
(172,67,219) ; (120,0,0)
(114,84,172) ; (122,149,0)
(96,75,220) ; (358,0,0)
(100,80,168) ; (120,67,0)
(105,90,179) ; (357,76,0)
(54,73,219) ; (304,0,0)
(72,86,70) ; (236,147,0)
(83,78,96) ; (220,67,0)
(49,87,188) ; (308,79,0)
(72,86,70) ; (236,147,70)
(81,69,122) ; (220,67,96)
(50,74,80) ; (236,159,140)
(20,76,76) ; (288,157,140)
(107,144,50) ; (0,0,168)
(96,63,51) ; (120,67,168)
(60,53,40) ; (122,179,172)
(63,30,42) ; (122,149,172)
(50,74,40) ; (185,158,172)
(100,77,40) ; (362,87,179)
(100,77,40) ; (0,152,180)
(20,76,38) ; (100,153,180)
(42,63,30) ; (315,103,188)
