0.056
88 8801
587 233 220
30
1 73 1  39 1  41 1 4
2 79 0  59 0  29 1 3
3 107 1  74 1  54 1 2
4 44 1  42 1  69 1 5
5 111 0  79 0  28 1 6
6 55 1  57 1  41 1 4
7 117 0  25 1  33 1 6
8 80 0  42 0  20 1 4
9 59 1  47 1  69 1 4
10 101 0  70 0  33 1 4
11 74 0  67 0  27 1 1
12 46 1  80 1  56 1 2
13 97 1  84 1  76 1 5
14 117 0  48 1  78 1 4
15 66 1  56 1  62 1 5
16 99 0  60 1  44 1 2
17 84 0  29 1  25 1 5
18 72 1  59 1  42 1 8
19 73 1  76 1  52 1 4
20 112 1  77 1  75 1 5
21 63 0  30 1  61 0 4
22 87 0  34 1  77 0 8
23 82 0  66 0  24 1 4
24 83 1  63 1  52 1 1
25 61 1  91 0  32 1 5
26 96 1  83 1  60 1 4
27 63 1  67 1  45 1 3
28 67 1  37 1  62 1 2
29 76 1  82 1  48 1 5
30 104 0  36 1  64 1 7
(210,72,156) ; (0,0,0)
(152,84,219) ; (0,149,0)
(77,225,219) ; (510,0,0)
(150,77,216) ; (0,72,0)
(96,166,216) ; (414,0,0)
(186,67,190) ; (324,166,0)
(80,112,214) ; (152,121,0)
(87,77,218) ; (327,0,0)
(117,78,192) ; (210,0,0)
(59,47,138) ; (150,72,0)
(91,64,189) ; (232,169,0)
(77,87,68) ; (337,79,0)
(57,41,220) ; (209,78,0)
(59,47,138) ; (232,122,0)
(42,44,69) ; (295,122,0)
(69,44,126) ; (268,78,0)
(76,84,97) ; (338,82,68)
(42,44,69) ; (295,122,69)
(59,42,72) ; (278,78,126)
(59,42,72) ; (150,72,138)
(59,42,72) ; (232,127,138)
(39,41,73) ; (298,125,138)
(202,70,33) ; (0,0,156)
(63,83,52) ; (351,83,165)
(79,59,29) ; (0,0,189)
(122,63,30) ; (79,0,189)
(63,61,30) ; (232,171,189)
(158,59,29) ; (352,171,190)
(67,74,27) ; (210,0,192)
