0.0824
56 5601
587 233 220
90
1 40 1  70 1  76 1 2
2 45 1  54 1  65 1 1
3 39 1  52 1  70 1 1
4 79 0  32 1  36 1 2
5 49 1  63 1  79 1 2
6 88 1  73 1  59 1 1
7 110 1  94 1  59 1 1
8 97 1  69 1  69 1 1
9 78 0  38 1  24 1 1
10 69 1  38 1  38 1 1
11 99 1  90 1  59 1 2
12 69 1  75 1  65 1 1
13 77 1  39 1  71 1 2
14 32 1  72 0  28 1 1
15 105 0  33 1  71 0 1
16 55 1  96 0  40 1 2
17 99 0  73 0  24 1 1
18 119 0  42 1  64 1 1
19 41 1  97 0  59 1 1
20 113 0  30 1  43 1 2
21 73 0  27 1  34 1 1
22 106 0  28 1  49 1 2
23 71 1  50 1  50 1 1
24 113 0  64 0  20 1 1
25 36 1  39 1  60 1 1
26 32 1  86 0  53 1 1
27 48 0  29 1  23 1 4
28 77 0  67 1  36 1 2
29 31 1  64 0  80 0 1
30 81 1  66 1  74 1 1
31 45 1  89 0  36 1 1
32 63 0  86 0  24 1 2
33 59 0  25 1  23 1 1
34 58 0  71 0  25 1 1
35 111 0  35 1  44 1 2
36 53 0  48 0  23 1 2
37 35 1  65 1  61 1 2
38 100 1  96 1  76 1 2
39 79 1  93 1  58 1 1
40 37 1  86 0  74 0 2
41 87 0  72 0  24 1 2
42 97 1  55 1  66 1 1
43 51 1  27 1  66 0 1
44 51 1  78 1  77 1 1
45 99 0  26 1  42 1 1
46 51 1  47 1  77 1 1
47 115 1  78 1  80 1 3
48 87 1  73 1  55 1 1
49 73 1  83 1  51 1 1
50 84 1  86 0  43 1 1
51 76 0  29 1  60 0 2
52 91 1  65 1  55 1 1
53 78 1  78 1  58 1 1
54 78 1  61 1  40 1 1
55 84 1  69 1  64 1 1
56 119 0  72 1  53 1 1
57 39 1  41 1  39 1 1
58 100 0  86 0  23 1 1
59 37 1  99 0  26 1 1
60 72 0  25 1  49 1 2
61 91 0  91 0  21 1 1
62 108 0  73 0  24 1 1
63 67 1  92 1  62 1 1
64 88 0  29 1  20 1 2
65 70 0  65 0  21 1 1
66 59 1  76 0  36 1 1
67 77 1  41 1  65 1 1
68 39 1  59 1  33 1 1
69 69 1  97 1  54 1 1
70 73 1  57 1  46 1 1
71 37 1  91 0  69 1 1
72 93 0  34 1  64 1 1
73 106 1  70 1  79 1 1
74 80 0  64 1  39 1 1
75 53 1  85 1  64 1 3
76 94 1  59 1  58 1 2
77 96 1  100 1  75 1 2
78 38 1  93 0  56 1 1
79 47 1  43 1  36 1 1
80 76 1  83 1  51 1 1
81 51 1  47 1  61 1 1
82 110 0  31 1  50 1 1
83 95 1  75 1  54 1 2
84 90 1  96 0  47 1 3
85 107 1  54 1  55 1 1
86 35 1  85 0  63 1 2
87 55 1  84 0  41 1 1
88 31 1  84 0  71 0 1
89 104 0  70 1  37 1 1
90 46 1  40 1  68 1 2
(151,192,100) ; (0,0,0)
(240,78,115) ; (347,0,0)
(99,59,218) ; (488,174,0)
(192,40,55) ; (0,193,0)
(141,96,148) ; (446,78,0)
(79,58,171) ; (409,175,0)
(60,186,94) ; (151,0,0)
(95,54,182) ; (314,179,0)
(51,47,77) ; (192,186,0)
(69,97,123) ; (377,78,0)
(134,80,142) ; (211,0,0)
(70,65,220) ; (243,168,0)
(28,106,98) ; (211,80,0)
(64,85,106) ; (313,94,0)
(73,87,103) ; (239,81,0)
(152,40,70) ; (0,193,55)
(39,36,60) ; (152,197,55)
(51,47,61) ; (192,186,77)
(49,79,126) ; (151,0,94)
(55,97,66) ; (151,89,94)
(26,99,42) ; (211,87,98)
(92,67,117) ; (0,0,100)
(78,122,77) ; (0,70,100)
(59,73,113) ; (92,0,100)
(72,119,53) ; (78,73,100)
(70,85,63) ; (239,83,103)
(64,85,53) ; (313,94,106)
(83,76,102) ; (504,0,115)
(86,74,105) ; (418,0,115)
(39,33,59) ; (152,200,115)
(66,74,102) ; (352,0,115)
(69,91,37) ; (377,84,123)
(68,40,92) ; (0,193,125)
(78,40,61) ; (68,193,125)
(43,47,36) ; (192,186,138)
(26,99,37) ; (211,87,140)
(99,73,74) ; (211,0,142)
(34,73,27) ; (311,0,142)
(105,71,70) ; (482,101,148)
(88,20,58) ; (499,78,148)
(34,93,64) ; (448,79,148)
(64,119,42) ; (78,73,153)
(41,84,55) ; (336,95,159)
(23,59,25) ; (313,120,159)
(53,96,23) ; (151,90,160)
(63,86,24) ; (383,89,160)
(70,39,52) ; (239,129,166)
(65,45,54) ; (239,83,166)
(27,66,51) ; (318,0,169)
(73,57,46) ; (414,176,171)
(41,39,39) ; (192,194,174)
(44,111,35) ; (0,81,177)
(30,113,43) ; (44,79,177)
(24,78,38) ; (211,108,177)
(69,38,38) ; (331,194,182)
(45,89,36) ; (151,97,183)
(63,86,24) ; (383,89,184)
(72,32,28) ; (68,201,186)
(64,113,20) ; (78,79,195)
