0.0803
85 8501
587 233 220
90
1 89 0  70 0  34 1 1
2 64 1  54 1  34 1 1
3 105 0  31 1  37 1 1
4 104 0  44 1  45 1 1
5 89 1  80 1  76 1 1
6 49 1  62 1  72 1 1
7 82 0  30 1  50 1 1
8 84 0  26 1  43 1 1
9 46 1  42 1  51 1 1
10 99 0  32 1  20 1 1
11 31 1  51 1  27 1 4
12 119 0  72 1  59 1 2
13 59 0  28 1  75 0 2
14 70 1  70 1  45 1 1
15 48 1  84 1  48 1 1
16 116 0  27 1  40 1 1
17 64 1  93 1  73 1 2
18 93 0  38 1  36 1 3
19 61 0  28 1  80 0 1
20 54 1  61 1  57 1 1
21 77 1  83 1  48 1 1
22 101 1  81 1  56 1 1
23 64 0  39 1  23 1 1
24 37 1  69 1  59 1 1
25 112 0  71 1  52 1 3
26 43 1  70 1  48 1 3
27 95 0  90 0  23 1 1
28 44 1  99 0  39 1 1
29 50 1  40 1  33 1 1
30 89 0  61 0  20 1 2
31 64 1  62 1  48 1 1
32 89 0  44 1  66 1 1
33 107 0  37 1  33 1 1
34 101 0  62 0  27 1 2
35 72 1  63 1  72 1 1
36 116 0  51 1  44 1 2
37 87 1  47 1  58 1 1
38 39 1  57 0  22 1 1
39 116 0  98 0  23 1 2
40 115 0  51 1  31 1 2
41 33 1  32 1  48 1 1
42 88 0  50 0  22 1 1
43 61 1  94 1  50 1 1
44 70 0  31 1  72 0 2
45 120 0  58 1  50 1 4
46 46 1  82 1  75 1 1
47 116 0  30 1  49 1 2
48 110 0  61 0  27 1 2
49 36 1  53 0  25 1 2
50 107 0  53 1  42 1 1
51 92 1  70 1  53 1 2
52 38 1  70 0  29 1 2
53 106 0  32 1  69 0 1
54 75 1  94 1  54 1 2
55 43 1  57 0  25 1 1
56 55 1  59 1  77 1 2
57 33 1  86 0  53 1 3
58 59 0  50 0  23 1 2
59 94 0  42 1  65 1 1
60 30 1  93 0  73 0 2
61 53 1  89 1  48 1 1
62 33 1  66 0  79 0 1
63 66 0  60 1  33 1 1
64 65 1  99 0  48 1 2
65 47 1  68 1  69 1 1
66 70 0  37 1  30 1 1
67 38 1  76 0  76 0 1
68 64 0  27 1  67 0 2
69 101 1  60 1  66 1 1
70 72 1  95 1  76 1 2
71 61 1  99 1  52 1 4
72 34 1  95 0  24 1 2
73 88 1  48 1  51 1 1
74 50 1  29 1  47 1 1
75 53 1  75 1  60 1 2
76 42 1  52 1  63 1 1
77 86 1  49 1  50 1 1
78 90 1  56 1  53 1 2
79 60 1  65 1  78 1 1
80 76 0  27 1  72 0 1
81 50 1  47 1  59 1 1
82 46 1  50 1  72 1 1
83 70 1  82 1  59 1 2
84 109 1  90 1  74 1 2
85 78 0  66 0  29 1 1
86 83 1  60 1  51 1 2
87 56 1  62 1  76 1 2
88 56 0  25 1  77 0 1
89 111 0  38 1  61 1 2
90 30 1  86 0  75 0 1
(116,120,187) ; (0,0,0)
(60,141,216) ; (527,0,0)
(74,109,212) ; (0,124,0)
(53,90,208) ; (534,143,0)
(104,61,218) ; (430,172,0)
(73,169,124) ; (454,0,0)
(52,112,213) ; (74,121,0)
(72,119,180) ; (116,0,0)
(62,112,179) ; (126,121,0)
(188,54,145) ; (266,0,0)
(55,59,215) ; (375,174,0)
(102,118,104) ; (352,54,0)
(89,76,110) ; (188,157,0)
(76,72,185) ; (188,0,0)
(51,60,212) ; (324,173,0)
(77,83,94) ; (188,72,0)
(47,59,137) ; (277,174,0)
(86,53,148) ; (266,54,0)
(73,64,120) ; (279,109,0)
(66,79,122) ; (188,72,94)
(98,116,53) ; (352,54,104)
(86,70,48) ; (188,162,110)
(67,64,27) ; (279,109,120)
(65,99,96) ; (459,0,124)
(70,70,45) ; (454,99,124)
(46,50,72) ; (278,182,137)
(170,53,42) ; (280,0,145)
(62,64,48) ; (284,109,147)
(48,43,70) ; (304,54,148)
(33,50,72) ; (266,54,148)
(94,50,61) ; (356,54,157)
(94,65,42) ; (356,105,157)
(80,61,28) ; (188,171,158)
(68,69,47) ; (456,100,169)
(59,69,37) ; (126,162,179)
(57,39,22) ; (126,123,179)
(44,99,39) ; (116,0,180)
(27,116,40) ; (160,0,180)
(64,54,34) ; (188,0,185)
(75,59,28) ; (188,173,186)
(37,107,33) ; (0,0,187)
(20,99,32) ; (37,0,187)
(37,105,31) ; (57,0,187)
(115,51,31) ; (335,0,187)
(50,47,29) ; (285,0,187)
(43,57,25) ; (303,116,195)
(89,61,20) ; (361,109,199)
