0.0976
42 4201
587 233 220
90
1 92 0  96 0  30 1 1
2 104 0  83 0  38 1 2
3 66 0  27 1  42 1 1
4 69 1  82 0  39 1 2
5 100 0  57 0  20 1 2
6 34 1  87 0  55 1 1
7 76 0  49 1  28 1 1
8 104 0  45 1  46 1 1
9 116 0  37 1  73 1 2
10 52 1  84 1  45 1 1
11 80 0  32 1  52 1 2
12 107 0  55 1  49 1 1
13 49 1  79 1  48 1 1
14 84 1  96 1  52 1 2
15 84 1  55 1  58 1 1
16 98 1  64 1  59 1 2
17 109 0  36 1  61 1 2
18 34 1  70 0  47 1 1
19 104 1  54 1  79 1 1
20 103 0  70 1  37 1 1
21 87 0  91 0  33 1 2
22 58 1  65 1  77 1 1
23 74 1  55 1  73 1 1
24 117 0  36 1  51 1 1
25 114 0  53 0  23 1 1
26 97 1  61 1  50 1 1
27 71 1  57 1  57 1 2
28 63 0  33 1  23 1 1
29 74 1  76 1  39 1 1
30 106 0  87 0  37 1 4
31 84 0  38 1  40 1 3
32 35 1  45 1  64 1 2
33 86 1  61 1  64 1 1
34 55 1  74 1  68 1 1
35 72 0  64 0  32 1 1
36 81 0  95 0  24 1 1
37 47 1  62 1  72 1 2
38 92 1  65 1  69 1 1
39 87 0  79 1  41 1 2
40 64 1  86 0  43 1 1
41 46 1  85 0  37 1 1
42 100 0  38 1  59 1 1
43 66 1  52 1  75 1 1
44 71 0  29 1  53 1 3
45 117 0  72 0  28 1 1
46 91 0  60 1  36 1 2
47 63 1  32 1  61 1 1
48 75 1  90 1  80 1 1
49 40 1  52 1  61 1 1
50 33 1  39 1  67 0 3
51 89 0  38 1  55 1 1
52 46 1  98 0  37 1 1
53 62 1  64 1  72 1 2
54 52 0  26 1  32 1 1
55 30 1  88 0  70 0 1
56 117 1  82 1  67 1 2
57 33 1  87 0  56 1 2
58 39 1  33 1  73 0 1
59 40 1  62 1  62 1 1
60 81 1  91 1  46 1 1
61 109 0  62 1  43 1 1
62 34 1  65 1  71 0 1
63 97 0  27 1  56 0 1
64 98 0  93 0  45 1 1
65 62 0  84 0  20 1 2
66 31 1  99 0  62 0 1
67 74 0  28 1  53 1 1
68 63 0  30 1  44 1 1
69 77 0  39 1  27 1 2
70 119 0  95 0  21 1 2
71 96 0  31 1  53 1 1
72 114 1  75 1  79 1 1
73 117 0  28 1  79 0 1
74 85 1  69 1  47 1 2
75 78 1  50 1  77 1 1
76 92 1  51 1  57 1 1
77 96 0  30 1  65 0 1
78 88 1  72 1  80 1 2
79 113 0  88 0  44 1 1
80 91 1  47 1  57 1 2
81 78 1  70 1  46 1 1
82 42 1  62 1  44 1 1
83 109 0  53 1  72 1 1
84 36 1  82 0  60 1 1
85 120 0  73 0  20 1 1
86 49 1  91 1  69 1 2
87 111 1  73 1  69 1 1
88 109 1  64 1  57 1 2
89 70 0  90 0  27 1 2
90 95 0  35 1  22 1 1
(82,117,162) ; (0,0,0)
(106,87,212) ; (481,0,0)
(80,144,142) ; (507,89,0)
(92,114,160) ; (0,119,0)
(129,64,218) ; (378,169,0)
(73,116,131) ; (82,0,0)
(75,114,118) ; (92,119,0)
(173,85,172) ; (308,0,0)
(91,81,121) ; (416,88,0)
(98,59,128) ; (155,0,0)
(111,73,183) ; (167,160,0)
(98,93,75) ; (280,140,0)
(100,59,78) ; (155,59,0)
(38,84,120) ; (378,85,0)
(87,41,79) ; (167,119,0)
(55,58,84) ; (253,0,0)
(74,55,169) ; (304,85,0)
(49,79,76) ; (255,58,0)
(55,89,72) ; (321,143,75)
(36,91,60) ; (285,141,75)
(46,70,142) ; (255,58,76)
(96,53,31) ; (155,59,78)
(87,41,79) ; (167,119,79)
(51,57,92) ; (253,0,84)
(84,52,45) ; (155,59,109)
(71,106,29) ; (92,122,118)
(36,82,60) ; (380,87,120)
(90,70,57) ; (416,98,121)
(97,56,27) ; (155,0,128)
(62,114,40) ; (82,0,131)
(36,91,60) ; (285,141,135)
(77,50,78) ; (507,182,142)
(77,58,65) ; (507,124,142)
(71,34,65) ; (513,89,142)
(70,103,37) ; (92,125,147)
(52,75,66) ; (324,155,147)
(80,52,64) ; (155,59,154)
(97,50,61) ; (155,0,155)
(63,32,61) ; (167,128,158)
(87,112,33) ; (0,120,160)
(72,117,28) ; (0,0,162)
(66,42,27) ; (312,85,169)
(55,107,49) ; (82,0,171)
(104,45,46) ; (377,0,172)
(70,34,47) ; (411,45,172)
(62,42,44) ; (315,0,172)
(98,37,46) ; (313,45,172)
(26,52,32) ; (253,0,176)
(84,62,40) ; (420,106,178)
(33,67,39) ; (383,102,180)
(64,72,32) ; (167,160,183)
(39,67,33) ; (231,165,183)
(62,99,31) ; (92,129,184)
(71,53,29) ; (0,0,190)
(44,63,30) ; (0,53,190)
(81,95,24) ; (0,137,193)
(33,63,23) ; (288,169,195)
