0.0967
89 8901
587 233 220
90
1 105 0  44 1  47 1 2
2 48 1  68 1  79 1 2
3 30 1  45 0  20 1 2
4 34 1  97 0  66 1 1
5 92 0  95 0  36 1 1
6 40 1  65 1  65 1 1
7 107 0  48 1  61 1 1
8 97 0  79 0  36 1 1
9 86 0  42 1  47 1 1
10 109 0  68 0  20 1 2
11 77 0  27 1  28 1 1
12 63 1  51 1  75 1 1
13 34 1  59 1  56 1 2
14 111 0  100 0  39 1 1
15 33 1  92 0  40 1 1
16 69 1  45 1  61 1 2
17 77 1  72 1  73 1 1
18 35 1  99 0  26 1 2
19 116 0  43 1  62 1 4
20 116 0  34 1  47 1 1
21 59 0  26 1  36 1 1
22 34 1  88 0  51 1 1
23 100 1  98 1  72 1 2
24 112 0  25 1  31 1 1
25 118 0  70 0  22 1 1
26 37 1  48 1  66 1 2
27 66 1  81 1  52 1 1
28 61 1  92 0  38 1 1
29 73 0  66 0  21 1 1
30 97 1  73 1  78 1 2
31 61 1  43 1  45 1 2
32 113 1  73 1  72 1 1
33 69 1  54 1  39 1 1
34 96 1  83 1  63 1 3
35 86 0  35 1  72 0 1
36 48 0  56 0  23 1 2
37 46 1  52 0  24 1 1
38 103 1  61 1  53 1 1
39 84 1  46 1  71 1 1
40 83 1  56 1  43 1 3
41 105 0  59 1  32 1 1
42 90 1  73 1  48 1 2
43 87 0  49 0  24 1 2
44 102 0  36 1  61 1 1
45 88 0  34 1  56 1 1
46 101 0  66 0  32 1 1
47 89 0  60 1  31 1 2
48 100 0  79 1  46 1 1
49 102 0  45 1  26 1 1
50 106 1  54 1  72 1 1
51 91 0  53 1  32 1 1
52 103 0  45 1  46 1 1
53 56 0  49 0  21 1 3
54 37 1  29 1  74 0 2
55 36 1  95 0  35 1 1
56 52 1  64 0  28 1 2
57 54 1  36 1  42 1 1
58 79 1  98 0  46 1 1
59 84 1  75 1  63 1 1
60 58 1  100 0  34 1 1
61 31 1  85 0  74 0 2
62 89 0  65 0  31 1 1
63 42 1  27 1  78 0 1
64 73 1  78 1  53 1 3
65 105 1  64 1  62 1 1
66 81 0  70 0  33 1 3
67 95 0  84 0  36 1 1
68 50 1  73 1  73 1 1
69 58 1  57 1  56 1 2
70 81 0  89 0  38 1 1
71 116 0  32 1  42 1 2
72 76 1  90 1  78 1 1
73 39 1  82 0  58 1 1
74 62 1  32 1  44 1 1
75 53 0  28 1  24 1 2
76 106 0  51 1  30 1 1
77 73 1  93 1  80 1 1
78 69 0  25 1  63 0 3
79 35 1  98 0  66 1 2
80 80 0  44 1  34 1 1
81 116 0  44 0  22 1 2
82 59 1  51 1  45 1 1
83 35 1  100 0  65 1 1
84 72 0  81 0  24 1 2
85 103 0  73 1  41 1 1
86 42 1  87 0  69 1 3
87 58 0  26 1  58 0 2
88 119 0  54 1  30 1 3
89 74 1  92 1  76 1 3
90 49 1  55 1  56 1 1
(116,86,124) ; (0,0,0)
(213,92,150) ; (374,0,0)
(196,72,173) ; (0,161,0)
(223,80,146) ; (364,153,0)
(63,75,135) ; (0,86,0)
(119,60,54) ; (468,93,0)
(189,83,96) ; (116,0,0)
(48,73,217) ; (63,88,0)
(81,72,147) ; (111,89,0)
(100,114,128) ; (196,119,0)
(107,61,101) ; (361,92,0)
(69,87,126) ; (305,0,0)
(68,79,117) ; (296,154,0)
(102,36,87) ; (192,83,0)
(62,64,105) ; (299,90,0)
(112,59,91) ; (475,94,54)
(98,35,66) ; (192,83,87)
(100,35,123) ; (116,0,96)
(112,43,83) ; (116,35,96)
(89,31,60) ; (216,0,96)
(73,50,73) ; (228,31,96)
(83,56,43) ; (381,97,101)
(20,45,60) ; (361,108,101)
(56,55,49) ; (305,99,105)
(65,65,40) ; (297,162,117)
(106,54,96) ; (0,0,124)
(116,32,42) ; (0,54,124)
(69,54,39) ; (305,0,126)
(64,28,52) ; (310,54,126)
(95,84,36) ; (196,149,128)
(74,29,37) ; (196,120,128)
(63,69,75) ; (0,92,135)
(80,44,34) ; (384,109,144)
(91,53,32) ; (496,99,145)
(85,74,31) ; (502,157,146)
(103,73,41) ; (399,158,146)
(27,78,42) ; (372,153,146)
(81,66,52) ; (111,93,147)
(147,88,47) ; (440,0,150)
(65,89,31) ; (375,0,150)
(97,34,66) ; (192,83,153)
(56,49,65) ; (305,105,154)
(89,31,60) ; (216,0,156)
(58,58,26) ; (304,169,157)
(88,34,56) ; (196,199,164)
(87,49,48) ; (196,150,164)
(64,52,28) ; (310,0,165)
(74,29,37) ; (196,120,165)
(106,30,51) ; (0,54,166)
(59,45,51) ; (228,31,169)
(84,71,46) ; (0,162,173)
(103,45,46) ; (84,188,173)
(102,26,45) ; (84,162,173)
(36,54,42) ; (551,177,177)
(48,66,37) ; (503,165,177)
(88,51,34) ; (499,101,177)
(62,44,32) ; (402,109,178)
(59,26,36) ; (315,54,178)
(92,33,40) ; (116,35,179)
(58,82,39) ; (382,0,181)
(58,58,26) ; (304,169,183)
(101,66,32) ; (401,165,187)
(27,77,28) ; (372,154,188)
(56,48,23) ; (318,0,193)
(118,70,22) ; (469,0,197)
(49,56,21) ; (111,103,199)
