0.0898
92 9201
587 233 220
90
1 63 1  43 1  55 1 2
2 107 0  75 1  47 1 2
3 35 1  50 1  52 1 2
4 79 0  34 1  22 1 1
5 56 0  79 0  25 1 2
6 32 1  79 0  30 1 1
7 78 1  99 1  77 1 1
8 78 0  95 0  26 1 1
9 66 1  96 1  68 1 1
10 105 0  96 0  30 1 1
11 104 1  89 1  78 1 1
12 73 1  80 1  44 1 1
13 53 1  64 1  62 1 1
14 94 0  78 0  38 1 1
15 94 1  82 1  52 1 1
16 48 1  77 1  43 1 1
17 74 1  63 1  55 1 1
18 86 0  42 1  69 1 1
19 114 0  38 1  56 1 2
20 72 0  68 0  20 1 1
21 103 0  68 1  41 1 1
22 54 0  90 0  25 1 3
23 35 1  56 1  68 1 2
24 112 1  63 1  68 1 1
25 92 1  51 1  77 1 2
26 45 1  41 1  26 1 1
27 69 0  27 1  47 1 3
28 91 0  35 1  49 1 1
29 103 1  69 1  63 1 1
30 85 1  53 1  49 1 1
31 50 1  79 1  77 1 1
32 68 1  72 1  65 1 1
33 50 1  39 1  38 1 2
34 38 1  81 0  31 1 1
35 100 0  73 1  45 1 1
36 79 0  68 0  26 1 2
37 69 1  61 1  49 1 1
38 44 1  50 1  46 1 2
39 52 0  61 0  23 1 1
40 38 1  57 1  36 1 1
41 40 1  83 0  31 1 1
42 95 1  94 1  69 1 2
43 66 0  26 1  56 0 2
44 82 0  86 0  32 1 1
45 64 1  84 1  79 1 1
46 93 0  33 1  44 1 1
47 41 1  77 1  78 1 1
48 99 0  86 0  29 1 1
49 104 0  33 1  72 0 2
50 104 1  83 1  61 1 1
51 49 1  67 1  56 1 1
52 30 1  89 0  20 1 1
53 54 1  93 1  78 1 2
54 106 0  34 1  40 1 2
55 69 1  88 1  74 1 1
56 78 1  100 1  58 1 2
57 38 1  54 1  59 1 1
58 61 1  62 1  45 1 1
59 115 0  56 1  47 1 2
60 93 0  98 0  45 1 1
61 49 1  48 1  70 1 1
62 112 1  84 1  60 1 1
63 84 1  69 1  59 1 1
64 39 1  33 1  28 1 1
65 76 1  65 1  40 1 2
66 47 1  60 1  61 1 1
67 38 1  77 0  35 1 2
68 50 1  77 1  57 1 1
69 114 0  85 0  27 1 1
70 54 1  76 1  76 1 2
71 77 0  99 0  35 1 1
72 84 0  44 1  39 1 1
73 67 1  72 1  78 1 2
74 116 0  48 1  64 1 1
75 101 0  49 1  75 1 3
76 112 0  44 1  45 1 1
77 119 0  56 1  65 1 2
78 98 1  78 1  69 1 1
79 118 0  35 1  69 1 1
80 89 1  89 1  57 1 1
81 84 1  85 1  74 1 1
82 85 0  66 1  38 1 3
83 93 1  52 1  67 1 1
84 95 0  35 1  42 1 2
85 38 1  100 0  44 1 1
86 53 1  83 1  65 1 1
87 60 0  91 0  25 1 1
88 67 0  60 0  24 1 1
89 32 1  61 0  27 1 2
90 77 1  48 1  62 1 1
(0,0,0) ; (50,77,57)
(0,0,57) ; (50,77,136)
(0,0,136) ; (48,77,179)
(493,0,0) ; (587,69,95)
(493,0,95) ; (587,69,190)
(493,0,190) ; (584,60,215)
(0,155,0) ; (50,194,38)
(0,194,0) ; (50,233,38)
(50,155,0) ; (144,233,38)
(0,155,38) ; (72,233,105)
(72,155,38) ; (144,233,105)
(0,155,105) ; (99,233,182)
(99,155,105) ; (140,233,182)
(0,155,182) ; (38,232,217)
(38,155,182) ; (137,232,217)
(502,118,0) ; (540,232,56)
(540,118,0) ; (587,233,56)
(502,118,56) ; (540,232,112)
(540,118,56) ; (587,233,112)
(502,118,112) ; (586,230,172)
(50,0,0) ; (104,78,93)
(104,0,0) ; (158,78,93)
(50,0,93) ; (104,76,169)
(104,0,93) ; (158,76,169)
(50,0,169) ; (157,75,216)
(486,69,0) ; (587,118,75)
(486,69,75) ; (587,118,150)
(0,77,0) ; (48,154,62)
(417,119,0) ; (502,157,66)
(417,157,0) ; (502,195,66)
(417,195,0) ; (502,233,66)
(417,119,66) ; (502,233,93)
(417,119,93) ; (502,168,146)
(417,168,93) ; (500,233,146)
(417,119,146) ; (496,175,171)
(417,175,146) ; (496,231,171)
(430,0,0) ; (493,69,103)
(430,0,103) ; (493,68,215)
(48,78,0) ; (99,155,92)
(99,78,0) ; (150,155,92)
(48,78,92) ; (149,153,141)
(144,155,0) ; (244,233,58)
(144,155,58) ; (244,233,116)
(144,155,116) ; (242,233,185)
(144,155,185) ; (239,233,211)
(311,0,0) ; (430,65,56)
(311,0,56) ; (430,65,112)
(158,0,0) ; (226,72,20)
(226,0,0) ; (310,74,85)
(158,0,20) ; (226,72,85)
(245,165,0) ; (324,233,26)
(324,165,0) ; (417,232,52)
(245,165,26) ; (324,233,52)
(416,69,0) ; (486,118,48)
(416,69,48) ; (485,118,109)
(416,69,109) ; (483,118,165)
(150,78,0) ; (190,154,65)
(190,78,0) ; (230,154,65)
(150,78,65) ; (230,151,109)
(323,65,0) ; (416,163,45)
(323,65,45) ; (413,119,70)
(323,119,45) ; (369,163,95)
(369,119,45) ; (415,163,95)
(323,65,70) ; (413,119,95)
(230,74,0) ; (319,152,104)
(349,166,52) ; (417,232,148)
(245,171,52) ; (349,232,135)
(0,77,62) ; (47,146,89)
(0,77,89) ; (47,146,116)
(0,77,116) ; (47,146,143)
(158,0,85) ; (262,72,118)
(158,0,118) ; (262,72,151)
(262,0,85) ; (309,61,145)
(324,65,95) ; (413,122,184)
(329,124,95) ; (413,163,139)
(230,74,104) ; (318,143,178)
(230,74,178) ; (316,143,220)
(150,78,109) ; (229,142,193)
(314,0,112) ; (430,64,160)
(255,180,135) ; (349,232,217)
(330,132,139) ; (413,163,179)
(330,132,179) ; (411,163,217)
(48,78,141) ; (148,151,186)
(0,77,143) ; (43,140,198)
(262,0,145) ; (307,61,207)
(349,176,148) ; (417,232,183)
(349,176,183) ; (417,232,218)
(492,69,150) ; (587,111,185)
(492,69,185) ; (587,111,220)
(158,0,151) ; (261,41,219)
(158,41,151) ; (237,71,183)
(376,0,160) ; (430,38,219)
(389,38,160) ; (430,64,205)
(314,0,160) ; (376,64,213)
(420,69,165) ; (483,112,220)
(421,124,171) ; (496,231,218)
(542,118,172) ; (586,230,217)
(504,130,172) ; (542,230,216)
(0,0,179) ; (38,77,214)
(158,41,183) ; (237,63,217)
(363,65,184) ; (413,117,219)
(325,65,184) ; (363,122,220)
(48,78,186) ; (141,122,219)
(48,123,186) ; (87,151,219)
(87,124,186) ; (148,151,218)
(150,78,193) ; (216,134,219)
