0.0849
74 7401
587 233 220
90
1 117 0  39 1  64 1 1
2 34 1  56 1  68 0 2
3 108 0  54 1  64 1 1
4 43 1  28 1  31 1 2
5 59 1  50 1  60 1 2
6 56 1  80 1  73 1 1
7 114 0  97 0  43 1 1
8 104 1  95 1  53 1 1
9 37 1  32 1  37 1 2
10 40 1  65 0  23 1 3
11 36 1  55 1  75 0 1
12 88 1  49 1  75 1 1
13 97 0  57 1  30 1 2
14 71 0  25 1  47 1 1
15 60 0  32 1  28 1 2
16 63 0  54 1  28 1 2
17 97 0  79 0  38 1 1
18 63 0  99 0  22 1 1
19 76 0  40 1  35 1 1
20 114 0  31 1  46 1 1
21 98 0  39 1  38 1 1
22 109 0  45 1  64 1 2
23 68 1  36 1  66 1 1
24 92 1  84 1  50 1 1
25 117 0  65 0  29 1 2
26 73 1  82 1  72 1 1
27 104 0  38 1  40 1 2
28 107 0  53 1  52 1 1
29 78 0  70 1  36 1 1
30 54 1  40 1  29 1 1
31 116 0  83 1  47 1 3
32 78 1  47 1  73 1 1
33 90 0  85 0  36 1 3
34 101 0  29 1  41 1 1
35 72 1  50 1  41 1 1
36 49 1  82 1  77 1 1
37 57 0  76 0  23 1 2
38 91 0  87 0  20 1 1
39 59 1  33 1  45 1 1
40 59 1  31 1  54 1 1
41 102 0  27 1  53 1 1
42 120 0  69 1  38 1 1
43 64 1  44 1  61 1 2
44 54 1  60 1  74 1 2
45 96 0  27 1  43 1 2
46 37 1  75 0  41 1 1
47 55 1  49 1  75 1 2
48 37 1  36 1  44 1 1
49 69 0  34 1  74 0 1
50 107 1  59 1  59 1 3
51 53 1  72 0  27 1 1
52 31 1  89 0  58 1 1
53 119 1  85 1  75 1 1
54 46 1  71 1  63 1 1
55 56 1  31 1  55 1 2
56 108 1  97 1  60 1 1
57 101 1  55 1  72 1 2
58 35 1  37 1  51 1 1
59 78 0  28 1  33 1 1
60 97 0  89 0  35 1 1
61 41 1  99 0  66 1 1
62 35 1  25 1  30 1 1
63 90 1  57 1  47 1 2
64 84 1  59 1  69 1 1
65 106 0  35 1  57 1 1
66 52 1  87 0  38 1 2
67 88 1  75 1  68 1 1
68 112 0  36 1  29 1 1
69 94 0  62 1  47 1 2
70 118 0  55 0  25 1 1
71 31 1  69 0  60 1 1
72 105 1  73 1  67 1 1
73 65 1  69 1  64 1 2
74 38 1  90 0  31 1 2
75 101 0  81 0  24 1 1
76 101 1  60 1  64 1 2
77 83 1  92 1  56 1 1
78 89 1  50 1  50 1 2
79 109 1  81 1  76 1 2
80 71 1  60 1  68 1 2
81 35 1  35 1  64 1 1
82 42 1  55 1  75 1 1
83 75 0  32 1  79 0 1
84 112 1  57 1  70 1 1
85 116 0  85 0  31 1 1
86 76 1  46 1  62 1 1
87 32 1  46 1  79 0 1
88 57 1  97 1  77 1 3
89 119 0  77 0  29 1 1
90 85 1  63 1  67 1 2
(101,60,218) ; (0,0,0)
(114,97,180) ; (473,0,0)
(101,55,219) ; (0,178,0)
(81,76,218) ; (506,157,0)
(85,116,78) ; (0,62,0)
(107,59,212) ; (480,98,0)
(119,76,219) ; (387,157,0)
(71,60,220) ; (101,0,0)
(285,65,97) ; (101,168,0)
(220,90,100) ; (253,0,0)
(84,106,92) ; (85,60,0)
(79,97,95) ; (172,0,0)
(47,57,180) ; (433,100,0)
(54,60,179) ; (379,97,0)
(91,70,112) ; (169,98,0)
(119,77,29) ; (260,91,0)
(79,75,134) ; (300,93,29)
(40,76,35) ; (260,92,29)
(32,74,37) ; (260,94,64)
(83,116,94) ; (0,62,78)
(82,73,128) ; (85,60,92)
(79,32,46) ; (85,134,92)
(47,94,124) ; (172,0,95)
(30,97,57) ; (219,0,95)
(104,53,122) ; (101,178,97)
(134,63,85) ; (252,168,97)
(46,63,71) ; (205,168,97)
(108,54,116) ; (365,0,100)
(114,31,102) ; (359,54,100)
(77,49,82) ; (288,0,100)
(35,35,64) ; (253,0,100)
(104,38,119) ; (255,49,100)
(31,69,60) ; (260,99,101)
(73,67,105) ; (169,99,112)
(78,28,33) ; (85,138,138)
(27,96,43) ; (219,0,152)
(31,43,28) ; (260,125,161)
(30,25,35) ; (260,99,161)
(50,72,41) ; (328,94,163)
(27,72,53) ; (301,94,163)
(31,28,43) ; (253,0,164)
(40,54,29) ; (205,177,168)
(71,25,47) ; (85,141,171)
(81,101,24) ; (0,77,172)
(45,59,33) ; (388,97,179)
(104,87,38) ; (477,0,180)
(37,51,35) ; (443,106,180)
(90,62,38) ; (296,169,182)
(75,41,37) ; (290,0,182)
(44,36,37) ; (252,195,182)
(63,99,22) ; (0,79,196)
