0.0994
94 9401
587 233 220
90
1 75 0  45 0  22 1 2
2 115 0  80 1  56 1 4
3 59 1  53 1  32 1 2
4 77 1  57 1  61 1 1
5 69 0  27 1  45 1 2
6 74 1  60 1  76 1 1
7 68 1  94 1  78 1 2
8 44 1  50 1  77 1 1
9 43 1  59 1  73 1 1
10 56 1  47 1  68 1 1
11 112 0  77 1  47 1 1
12 63 1  79 1  48 1 2
13 109 0  88 0  30 1 1
14 39 1  30 1  55 1 1
15 89 1  74 1  78 1 2
16 67 1  99 0  38 1 1
17 66 1  96 0  40 1 1
18 105 0  29 1  41 1 1
19 40 1  45 1  77 1 2
20 92 0  54 1  44 1 1
21 67 1  81 1  43 1 1
22 114 1  69 1  60 1 1
23 105 0  27 1  74 0 1
24 30 1  67 0  43 1 1
25 65 1  34 1  61 1 1
26 95 0  40 1  40 1 1
27 77 1  62 1  78 1 1
28 48 1  92 1  77 1 1
29 52 1  64 1  61 1 1
30 73 1  79 1  59 1 1
31 57 0  72 0  22 1 1
32 104 1  61 1  75 1 2
33 117 0  27 1  69 0 1
34 35 1  88 0  21 1 1
35 103 0  66 0  29 1 1
36 35 1  37 1  63 1 1
37 111 0  38 1  54 1 1
38 60 1  76 1  65 1 1
39 77 0  26 1  30 1 1
40 49 1  74 1  67 1 1
41 93 0  47 1  40 1 2
42 108 0  56 1  43 1 2
43 91 0  97 0  38 1 1
44 67 1  96 0  39 1 1
45 64 0  58 0  21 1 1
46 48 1  50 1  44 1 2
47 95 1  68 1  64 1 1
48 112 0  65 1  40 1 2
49 84 0  29 1  60 0 2
50 38 1  55 1  55 1 1
51 73 1  70 1  53 1 2
52 63 0  38 1  20 1 1
53 54 1  79 1  54 1 1
54 105 0  60 1  33 1 1
55 105 0  98 0  37 1 2
56 74 1  50 1  51 1 3
57 56 1  40 1  36 1 1
58 82 1  89 1  47 1 2
59 96 0  68 0  23 1 2
60 30 1  76 0  68 0 2
61 72 1  48 1  39 1 3
62 120 0  30 1  62 0 2
63 105 1  59 1  70 1 1
64 77 1  61 1  57 1 1
65 41 0  71 0  20 1 2
66 34 1  39 1  32 1 1
67 43 1  69 1  76 1 1
68 77 0  38 1  68 1 1
69 38 1  90 0  49 1 1
70 100 0  89 0  33 1 2
71 82 1  86 1  70 1 3
72 84 0  27 1  57 0 1
73 109 0  50 1  80 1 1
74 73 1  77 0  37 1 1
75 69 1  85 1  69 1 1
76 92 1  81 1  59 1 2
77 34 1  42 1  29 1 1
78 88 0  58 0  27 1 1
79 79 1  95 1  72 1 1
80 115 0  65 0  21 1 2
81 60 1  89 0  35 1 2
82 102 0  94 0  26 1 2
83 109 0  77 1  53 1 1
84 88 0  33 1  33 1 1
85 40 1  72 1  40 1 1
86 95 0  39 1  29 1 3
87 60 1  69 1  35 1 1
88 69 1  52 1  74 1 1
89 84 0  25 1  50 0 1
90 117 0  31 1  31 1 2
(47,82,200) ; (0,0,0)
(112,230,80) ; (475,0,0)
(61,150,218) ; (0,83,0)
(74,78,215) ; (47,0,0)
(116,79,218) ; (61,154,0)
(258,82,129) ; (217,0,0)
(105,148,74) ; (370,85,0)
(95,79,159) ; (121,0,0)
(60,76,161) ; (61,78,0)
(115,80,159) ; (177,153,0)
(53,73,140) ; (121,79,0)
(77,80,107) ; (293,153,0)
(40,72,136) ; (174,79,0)
(96,68,102) ; (214,85,0)
(59,70,105) ; (311,83,0)
(100,89,33) ; (372,144,74)
(88,58,27) ; (384,85,74)
(108,56,86) ; (476,0,80)
(109,77,53) ; (475,153,80)
(102,94,52) ; (482,56,80)
(84,57,27) ; (388,85,101)
(95,64,68) ; (214,87,102)
(59,64,53) ; (311,89,105)
(100,89,33) ; (372,144,107)
(76,68,30) ; (294,163,107)
(84,50,25) ; (388,85,128)
(120,62,91) ; (354,0,129)
(128,76,43) ; (217,0,129)
(97,91,38) ; (487,56,132)
(69,69,85) ; (515,161,133)
(38,77,68) ; (477,153,133)
(39,72,48) ; (174,79,136)
(43,67,81) ; (327,164,137)
(30,67,43) ; (297,164,137)
(99,67,38) ; (373,166,140)
(88,21,35) ; (384,145,140)
(52,69,74) ; (121,79,140)
(74,49,67) ; (398,85,153)
(52,64,61) ; (318,89,158)
(89,70,60) ; (121,0,159)
(44,77,50) ; (177,153,159)
(35,69,60) ; (221,161,159)
(30,77,26) ; (256,153,159)
(56,68,47) ; (61,78,161)
(79,54,54) ; (505,0,166)
(29,42,34) ; (476,0,166)
(74,51,50) ; (510,56,170)
(93,40,47) ; (491,107,170)
(88,48,50) ; (214,103,170)
(117,69,27) ; (217,0,172)
(63,20,38) ; (409,146,175)
(61,65,34) ; (411,168,178)
(37,63,35) ; (374,170,178)
(30,55,39) ; (297,176,180)
(39,34,32) ; (174,79,184)
(115,65,21) ; (217,0,199)
(41,71,20) ; (0,0,200)
