0.0817
48 4801
587 233 220
90
1 76 1  91 1  74 1 1
2 40 1  91 0  26 1 1
3 68 1  35 1  76 0 1
4 65 1  90 1  56 1 3
5 87 0  34 1  69 0 1
6 67 0  73 0  25 1 1
7 62 1  98 1  52 1 2
8 78 0  89 0  22 1 4
9 104 0  48 1  59 1 1
10 112 1  62 1  77 1 2
11 45 1  98 0  26 1 1
12 52 1  77 1  57 1 3
13 97 0  58 1  40 1 1
14 42 1  41 1  56 1 2
15 115 0  66 0  26 1 1
16 67 1  65 1  50 1 1
17 92 0  33 1  48 1 2
18 89 0  47 1  27 1 2
19 39 1  62 1  35 1 1
20 86 1  47 1  54 1 1
21 37 1  39 1  54 1 1
22 114 0  69 0  21 1 2
23 57 1  38 1  61 1 1
24 31 1  49 0  20 1 1
25 70 0  26 1  34 1 1
26 83 1  82 1  49 1 2
27 81 1  78 1  54 1 1
28 58 1  44 1  60 1 1
29 105 1  90 1  71 1 1
30 68 0  29 1  45 1 2
31 47 1  50 1  27 1 2
32 90 0  36 1  77 0 2
33 42 1  41 1  76 1 3
34 106 0  43 1  23 1 1
35 98 1  63 1  76 1 1
36 93 0  34 1  39 1 3
37 56 1  97 0  41 1 1
38 53 1  36 1  57 1 1
39 117 0  67 0  27 1 1
40 64 1  46 1  54 1 2
41 69 0  26 1  73 0 2
42 73 0  95 0  33 1 1
43 43 1  79 0  30 1 2
44 64 0  25 1  25 1 1
45 57 1  87 1  54 1 1
46 54 1  93 1  66 1 1
47 55 0  84 0  25 1 1
48 86 0  100 0  27 1 2
49 114 1  88 1  77 1 2
50 58 1  69 1  74 1 2
51 65 1  96 1  49 1 3
52 68 1  93 0  42 1 3
53 61 1  60 1  53 1 2
54 108 1  86 1  62 1 1
55 44 1  60 1  70 1 2
56 91 0  42 1  31 1 1
57 30 1  47 1  37 1 1
58 57 1  51 1  61 1 2
59 72 0  74 0  23 1 1
60 97 0  45 1  38 1 2
61 58 1  60 1  68 1 1
62 84 1  52 1  65 1 1
63 87 0  66 0  23 1 1
64 64 1  41 1  61 1 1
65 107 1  72 1  63 1 1
66 49 0  29 1  24 1 1
67 61 0  31 1  23 1 2
68 115 0  72 0  24 1 3
69 69 1  89 1  66 1 1
70 85 0  63 1  32 1 1
71 32 1  92 0  21 1 2
72 95 0  41 1  26 1 1
73 80 1  72 1  63 1 2
74 108 1  72 1  80 1 1
75 86 0  89 0  25 1 2
76 41 1  61 1  56 1 1
77 89 0  28 1  37 1 2
78 89 0  33 1  34 1 2
79 45 1  92 0  57 1 1
80 110 0  55 1  42 1 3
81 61 0  28 1  41 1 1
82 39 1  53 1  28 1 2
83 47 0  91 0  23 1 1
84 116 1  73 1  63 1 1
85 88 1  46 1  66 1 1
86 48 1  59 0  25 1 1
87 95 1  55 1  71 1 1
88 63 1  88 0  42 1 3
89 35 1  75 0  39 1 1
90 90 1  81 1  67 1 2
(0,0,0) ; (98,62,52)
(0,62,0) ; (98,124,52)
(0,0,52) ; (49,83,134)
(49,0,52) ; (98,83,134)
(0,83,52) ; (97,124,108)
(0,83,108) ; (95,124,134)
(0,0,134) ; (92,48,167)
(0,48,134) ; (95,121,167)
(519,0,0) ; (584,56,90)
(519,56,0) ; (586,137,90)
(519,137,0) ; (587,230,42)
(519,137,42) ; (587,230,84)
(519,137,84) ; (587,230,126)
(519,0,90) ; (584,56,180)
(519,56,90) ; (586,137,180)
(519,137,126) ; (585,230,180)
(0,125,0) ; (89,158,34)
(0,158,0) ; (89,191,34)
(0,191,0) ; (88,233,63)
(0,125,34) ; (89,191,103)
(0,191,63) ; (88,233,126)
(0,125,103) ; (87,191,126)
(0,125,126) ; (86,233,188)
(343,0,0) ; (431,114,77)
(431,0,0) ; (519,114,77)
(343,0,77) ; (405,112,154)
(405,0,77) ; (467,112,154)
(467,0,77) ; (519,57,154)
(467,57,77) ; (519,114,154)
(445,117,0) ; (519,175,69)
(445,175,0) ; (519,233,69)
(445,117,69) ; (518,233,132)
(445,117,132) ; (517,232,156)
(89,161,0) ; (152,233,80)
(152,161,0) ; (215,233,80)
(215,161,0) ; (323,233,80)
(89,161,80) ; (204,233,104)
(204,161,80) ; (319,233,104)
(89,161,104) ; (203,230,125)
(203,161,104) ; (317,230,125)
(98,0,0) ; (194,49,65)
(98,0,65) ; (194,49,130)
(98,0,130) ; (194,49,195)
(98,0,195) ; (189,47,218)
(325,172,0) ; (385,233,53)
(385,172,0) ; (445,233,53)
(325,172,53) ; (389,233,94)
(389,172,53) ; (445,233,94)
(325,172,94) ; (382,233,145)
(382,172,94) ; (439,233,145)
(98,49,0) ; (195,94,38)
(98,94,0) ; (196,157,76)
(98,49,38) ; (195,94,76)
(194,0,0) ; (248,47,86)
(194,0,86) ; (248,46,150)
(194,0,150) ; (248,46,214)
(391,115,0) ; (445,172,87)
(391,115,87) ; (444,172,123)
(196,47,0) ; (251,157,42)
(196,47,42) ; (251,157,84)
(196,47,84) ; (251,157,126)
(253,0,0) ; (343,105,71)
(253,0,71) ; (342,37,99)
(253,37,71) ; (343,102,127)
(253,0,99) ; (342,37,127)
(323,114,0) ; (391,143,45)
(323,143,0) ; (391,172,45)
(323,114,45) ; (391,172,105)
(251,106,0) ; (322,161,95)
(98,49,76) ; (189,123,152)
(98,123,76) ; (191,157,115)
(98,123,115) ; (191,157,154)
(98,123,154) ; (190,156,202)
(251,107,95) ; (288,161,134)
(288,107,95) ; (316,160,134)
(330,115,105) ; (391,172,143)
(402,116,123) ; (444,172,164)
(89,161,125) ; (162,230,151)
(162,161,125) ; (235,230,151)
(235,162,125) ; (311,230,160)
(196,47,126) ; (246,74,173)
(196,47,173) ; (246,74,220)
(196,74,126) ; (250,155,204)
(256,0,127) ; (342,100,154)
(251,108,134) ; (316,160,218)
(339,115,143) ; (391,172,220)
(351,173,145) ; (395,233,215)
(395,173,145) ; (439,233,215)
(326,174,145) ; (351,233,193)
(89,165,151) ; (139,230,218)
(139,161,151) ; (226,230,185)
(98,49,152) ; (186,95,218)
(98,95,152) ; (137,123,205)
(137,95,152) ; (186,119,181)
(430,0,154) ; (519,78,176)
(430,0,176) ; (519,78,198)
(430,0,198) ; (519,78,220)
(427,78,154) ; (519,110,175)
(348,0,154) ; (389,76,196)
(389,0,154) ; (430,76,196)
(352,76,154) ; (427,111,193)
(256,0,154) ; (342,100,181)
(445,125,156) ; (517,232,219)
(235,170,160) ; (279,230,218)
(280,169,160) ; (311,230,183)
(280,169,183) ; (311,230,206)
(403,130,164) ; (444,172,220)
(0,0,167) ; (67,117,194)
(0,0,194) ; (66,115,220)
(67,0,167) ; (90,106,210)
(428,78,175) ; (519,109,217)
(526,0,180) ; (584,97,220)
(550,137,180) ; (584,230,219)
(524,139,180) ; (550,230,220)
(522,102,180) ; (584,137,219)
(137,95,181) ; (186,115,212)
(265,0,181) ; (342,90,217)
(139,167,185) ; (224,230,217)
(0,154,188) ; (43,233,218)
(43,154,188) ; (86,233,218)
(0,129,188) ; (64,154,213)
(357,76,193) ; (427,110,219)
(358,0,196) ; (430,74,219)
