0.1017
41 4101
587 233 220
90
1 44 1  49 1  70 1 1
2 89 0  32 1  22 1 1
3 118 0  83 0  35 1 1
4 61 1  37 1  39 1 1
5 53 1  67 1  36 1 1
6 56 1  65 1  51 1 3
7 50 1  79 1  55 1 2
8 107 1  100 1  62 1 1
9 84 1  80 1  72 1 1
10 80 1  54 1  64 1 1
11 101 0  78 1  42 1 1
12 85 0  99 0  36 1 1
13 47 1  95 0  71 1 1
14 67 0  38 1  23 1 1
15 44 1  98 0  57 1 1
16 98 0  65 0  32 1 2
17 110 0  75 1  48 1 1
18 79 1  71 1  76 1 2
19 31 1  43 1  79 0 1
20 77 1  58 1  79 1 1
21 96 0  39 1  67 1 1
22 46 1  59 1  36 1 1
23 41 1  71 1  50 1 1
24 94 0  25 1  52 0 1
25 97 1  66 1  63 1 2
26 82 1  78 1  46 1 2
27 47 1  36 1  53 1 1
28 58 0  53 0  20 1 2
29 100 0  43 1  37 1 1
30 35 1  88 0  26 1 1
31 92 0  72 0  34 1 2
32 49 1  97 0  48 1 2
33 56 1  34 1  76 0 1
34 37 1  49 1  68 1 2
35 59 1  47 1  46 1 2
36 110 0  25 1  27 1 1
37 51 1  99 0  42 1 2
38 30 1  81 0  68 0 1
39 87 0  60 0  21 1 2
40 112 0  33 1  21 1 2
41 100 0  43 1  49 1 1
42 85 1  53 1  69 1 2
43 87 0  75 0  34 1 3
44 30 1  45 1  62 0 3
45 98 0  52 1  30 1 2
46 48 1  32 1  42 1 1
47 76 1  87 1  48 1 1
48 98 1  69 1  77 1 2
49 72 1  70 1  67 1 2
50 54 1  95 1  76 1 2
51 90 0  70 1  45 1 2
52 103 0  25 1  22 1 2
53 89 1  87 1  80 1 1
54 41 1  90 0  74 1 1
55 77 0  93 0  33 1 1
56 84 1  62 1  61 1 1
57 38 1  82 0  67 1 2
58 49 0  90 0  21 1 1
59 108 0  96 0  46 1 1
60 50 1  92 0  38 1 1
61 78 1  49 1  68 1 1
62 74 0  29 1  24 1 1
63 57 1  30 1  64 0 1
64 54 1  77 1  58 1 1
65 88 0  43 1  57 1 1
66 81 0  41 1  28 1 1
67 39 1  55 1  37 1 3
68 113 0  41 1  52 1 3
69 46 1  37 1  54 1 1
70 115 0  96 1  51 1 1
71 55 1  30 1  42 1 1
72 64 1  52 1  60 1 2
73 69 0  56 1  33 1 1
74 74 0  31 1  36 1 1
75 96 1  74 1  51 1 1
76 112 0  76 0  30 1 1
77 49 1  76 1  56 1 1
78 62 1  45 1  36 1 1
79 36 1  27 1  25 1 1
80 69 1  99 1  73 1 2
81 94 0  27 1  55 0 1
82 42 1  84 0  61 1 1
83 79 0  43 1  27 1 2
84 82 1  73 1  79 1 2
85 115 0  89 0  29 1 1
86 81 1  65 1  69 1 3
87 88 1  56 1  65 1 2
88 53 1  74 1  62 1 1
89 68 1  76 1  61 1 2
90 48 1  31 1  33 1 1
(0,0,0) ; (46,78,82)
(46,0,0) ; (119,79,82)
(0,0,82) ; (46,78,164)
(46,0,82) ; (119,79,164)
(0,0,164) ; (112,76,194)
(389,0,0) ; (487,77,69)
(487,0,0) ; (585,77,69)
(389,77,0) ; (488,150,69)
(488,77,0) ; (587,150,69)
(389,150,0) ; (454,231,69)
(454,150,0) ; (519,231,69)
(519,150,0) ; (584,231,69)
(0,156,0) ; (71,232,79)
(71,156,0) ; (142,232,79)
(142,156,0) ; (200,233,79)
(0,156,79) ; (110,231,127)
(110,156,79) ; (197,232,127)
(0,80,0) ; (87,155,34)
(87,80,0) ; (148,156,68)
(0,80,34) ; (87,155,68)
(119,0,0) ; (206,80,89)
(119,0,89) ; (203,80,161)
(213,0,0) ; (301,56,65)
(301,0,0) ; (389,56,65)
(266,56,0) ; (307,169,52)
(307,56,0) ; (348,169,52)
(348,56,0) ; (389,169,52)
(266,169,0) ; (326,233,52)
(326,169,0) ; (386,233,52)
(200,107,0) ; (266,170,97)
(200,170,0) ; (266,233,97)
(200,107,97) ; (262,137,142)
(200,137,97) ; (262,167,142)
(200,167,97) ; (262,197,142)
(200,197,97) ; (262,233,142)
(148,82,0) ; (199,156,96)
(206,56,0) ; (262,107,65)
(268,154,52) ; (318,233,107)
(318,154,52) ; (386,232,101)
(318,154,101) ; (386,230,162)
(268,154,107) ; (318,233,162)
(271,56,52) ; (386,152,103)
(312,0,65) ; (389,54,123)
(213,0,65) ; (308,54,141)
(213,0,141) ; (308,54,217)
(206,56,65) ; (262,107,130)
(0,81,68) ; (92,153,102)
(92,81,68) ; (141,118,136)
(92,118,68) ; (141,155,136)
(0,81,102) ; (92,153,136)
(484,0,69) ; (584,37,112)
(484,37,69) ; (584,86,112)
(484,0,112) ; (583,85,148)
(484,0,148) ; (583,42,199)
(484,42,148) ; (583,84,199)
(500,170,69) ; (584,231,131)
(500,170,131) ; (584,231,173)
(500,170,173) ; (536,229,219)
(536,170,173) ; (583,229,219)
(508,87,69) ; (584,121,125)
(508,121,69) ; (584,170,125)
(508,87,125) ; (546,169,192)
(546,87,125) ; (584,169,192)
(393,169,69) ; (500,231,169)
(389,0,69) ; (484,71,116)
(454,89,69) ; (508,169,133)
(454,89,133) ; (481,168,176)
(481,89,133) ; (508,168,176)
(389,71,69) ; (454,169,101)
(148,85,96) ; (198,156,137)
(402,71,101) ; (454,169,131)
(402,71,131) ; (454,165,156)
(278,56,103) ; (386,152,149)
(394,0,116) ; (484,70,161)
(394,0,161) ; (484,70,206)
(327,0,123) ; (389,53,197)
(327,0,197) ; (385,53,217)
(0,159,127) ; (67,231,197)
(67,159,127) ; (134,231,197)
(134,162,127) ; (187,231,212)
(206,56,130) ; (262,107,195)
(0,84,136) ; (85,153,189)
(85,86,136) ; (138,153,172)
(148,86,137) ; (197,156,181)
(200,196,142) ; (255,233,181)
(200,196,181) ; (255,233,220)
(200,108,142) ; (257,196,185)
(289,56,149) ; (386,104,198)
(289,104,149) ; (386,152,198)
(404,73,156) ; (454,165,194)
(119,0,161) ; (166,46,220)
(119,46,161) ; (188,79,217)
(166,0,161) ; (203,46,215)
(299,155,162) ; (386,230,196)
(268,166,162) ; (298,230,219)
(402,174,169) ; (500,231,213)
(85,117,172) ; (138,153,219)
(85,86,172) ; (118,117,220)
(477,89,176) ; (508,168,219)
(454,101,176) ; (477,168,214)
(148,95,181) ; (185,156,220)
(200,154,185) ; (255,196,215)
(200,112,185) ; (248,154,217)
(0,85,189) ; (81,153,219)
(555,95,192) ; (584,169,216)
(514,88,192) ; (555,169,220)
(0,0,194) ; (103,22,219)
(0,22,194) ; (103,44,219)
(0,44,194) ; (110,71,219)
(419,77,194) ; (454,165,220)
(206,56,195) ; (233,92,220)
(299,170,196) ; (386,230,217)
(0,165,197) ; (112,198,218)
(0,198,197) ; (112,231,218)
(354,56,198) ; (386,145,220)
(294,56,198) ; (354,143,219)
(493,0,199) ; (583,49,220)
