0.0941
84 8401
587 233 220
90
1 48 1  64 0  31 1 1
2 40 1  44 1  78 1 2
3 45 1  30 1  52 1 1
4 115 0  72 1  37 1 1
5 58 1  89 1  59 1 1
6 114 0  95 0  29 1 2
7 95 0  42 1  67 1 3
8 64 1  56 1  47 1 1
9 69 0  41 1  24 1 1
10 120 0  35 1  56 1 3
11 95 0  40 1  76 1 1
12 70 1  92 1  57 1 1
13 40 1  86 0  42 1 1
14 58 1  46 1  74 1 1
15 56 1  29 1  53 1 1
16 89 0  93 0  39 1 1
17 45 1  57 1  55 1 1
18 105 0  60 1  43 1 1
19 80 0  97 0  35 1 3
20 79 1  46 1  61 1 1
21 51 1  97 1  56 1 1
22 104 0  61 1  48 1 2
23 74 1  40 1  45 1 1
24 63 0  66 0  26 1 1
25 101 0  46 1  30 1 2
26 70 0  88 0  20 1 2
27 57 1  50 1  77 1 1
28 34 1  98 0  49 1 1
29 83 1  62 1  55 1 3
30 46 1  78 1  57 1 2
31 82 1  61 1  44 1 1
32 118 0  66 1  34 1 2
33 36 1  36 1  22 1 1
34 87 0  52 1  40 1 2
35 31 1  85 0  46 1 1
36 93 0  80 0  20 1 1
37 86 0  75 0  32 1 1
38 75 1  42 1  68 1 1
39 112 0  29 1  37 1 2
40 36 1  52 1  67 1 1
41 47 1  61 1  70 1 1
42 82 1  87 0  43 1 2
43 53 0  45 1  23 1 1
44 98 0  28 1  36 1 1
45 117 0  58 1  72 1 2
46 62 1  63 1  49 1 2
47 30 1  34 1  43 1 1
48 89 0  37 1  34 1 2
49 41 1  90 0  45 1 2
50 83 0  37 1  28 1 2
51 117 0  85 0  26 1 1
52 92 1  76 1  77 1 1
53 117 0  48 1  28 1 2
54 110 0  30 1  27 1 1
55 119 1  81 1  79 1 2
56 35 1  52 1  78 0 2
57 80 0  40 1  26 1 2
58 61 1  38 1  38 1 1
59 75 0  76 0  24 1 1
60 82 0  38 1  21 1 1
61 63 1  53 1  65 1 1
62 85 1  98 1  62 1 1
63 56 0  78 0  27 1 3
64 34 1  95 0  80 0 1
65 115 1  84 1  63 1 2
66 44 1  79 1  65 1 3
67 65 0  42 1  22 1 1
68 54 1  99 1  72 1 2
69 73 1  72 1  77 1 2
70 59 1  41 1  61 1 1
71 110 0  48 1  67 1 2
72 77 0  53 1  27 1 1
73 105 0  43 1  24 1 2
74 35 1  38 1  64 1 1
75 118 0  72 1  41 1 1
76 93 0  28 1  71 0 3
77 31 1  80 0  59 1 1
78 40 1  40 1  31 1 1
79 33 1  74 0  65 1 1
80 39 1  77 1  64 1 3
81 111 0  95 0  36 1 1
82 117 0  96 1  55 1 2
83 83 1  86 1  55 1 1
84 42 1  58 1  44 1 1
85 37 1  48 1  35 1 1
86 30 1  36 1  23 1 1
87 116 0  35 1  72 0 2
88 37 1  31 1  66 0 1
89 59 0  82 0  22 1 1
90 82 1  59 1  70 1 2
(120,166,138) ; (0,0,0)
(118,230,72) ; (469,0,0)
(95,67,126) ; (0,166,0)
(231,64,123) ; (95,169,0)
(294,79,81) ; (175,0,0)
(141,80,105) ; (328,153,0)
(55,86,145) ; (120,0,0)
(62,83,132) ; (120,86,0)
(154,72,73) ; (315,79,0)
(82,90,88) ; (182,79,0)
(43,87,82) ; (264,82,0)
(98,63,147) ; (486,0,72)
(114,95,94) ; (470,135,72)
(108,72,99) ; (476,63,72)
(116,72,35) ; (353,79,73)
(36,67,52) ; (317,79,73)
(110,48,134) ; (359,0,81)
(110,30,27) ; (359,48,81)
(92,78,134) ; (175,0,81)
(92,70,97) ; (267,0,81)
(42,86,40) ; (264,83,82)
(80,87,52) ; (182,79,88)
(139,78,40) ; (330,153,105)
(101,30,92) ; (368,48,108)
(105,43,108) ; (364,79,108)
(112,29,74) ; (357,122,108)
(42,68,97) ; (264,101,122)
(104,61,96) ; (95,171,123)
(51,56,97) ; (199,176,123)
(65,63,53) ; (250,169,123)
(35,64,38) ; (318,79,125)
(88,65,79) ; (0,168,126)
(59,80,31) ; (120,88,132)
(61,46,79) ; (0,0,138)
(66,118,34) ; (0,46,138)
(55,45,80) ; (61,0,138)
(44,61,82) ; (66,45,138)
(46,58,74) ; (66,108,138)
(75,86,32) ; (182,80,140)
(52,78,35) ; (120,0,145)
(89,74,34) ; (380,155,145)
(45,40,74) ; (335,189,145)
(43,34,30) ; (337,155,145)
(50,77,57) ; (120,91,163)
(30,52,45) ; (323,79,163)
(80,95,54) ; (501,135,166)
(31,85,46) ; (470,145,166)
(98,34,49) ; (486,63,171)
(61,38,38) ; (523,97,171)
(35,37,48) ; (488,97,171)
(64,31,48) ; (0,46,172)
(64,56,47) ; (0,108,172)
(66,31,37) ; (0,77,172)
(70,61,47) ; (182,105,172)
(69,24,41) ; (182,80,172)
(40,31,40) ; (340,158,175)
(59,61,41) ; (250,171,176)
(83,56,37) ; (272,0,178)
(80,52,40) ; (389,177,179)
(82,21,38) ; (387,156,179)
(52,78,35) ; (120,0,180)
(98,28,36) ; (371,123,182)
