0.0982
82 8201
587 233 220
90
1 49 1  62 1  35 1 2
2 79 1  64 1  44 1 2
3 67 1  66 1  44 1 1
4 109 0  58 1  54 1 2
5 32 1  97 0  75 0 1
6 47 0  75 0  22 1 1
7 83 0  30 1  73 0 2
8 61 1  32 1  77 0 2
9 53 1  92 1  56 1 1
10 73 0  95 0  28 1 1
11 85 1  57 1  72 1 2
12 58 0  42 1  29 1 1
13 75 0  29 1  61 0 2
14 114 0  39 1  55 1 3
15 43 1  52 1  42 1 2
16 64 1  80 1  63 1 1
17 117 0  39 1  50 1 1
18 79 1  41 1  74 1 1
19 46 0  50 0  20 1 3
20 70 1  92 1  76 1 1
21 101 0  40 1  73 1 1
22 82 1  62 1  46 1 2
23 108 0  88 0  22 1 3
24 30 1  78 0  77 0 1
25 88 1  78 1  65 1 1
26 98 1  84 1  57 1 1
27 71 1  51 1  55 1 2
28 116 0  33 1  59 1 2
29 34 1  91 0  22 1 1
30 69 0  29 1  62 0 2
31 57 1  65 1  43 1 2
32 110 0  70 1  43 1 1
33 95 0  54 1  29 1 1
34 67 0  26 1  22 1 1
35 87 0  37 1  61 1 1
36 46 1  37 1  79 0 2
37 54 1  46 1  78 1 1
38 71 1  85 1  52 1 1
39 93 0  26 1  60 0 1
40 50 1  87 1  75 1 1
41 95 1  50 1  48 1 2
42 84 0  85 0  32 1 1
43 98 0  87 0  36 1 1
44 56 1  78 1  45 1 4
45 96 0  56 0  28 1 2
46 49 1  49 1  76 1 1
47 40 1  83 0  45 1 2
48 82 0  64 0  28 1 1
49 42 0  25 1  20 1 1
50 118 0  83 0  21 1 1
51 40 1  76 0  27 1 3
52 99 0  53 1  33 1 2
53 53 1  95 1  65 1 1
54 110 1  84 1  66 1 1
55 87 0  59 1  32 1 2
56 97 1  87 1  73 1 2
57 117 0  93 0  43 1 1
58 98 0  85 1  43 1 1
59 52 1  29 1  48 1 2
60 110 0  33 1  62 1 1
61 57 1  59 1  70 1 1
62 64 0  70 0  31 1 1
63 67 0  51 1  33 1 2
64 57 0  92 0  22 1 1
65 72 1  58 1  64 1 1
66 95 1  69 1  78 1 1
67 87 0  30 1  65 0 1
68 91 0  69 0  22 1 1
69 56 1  96 0  43 1 1
70 82 1  68 1  48 1 1
71 63 0  30 1  30 1 1
72 80 0  40 1  23 1 1
73 79 0  98 0  38 1 2
74 110 0  98 0  33 1 1
75 53 1  51 1  33 1 1
76 66 1  63 1  46 1 1
77 94 1  82 1  69 1 2
78 95 1  91 1  68 1 1
79 46 1  85 1  52 1 3
80 34 1  81 0  21 1 1
81 73 0  28 1  39 1 2
82 84 0  42 1  52 1 1
83 97 0  43 1  75 1 2
84 83 0  42 1  28 1 1
85 102 0  38 1  23 1 2
86 102 1  81 1  71 1 1
87 113 0  82 1  44 1 1
88 96 0  64 0  30 1 1
89 118 0  88 1  50 1 1
90 110 1  98 1  73 1 2
(0,0,0) ; (55,71,51)
(55,0,0) ; (110,71,51)
(110,0,0) ; (192,69,94)
(192,0,0) ; (274,69,94)
(0,0,51) ; (110,70,94)
(0,135,0) ; (73,233,110)
(0,135,110) ; (73,233,220)
(371,148,0) ; (443,233,57)
(443,148,0) ; (489,233,52)
(489,148,0) ; (535,233,52)
(535,148,0) ; (587,233,71)
(443,148,52) ; (489,230,114)
(489,148,52) ; (535,230,114)
(371,148,57) ; (443,233,114)
(535,148,71) ; (587,190,114)
(535,190,71) ; (587,232,114)
(500,0,0) ; (587,73,97)
(500,73,0) ; (587,146,97)
(0,71,0) ; (44,135,79)
(44,71,0) ; (88,135,79)
(0,71,79) ; (87,103,138)
(0,103,79) ; (87,135,138)
(0,71,138) ; (87,132,175)
(73,136,0) ; (148,233,32)
(148,136,0) ; (191,233,75)
(73,136,32) ; (148,233,75)
(73,136,75) ; (121,231,125)
(121,136,75) ; (190,231,153)
(73,136,125) ; (121,231,175)
(121,136,153) ; (190,227,175)
(386,0,0) ; (500,55,39)
(386,55,0) ; (442,100,78)
(442,55,0) ; (498,100,78)
(386,100,0) ; (442,145,78)
(442,100,0) ; (498,145,78)
(386,0,39) ; (500,55,78)
(88,71,0) ; (176,136,78)
(88,71,78) ; (175,136,108)
(191,123,0) ; (279,231,22)
(279,123,0) ; (363,233,66)
(191,123,22) ; (279,231,44)
(191,123,44) ; (279,231,66)
(277,0,0) ; (386,58,54)
(277,0,54) ; (386,58,108)
(176,71,0) ; (294,121,88)
(306,58,0) ; (386,121,64)
(309,58,64) ; (386,119,96)
(191,175,66) ; (287,231,94)
(191,175,94) ; (287,231,122)
(191,175,122) ; (287,231,165)
(191,175,165) ; (283,231,218)
(287,161,66) ; (363,231,158)
(191,123,66) ; (276,175,112)
(191,123,112) ; (275,175,154)
(284,124,66) ; (363,161,112)
(284,124,112) ; (363,161,158)
(388,0,78) ; (498,98,111)
(396,99,78) ; (498,122,116)
(396,122,78) ; (498,145,116)
(176,71,88) ; (293,121,127)
(0,0,94) ; (33,67,145)
(33,0,94) ; (66,67,145)
(66,0,94) ; (119,65,189)
(119,0,94) ; (210,68,189)
(0,0,145) ; (66,67,189)
(210,0,94) ; (272,69,123)
(210,0,123) ; (272,69,152)
(311,58,96) ; (386,119,125)
(311,58,125) ; (386,119,154)
(500,0,97) ; (587,98,133)
(500,0,133) ; (585,98,176)
(505,98,97) ; (587,146,165)
(88,71,108) ; (131,136,165)
(131,71,108) ; (174,136,165)
(288,0,108) ; (386,57,192)
(288,0,192) ; (380,57,214)
(388,0,111) ; (498,62,144)
(399,62,111) ; (498,95,164)
(399,62,164) ; (498,95,217)
(516,149,114) ; (587,230,216)
(418,151,114) ; (516,230,152)
(418,151,152) ; (516,230,190)
(377,151,114) ; (418,230,188)
(397,105,116) ; (498,145,189)
(176,71,127) ; (263,121,202)
(263,71,127) ; (292,119,179)
(449,0,144) ; (498,62,179)
(449,0,179) ; (498,62,214)
(390,0,144) ; (449,57,214)
(210,0,152) ; (256,63,218)
(191,123,154) ; (239,175,183)
(314,58,154) ; (386,116,218)
(239,124,154) ; (272,175,207)
(287,177,158) ; (363,204,198)
(287,204,158) ; (363,231,198)
(286,129,158) ; (363,161,219)
(509,100,165) ; (587,146,219)
(88,71,165) ; (170,135,193)
(0,71,175) ; (83,111,220)
(73,145,175) ; (186,227,219)
(0,111,175) ; (81,132,209)
(502,0,176) ; (585,45,216)
(502,45,176) ; (582,68,216)
(502,68,176) ; (585,96,218)
(263,71,179) ; (288,113,199)
(191,125,183) ; (237,175,203)
(388,167,188) ; (418,230,218)
(0,0,189) ; (96,64,219)
(96,0,189) ; (166,64,220)
(166,0,189) ; (208,58,218)
(425,106,189) ; (498,145,217)
(421,157,190) ; (516,230,218)
(88,71,193) ; (164,111,220)
(88,113,193) ; (155,135,219)
(288,184,198) ; (363,231,220)
