0.091
66 6601
587 233 220
90
1 90 1  65 1  80 1 1
2 80 0  46 1  25 1 1
3 95 0  43 1  59 1 1
4 83 1  87 1  56 1 1
5 60 1  94 0  42 1 2
6 43 1  91 0  30 1 2
7 93 0  64 0  20 1 1
8 65 1  68 1  41 1 2
9 71 1  99 1  64 1 1
10 119 0  61 1  42 1 1
11 71 0  70 0  33 1 1
12 66 0  25 1  58 0 1
13 117 0  37 1  31 1 3
14 69 1  51 1  72 1 1
15 96 1  99 1  77 1 1
16 107 1  87 1  68 1 1
17 72 1  50 1  80 1 1
18 61 0  78 0  26 1 1
19 35 1  66 1  39 1 1
20 79 1  92 0  43 1 2
21 100 1  65 1  70 1 1
22 93 0  34 1  54 1 2
23 119 1  88 1  72 1 2
24 119 0  26 1  58 0 1
25 40 1  35 1  72 0 1
26 60 1  65 1  53 1 1
27 90 0  40 1  54 1 1
28 57 1  31 1  80 0 1
29 95 0  29 1  43 1 1
30 82 0  30 1  77 0 1
31 89 1  86 1  55 1 1
32 84 0  100 0  37 1 1
33 43 1  95 0  29 1 1
34 33 1  88 0  71 0 1
35 105 1  81 1  79 1 2
36 35 1  68 1  80 0 2
37 55 0  71 0  21 1 3
38 63 0  53 0  25 1 1
39 41 1  42 1  57 1 1
40 83 0  67 1  37 1 2
41 61 1  90 1  49 1 3
42 107 0  80 1  47 1 1
43 74 1  38 1  70 1 3
44 50 1  67 1  68 1 2
45 37 1  57 1  35 1 1
46 64 0  68 0  29 1 1
47 82 0  100 0  39 1 1
48 77 1  44 1  62 1 3
49 99 0  44 1  49 1 3
50 62 1  65 1  80 1 1
51 68 1  100 1  55 1 1
52 97 0  84 0  30 1 1
53 47 1  87 0  34 1 1
54 100 0  36 1  65 1 2
55 107 0  100 0  37 1 2
56 60 1  61 1  66 1 1
57 80 0  36 1  65 1 2
58 81 1  56 1  65 1 1
59 107 1  66 1  72 1 2
60 43 1  88 0  44 1 2
61 85 1  95 0  43 1 1
62 56 0  28 1  43 1 2
63 45 1  99 0  65 1 1
64 85 1  89 1  53 1 1
65 105 1  61 1  64 1 1
66 53 1  73 0  34 1 1
67 98 0  91 0  24 1 1
68 102 0  26 1  39 1 1
69 98 0  90 0  23 1 1
70 60 1  57 1  73 1 1
71 79 0  77 0  25 1 1
72 111 0  64 0  32 1 1
73 107 1  72 1  60 1 1
74 55 1  56 1  39 1 1
75 31 1  56 1  79 0 2
76 40 1  30 1  76 0 1
77 81 0  97 0  40 1 1
78 78 1  59 1  53 1 1
79 77 0  89 0  35 1 1
80 95 0  52 0  21 1 2
81 36 1  82 0  67 1 3
82 82 0  86 0  33 1 3
83 118 0  94 0  47 1 1
84 89 1  60 1  65 1 1
85 46 1  28 1  71 0 1
86 31 1  73 0  23 1 1
87 91 0  94 0  29 1 1
88 40 1  28 1  73 0 1
89 111 0  58 0  20 1 1
90 35 1  28 1  44 1 1
(83,87,155) ; (0,0,0)
(88,144,187) ; (499,0,0)
(158,81,170) ; (0,152,0)
(194,89,86) ; (393,144,0)
(82,65,124) ; (0,87,0)
(160,65,220) ; (83,0,0)
(107,144,66) ; (392,0,0)
(100,84,76) ; (83,65,0)
(108,82,114) ; (158,151,0)
(123,68,100) ; (270,165,0)
(147,61,90) ; (245,0,0)
(92,86,79) ; (183,65,0)
(117,101,74) ; (275,61,0)
(107,100,95) ; (392,0,66)
(99,44,98) ; (400,100,66)
(84,97,30) ; (305,61,74)
(29,95,43) ; (275,61,74)
(97,81,40) ; (83,65,76)
(91,86,30) ; (183,65,79)
(62,77,132) ; (525,152,86)
(37,83,134) ; (488,146,86)
(94,84,60) ; (394,145,86)
(72,60,107) ; (320,0,90)
(73,57,60) ; (245,0,90)
(61,66,60) ; (332,166,100)
(61,64,105) ; (271,168,100)
(82,56,56) ; (307,61,104)
(76,40,30) ; (313,118,104)
(89,85,53) ; (183,65,109)
(72,80,50) ; (158,151,114)
(35,80,68) ; (230,151,114)
(96,77,99) ; (83,65,116)
(28,73,40) ; (275,61,117)
(80,57,62) ; (0,95,124)
(72,40,35) ; (317,118,134)
(93,68,74) ; (395,161,146)
(72,51,69) ; (245,0,150)
(82,77,55) ; (0,0,155)
(28,71,46) ; (275,61,157)
(58,66,25) ; (335,166,160)
(78,53,59) ; (311,61,160)
(98,91,24) ; (398,0,161)
(89,77,35) ; (183,65,162)
(71,70,33) ; (158,161,164)
(90,40,54) ; (409,104,164)
(66,39,35) ; (323,119,169)
(99,44,49) ; (0,188,170)
(87,34,47) ; (0,154,170)
(53,73,34) ; (99,159,170)
(35,57,37) ; (230,174,182)
(94,91,29) ; (402,0,185)
(53,63,25) ; (340,169,185)
(79,56,31) ; (0,95,186)
(71,88,33) ; (508,0,187)
(80,46,25) ; (499,88,187)
(71,55,21) ; (158,176,197)
(71,55,21) ; (321,0,197)
(31,73,23) ; (183,65,197)
(55,71,21) ; (214,65,197)
