0.0814
33 3301
587 233 220
90
1 104 1  88 1  72 1 1
2 92 1  62 1  56 1 1
3 60 1  65 1  71 1 1
4 95 1  87 1  48 1 1
5 41 1  58 1  63 1 1
6 107 0  46 1  28 1 2
7 92 0  32 1  28 1 2
8 38 1  83 0  22 1 1
9 56 0  57 0  23 1 1
10 70 0  44 1  26 1 1
11 57 1  39 1  42 1 2
12 88 1  89 1  64 1 2
13 74 1  86 1  62 1 2
14 82 0  58 0  23 1 4
15 58 1  34 1  48 1 1
16 115 0  48 1  77 1 3
17 49 1  66 0  28 1 1
18 45 1  99 0  32 1 1
19 57 1  94 0  38 1 1
20 61 1  36 1  46 1 1
21 61 1  56 1  69 1 1
22 67 1  55 1  50 1 2
23 106 0  33 1  48 1 1
24 100 0  38 1  54 1 2
25 75 1  89 1  50 1 1
26 70 1  70 1  37 1 1
27 95 0  62 1  47 1 2
28 59 0  27 1  47 1 1
29 78 0  32 1  38 1 2
30 66 1  68 1  47 1 1
31 69 0  58 0  26 1 1
32 88 0  37 1  33 1 1
33 39 1  28 1  39 1 1
34 62 1  69 1  40 1 1
35 40 1  28 1  65 0 2
36 76 0  88 0  32 1 1
37 81 0  28 1  20 1 1
38 63 0  99 0  30 1 1
39 102 1  56 1  71 1 1
40 116 0  82 0  22 1 2
41 33 1  46 1  74 0 1
42 99 1  53 1  68 1 1
43 64 0  31 1  47 1 1
44 115 0  27 1  55 0 1
45 33 1  28 1  37 1 1
46 118 1  89 1  80 1 2
47 54 1  53 1  62 1 2
48 43 1  98 0  52 1 1
49 63 1  85 1  66 1 1
50 50 0  25 1  61 0 1
51 35 1  81 0  64 1 2
52 49 1  89 1  62 1 1
53 56 1  46 1  30 1 2
54 40 1  84 0  54 1 1
55 36 1  49 1  54 1 2
56 89 1  97 1  53 1 2
57 75 1  62 1  78 1 1
58 41 1  56 1  29 1 1
59 87 1  99 1  57 1 1
60 118 1  60 1  62 1 3
61 95 1  60 1  69 1 2
62 58 1  70 0  31 1 1
63 102 0  28 1  77 0 1
64 108 0  89 1  50 1 1
65 73 0  68 0  30 1 1
66 97 1  78 1  64 1 2
67 98 0  89 0  43 1 1
68 37 1  45 1  30 1 1
69 92 0  80 0  34 1 1
70 117 0  90 1  51 1 2
71 52 0  40 1  21 1 1
72 99 1  75 1  59 1 2
73 56 1  39 1  34 1 1
74 100 0  31 1  35 1 1
75 82 0  68 0  34 1 2
76 113 0  78 1  49 1 1
77 44 0  65 0  22 1 2
78 119 0  59 1  54 1 1
79 58 1  71 1  60 1 1
80 61 0  71 0  22 1 1
81 56 1  59 1  48 1 2
82 103 0  48 1  58 1 2
83 93 0  69 1  37 1 3
84 53 1  99 1  55 1 1
85 47 1  47 1  29 1 1
86 45 1  72 1  52 1 1
87 68 1  35 1  35 1 2
88 109 0  49 1  41 1 2
89 103 1  85 1  77 1 1
90 55 1  50 1  61 1 1
(0,0,0) ; (72,104,88)
(0,0,88) ; (71,102,144)
(407,0,0) ; (467,62,118)
(467,0,0) ; (527,62,118)
(527,0,0) ; (587,62,118)
(407,62,0) ; (496,142,118)
(496,62,0) ; (585,142,118)
(0,169,0) ; (78,233,97)
(0,169,97) ; (78,233,194)
(0,169,194) ; (71,230,216)
(479,144,0) ; (587,233,50)
(479,144,50) ; (532,233,147)
(532,144,50) ; (585,233,147)
(0,105,0) ; (88,169,89)
(0,105,89) ; (88,169,178)
(0,105,178) ; (78,137,216)
(0,137,178) ; (78,169,216)
(72,0,0) ; (175,48,58)
(72,48,0) ; (175,96,58)
(175,0,0) ; (244,95,60)
(72,0,58) ; (128,92,120)
(128,0,58) ; (175,95,120)
(175,0,60) ; (244,95,120)
(72,0,120) ; (179,46,148)
(72,46,120) ; (179,92,148)
(179,0,120) ; (211,92,148)
(211,0,120) ; (243,92,148)
(78,171,0) ; (152,233,86)
(78,171,86) ; (152,233,172)
(78,171,172) ; (147,233,212)
(362,143,0) ; (479,233,51)
(362,143,51) ; (479,233,102)
(88,96,0) ; (187,171,59)
(88,96,59) ; (187,171,118)
(152,185,0) ; (267,233,77)
(152,185,77) ; (267,233,154)
(152,185,154) ; (208,233,213)
(208,185,154) ; (264,233,213)
(304,0,0) ; (407,77,85)
(304,0,85) ; (404,38,139)
(304,38,85) ; (404,76,139)
(269,196,0) ; (362,233,69)
(269,196,69) ; (362,233,138)
(269,196,138) ; (362,233,207)
(187,98,0) ; (244,185,99)
(244,0,0) ; (304,71,58)
(244,0,58) ; (304,71,123)
(244,0,123) ; (302,70,154)
(344,77,0) ; (407,143,85)
(300,147,0) ; (362,196,89)
(244,72,0) ; (293,185,78)
(244,72,78) ; (293,181,119)
(294,77,0) ; (344,144,55)
(294,77,55) ; (344,144,110)
(344,77,85) ; (407,135,126)
(308,147,89) ; (362,196,125)
(308,147,125) ; (362,196,161)
(187,98,99) ; (235,185,194)
(363,151,102) ; (421,233,125)
(421,151,102) ; (479,233,125)
(363,151,125) ; (479,233,147)
(363,151,147) ; (421,233,170)
(421,151,147) ; (479,233,170)
(294,77,110) ; (344,138,135)
(462,0,118) ; (530,53,217)
(530,0,118) ; (585,53,217)
(466,53,118) ; (585,107,177)
(423,107,118) ; (504,142,182)
(504,107,118) ; (585,142,182)
(408,0,118) ; (462,53,180)
(408,53,118) ; (462,106,180)
(408,0,180) ; (462,84,220)
(408,84,180) ; (460,105,220)
(88,124,118) ; (154,171,186)
(88,124,186) ; (152,171,217)
(88,96,118) ; (154,124,167)
(154,97,118) ; (187,171,164)
(244,72,119) ; (293,181,160)
(346,77,126) ; (407,133,195)
(346,77,195) ; (403,133,218)
(294,77,135) ; (344,138,190)
(342,0,139) ; (404,75,217)
(305,0,139) ; (342,70,209)
(0,0,144) ; (39,57,186)
(0,0,186) ; (39,56,220)
(39,0,144) ; (70,100,179)
(0,57,144) ; (39,99,201)
(487,144,147) ; (585,233,190)
(72,0,148) ; (188,82,170)
(188,0,148) ; (240,45,220)
(188,45,148) ; (235,92,177)
(244,0,154) ; (302,69,180)
(244,75,160) ; (292,181,193)
(328,148,161) ; (362,196,219)
(154,125,164) ; (184,171,220)
(154,97,164) ; (187,125,201)
(88,96,167) ; (147,123,214)
(72,0,170) ; (161,75,220)
(364,156,170) ; (479,233,218)
(161,0,170) ; (187,70,214)
(487,53,177) ; (585,105,220)
(188,45,177) ; (233,75,214)
(39,0,179) ; (68,56,220)
(39,56,179) ; (67,95,218)
(244,0,180) ; (272,65,220)
(272,0,180) ; (300,65,220)
(497,109,182) ; (585,142,219)
(429,107,182) ; (497,142,217)
(517,160,190) ; (585,233,220)
(489,152,190) ; (517,233,210)
(298,77,190) ; (344,133,220)
(244,98,193) ; (282,181,215)
(187,120,194) ; (231,185,216)
