0.0887
53 5301
587 233 220
90
1 110 1  57 1  77 1 1
2 89 0  45 1  39 1 1
3 107 0  55 1  28 1 1
4 97 0  31 1  48 1 1
5 94 1  65 1  71 1 3
6 114 1  84 1  64 1 1
7 116 0  34 1  43 1 1
8 62 1  90 1  53 1 2
9 60 1  79 1  68 1 2
10 116 0  39 1  58 1 2
11 113 0  30 1  80 0 2
12 72 1  93 1  64 1 1
13 114 0  88 1  55 1 2
14 71 1  92 1  65 1 3
15 114 0  81 0  34 1 2
16 30 1  56 1  29 1 1
17 37 1  97 0  59 1 1
18 39 1  41 1  27 1 1
19 100 1  63 1  77 1 1
20 41 1  74 1  69 1 2
21 54 1  75 1  41 1 1
22 56 0  96 0  21 1 1
23 40 1  37 1  57 1 1
24 56 0  90 0  26 1 1
25 44 1  81 1  69 1 1
26 75 0  52 1  37 1 2
27 89 0  39 1  32 1 1
28 35 1  84 0  60 1 2
29 54 1  39 1  52 1 1
30 95 1  75 1  52 1 1
31 96 0  70 1  47 1 1
32 85 0  90 0  35 1 1
33 46 1  79 0  34 1 1
34 56 1  34 1  55 1 1
35 93 1  87 1  61 1 1
36 55 1  65 1  49 1 1
37 118 1  88 1  61 1 1
38 95 0  45 1  60 1 1
39 109 1  79 1  79 1 1
40 62 1  91 1  47 1 1
41 59 1  95 1  65 1 1
42 73 1  37 1  70 1 1
43 37 1  77 0  47 1 1
44 71 0  51 1  33 1 1
45 89 0  41 1  72 1 1
46 84 0  28 1  57 0 1
47 112 0  43 1  60 1 1
48 51 1  38 1  63 1 1
49 39 1  45 1  72 1 1
50 109 0  70 0  24 1 2
51 109 0  43 1  32 1 2
52 99 1  90 1  51 1 3
53 31 1  53 1  29 1 1
54 62 1  53 1  63 1 1
55 72 1  47 1  38 1 1
56 39 1  31 1  66 0 2
57 99 0  65 1  44 1 1
58 92 0  87 0  43 1 1
59 114 0  64 1  46 1 1
60 46 1  43 1  24 1 1
61 113 1  57 1  72 1 2
62 56 1  92 0  33 1 2
63 75 1  93 1  49 1 1
64 94 0  39 1  73 1 1
65 86 1  75 1  79 1 1
66 40 1  83 0  49 1 1
67 109 1  87 1  75 1 1
68 34 1  90 0  74 0 1
69 62 0  37 1  29 1 1
70 90 1  57 1  57 1 1
71 59 1  96 1  66 1 2
72 107 0  58 1  42 1 1
73 41 1  46 1  33 1 1
74 50 1  37 1  72 1 1
75 101 0  73 1  48 1 1
76 108 0  50 1  76 1 1
77 89 1  75 1  67 1 1
78 88 1  62 1  67 1 1
79 35 1  84 0  57 1 1
80 31 1  41 1  31 1 1
81 118 0  38 1  56 1 1
82 102 0  35 1  21 1 2
83 106 0  35 1  22 1 1
84 95 1  84 1  70 1 1
85 100 0  56 0  23 1 2
86 35 1  35 1  23 1 1
87 92 1  74 1  55 1 1
88 30 1  46 1  25 1 1
89 109 0  29 1  76 0 2
90 87 1  64 1  53 1 1
(186,71,195) ; (0,0,0)
(91,161,153) ; (0,72,0)
(114,113,160) ; (473,0,0)
(96,118,66) ; (491,115,0)
(211,88,96) ; (91,145,0)
(188,87,75) ; (303,146,0)
(112,142,76) ; (361,0,0)
(82,74,69) ; (91,71,0)
(174,81,68) ; (186,0,0)
(72,64,93) ; (173,81,0)
(114,64,46) ; (247,81,0)
(114,64,84) ; (247,81,46)
(39,116,116) ; (548,117,66)
(56,118,38) ; (492,115,66)
(109,79,108) ; (186,0,68)
(63,77,100) ; (297,0,68)
(79,68,60) ; (91,71,69)
(94,39,145) ; (397,193,75)
(95,45,60) ; (396,148,75)
(75,37,102) ; (322,195,75)
(93,49,75) ; (303,146,75)
(101,48,73) ; (368,0,76)
(107,93,42) ; (362,48,76)
(67,62,127) ; (173,81,93)
(110,77,57) ; (91,152,96)
(95,84,70) ; (201,145,96)
(55,65,49) ; (493,168,104)
(54,52,39) ; (494,116,104)
(100,56,23) ; (364,48,118)
(97,37,59) ; (367,104,118)
(75,67,89) ; (91,71,129)
(57,57,90) ; (304,81,130)
(53,64,87) ; (247,81,130)
(89,45,39) ; (402,148,135)
(100,56,23) ; (364,48,141)
(54,41,75) ; (494,127,143)
(96,47,70) ; (373,0,149)
(81,44,69) ; (315,151,150)
(59,95,65) ; (0,138,153)
(53,63,62) ; (495,170,153)
(31,97,48) ; (59,136,153)
(84,57,63) ; (0,72,153)
(109,76,29) ; (91,153,153)
(113,80,60) ; (474,0,160)
(107,28,55) ; (480,80,160)
(96,56,21) ; (368,48,164)
(95,75,52) ; (201,154,166)
(63,38,51) ; (297,0,168)
(62,37,29) ; (298,38,168)
(79,34,46) ; (412,159,174)
(99,65,44) ; (186,0,176)
(56,29,30) ; (338,203,177)
(57,37,40) ; (407,104,177)
(31,31,41) ; (376,110,177)
(39,89,32) ; (548,144,182)
(35,23,35) ; (552,121,182)
(51,71,33) ; (91,158,182)
(52,75,37) ; (142,154,182)
(56,55,34) ; (408,48,185)
(31,53,29) ; (377,48,185)
(109,70,24) ; (0,0,195)
(30,46,25) ; (109,0,195)
(46,43,24) ; (139,0,195)
