0.0976
42 4201
587 233 220
90
1 92 0  96 0  30 1 1
2 104 0  83 0  38 1 2
3 66 0  27 1  42 1 1
4 69 1  82 0  39 1 2
5 100 0  57 0  20 1 2
6 34 1  87 0  55 1 1
7 76 0  49 1  28 1 1
8 104 0  45 1  46 1 1
9 116 0  37 1  73 1 2
10 52 1  84 1  45 1 1
11 80 0  32 1  52 1 2
12 107 0  55 1  49 1 1
13 49 1  79 1  48 1 1
14 84 1  96 1  52 1 2
15 84 1  55 1  58 1 1
16 98 1  64 1  59 1 2
17 109 0  36 1  61 1 2
18 34 1  70 0  47 1 1
19 104 1  54 1  79 1 1
20 103 0  70 1  37 1 1
21 87 0  91 0  33 1 2
22 58 1  65 1  77 1 1
23 74 1  55 1  73 1 1
24 117 0  36 1  51 1 1
25 114 0  53 0  23 1 1
26 97 1  61 1  50 1 1
27 71 1  57 1  57 1 2
28 63 0  33 1  23 1 1
29 74 1  76 1  39 1 1
30 106 0  87 0  37 1 4
31 84 0  38 1  40 1 3
32 35 1  45 1  64 1 2
33 86 1  61 1  64 1 1
34 55 1  74 1  68 1 1
35 72 0  64 0  32 1 1
36 81 0  95 0  24 1 1
37 47 1  62 1  72 1 2
38 92 1  65 1  69 1 1
39 87 0  79 1  41 1 2
40 64 1  86 0  43 1 1
41 46 1  85 0  37 1 1
42 100 0  38 1  59 1 1
43 66 1  52 1  75 1 1
44 71 0  29 1  53 1 3
45 117 0  72 0  28 1 1
46 91 0  60 1  36 1 2
47 63 1  32 1  61 1 1
48 75 1  90 1  80 1 1
49 40 1  52 1  61 1 1
50 33 1  39 1  67 0 3
51 89 0  38 1  55 1 1
52 46 1  98 0  37 1 1
53 62 1  64 1  72 1 2
54 52 0  26 1  32 1 1
55 30 1  88 0  70 0 1
56 117 1  82 1  67 1 2
57 33 1  87 0  56 1 2
58 39 1  33 1  73 0 1
59 40 1  62 1  62 1 1
60 81 1  91 1  46 1 1
61 109 0  62 1  43 1 1
62 34 1  65 1  71 0 1
63 97 0  27 1  56 0 1
64 98 0  93 0  45 1 1
65 62 0  84 0  20 1 2
66 31 1  99 0  62 0 1
67 74 0  28 1  53 1 1
68 63 0  30 1  44 1 1
69 77 0  39 1  27 1 2
70 119 0  95 0  21 1 2
71 96 0  31 1  53 1 1
72 114 1  75 1  79 1 1
73 117 0  28 1  79 0 1
74 85 1  69 1  47 1 2
75 78 1  50 1  77 1 1
76 92 1  51 1  57 1 1
77 96 0  30 1  65 0 1
78 88 1  72 1  80 1 2
79 113 0  88 0  44 1 1
80 91 1  47 1  57 1 2
81 78 1  70 1  46 1 1
82 42 1  62 1  44 1 1
83 109 0  53 1  72 1 1
84 36 1  82 0  60 1 1
85 120 0  73 0  20 1 1
86 49 1  91 1  69 1 2
87 111 1  73 1  69 1 1
88 109 1  64 1  57 1 2
89 70 0  90 0  27 1 2
90 95 0  35 1  22 1 1
(0,0,0) ; (82,117,67)
(0,0,67) ; (82,117,134)
(0,0,134) ; (79,117,162)
(481,0,0) ; (587,87,37)
(481,0,37) ; (587,87,74)
(481,0,74) ; (587,87,111)
(481,0,111) ; (587,87,148)
(481,0,148) ; (542,86,212)
(542,0,148) ; (585,86,212)
(507,89,0) ; (587,161,88)
(507,161,0) ; (587,233,88)
(507,89,88) ; (584,128,115)
(507,128,88) ; (586,232,142)
(507,89,115) ; (584,128,142)
(0,119,0) ; (92,184,69)
(0,184,0) ; (91,233,69)
(0,119,69) ; (91,176,116)
(0,176,69) ; (91,233,116)
(0,119,116) ; (88,232,160)
(378,169,0) ; (450,233,62)
(450,169,0) ; (507,233,109)
(378,169,62) ; (450,233,124)
(450,169,109) ; (507,233,218)
(378,169,124) ; (450,231,171)
(378,169,171) ; (450,231,218)
(82,0,0) ; (155,116,37)
(82,0,37) ; (155,116,74)
(82,0,74) ; (153,57,131)
(82,57,74) ; (153,114,131)
(92,119,0) ; (167,233,79)
(92,119,79) ; (166,195,118)
(92,195,79) ; (165,228,118)
(308,0,0) ; (360,84,96)
(360,0,0) ; (412,84,96)
(412,0,0) ; (481,85,47)
(412,0,47) ; (481,85,94)
(412,0,94) ; (481,82,133)
(308,0,96) ; (412,83,134)
(412,0,133) ; (481,82,172)
(308,0,134) ; (412,83,172)
(416,88,0) ; (507,169,46)
(416,88,46) ; (506,168,121)
(155,0,0) ; (253,59,64)
(155,0,64) ; (253,59,128)
(167,160,0) ; (276,196,61)
(167,196,0) ; (276,232,61)
(167,160,61) ; (278,233,130)
(167,160,130) ; (276,232,183)
(280,140,0) ; (378,233,45)
(280,140,45) ; (376,232,75)
(155,59,0) ; (255,118,38)
(155,59,38) ; (255,116,58)
(155,59,58) ; (255,116,78)
(378,85,0) ; (416,169,40)
(378,85,40) ; (416,169,80)
(378,85,80) ; (416,169,120)
(167,119,0) ; (254,160,79)
(253,0,0) ; (308,58,84)
(304,85,0) ; (378,140,73)
(304,85,73) ; (378,140,141)
(304,85,141) ; (378,138,169)
(255,58,0) ; (304,137,48)
(255,58,48) ; (304,134,76)
(321,143,75) ; (376,232,113)
(321,143,113) ; (376,230,147)
(285,141,75) ; (321,232,135)
(255,58,76) ; (301,128,154)
(255,58,154) ; (300,93,218)
(255,93,154) ; (300,128,218)
(155,59,78) ; (251,112,109)
(167,119,79) ; (254,160,158)
(253,0,84) ; (304,57,176)
(155,59,109) ; (239,111,154)
(92,122,118) ; (163,175,147)
(92,175,118) ; (163,228,147)
(380,87,120) ; (416,169,180)
(416,98,121) ; (506,168,148)
(416,98,148) ; (504,168,178)
(155,0,128) ; (252,56,155)
(82,0,131) ; (143,52,171)
(82,52,131) ; (144,114,171)
(285,141,135) ; (321,232,195)
(507,182,142) ; (584,232,220)
(507,124,142) ; (584,182,207)
(513,89,142) ; (584,123,207)
(92,125,147) ; (162,228,184)
(324,155,147) ; (376,230,213)
(155,59,154) ; (235,111,186)
(155,59,186) ; (235,111,218)
(155,0,155) ; (252,50,216)
(167,128,158) ; (230,160,219)
(0,120,160) ; (87,176,193)
(0,176,160) ; (87,232,193)
(0,0,162) ; (72,117,190)
(312,85,169) ; (378,127,196)
(82,0,171) ; (137,107,220)
(377,0,172) ; (481,45,218)
(411,45,172) ; (481,79,219)
(315,0,172) ; (377,42,216)
(313,45,172) ; (411,82,218)
(253,0,176) ; (279,52,208)
(420,106,178) ; (504,168,198)
(420,106,198) ; (504,168,218)
(383,102,180) ; (416,169,219)
(167,160,183) ; (231,232,215)
(231,165,183) ; (270,232,216)
(92,129,184) ; (154,228,215)
(0,0,190) ; (71,53,219)
(0,53,190) ; (44,116,220)
(0,137,193) ; (81,232,217)
(288,169,195) ; (321,232,218)
