0.0869
73 7301
587 233 220
90
1 68 1  60 1  37 1 1
2 98 0  75 0  26 1 2
3 80 0  36 1  50 1 2
4 75 1  91 1  54 1 1
5 91 1  59 1  79 1 2
6 104 0  43 1  71 1 1
7 87 0  89 0  24 1 2
8 41 1  33 1  75 0 2
9 93 0  63 1  32 1 1
10 79 0  95 0  37 1 1
11 109 1  89 1  72 1 2
12 49 1  86 1  56 1 1
13 104 0  91 0  44 1 1
14 90 0  29 1  40 1 3
15 115 0  52 1  66 1 1
16 34 1  96 0  47 1 1
17 99 1  98 1  79 1 2
18 39 1  34 1  20 1 1
19 82 1  91 1  76 1 2
20 58 1  35 1  48 1 2
21 75 0  29 1  24 1 1
22 61 1  45 1  74 1 1
23 109 0  25 1  59 0 2
24 55 1  89 1  78 1 2
25 85 0  46 1  39 1 1
26 49 1  48 1  60 1 1
27 120 0  48 1  50 1 1
28 53 1  97 1  68 1 2
29 91 0  31 1  46 1 1
30 39 1  54 1  50 1 1
31 55 1  78 1  56 1 3
32 70 1  80 1  79 1 1
33 78 0  33 1  68 0 2
34 77 1  41 1  52 1 1
35 74 0  34 1  68 0 1
36 76 0  30 1  53 1 2
37 85 1  79 1  58 1 1
38 102 0  33 1  29 1 2
39 103 1  54 1  80 1 1
40 112 0  43 1  43 1 1
41 89 1  71 1  59 1 1
42 74 1  82 1  59 1 1
43 51 0  45 0  21 1 1
44 55 1  43 1  30 1 1
45 111 0  96 0  45 1 1
46 68 1  96 1  51 1 2
47 93 1  53 1  79 1 1
48 109 1  100 1  66 1 1
49 89 1  51 1  72 1 2
50 48 1  32 1  37 1 1
51 107 0  68 1  46 1 2
52 54 0  27 1  48 1 1
53 103 0  50 1  33 1 1
54 60 1  33 1  43 1 1
55 58 1  99 1  77 1 1
56 44 1  75 0  33 1 1
57 91 1  59 1  74 1 2
58 33 1  91 0  51 1 1
59 112 0  31 1  73 0 2
60 81 1  97 0  47 1 2
61 38 1  47 1  65 1 2
62 64 1  70 1  41 1 1
63 106 0  25 1  36 1 2
64 86 0  56 1  38 1 1
65 51 0  43 0  20 1 3
66 81 0  71 0  29 1 1
67 112 0  85 0  41 1 1
68 91 0  63 0  31 1 1
69 70 1  46 1  73 1 2
70 69 1  46 1  45 1 1
71 79 0  37 1  28 1 1
72 31 1  50 1  67 0 1
73 61 1  98 1  77 1 1
74 61 1  48 1  65 1 1
75 57 1  72 0  35 1 2
76 39 1  45 1  79 0 1
77 64 1  38 1  41 1 1
78 48 1  79 1  47 1 1
79 35 1  64 0  20 1 1
80 82 1  62 1  72 1 1
81 118 0  98 0  43 1 1
82 55 1  93 1  79 1 1
83 44 1  35 1  30 1 1
84 84 0  25 1  29 1 2
85 115 0  27 1  42 1 1
86 74 1  100 1  65 1 1
87 119 0  65 1  54 1 1
88 92 1  48 1  59 1 2
89 34 1  72 0  54 1 1
90 44 1  35 1  33 1 1
(306,59,116) ; (0,0,0)
(99,79,217) ; (0,154,0)
(199,160,89) ; (388,73,0)
(80,72,129) ; (507,0,0)
(108,93,147) ; (0,59,0)
(194,73,62) ; (313,0,0)
(91,76,218) ; (99,157,0)
(104,97,180) ; (108,59,0)
(92,75,152) ; (190,158,0)
(102,66,138) ; (286,167,0)
(97,94,140) ; (291,73,0)
(79,99,124) ; (212,59,0)
(59,71,89) ; (448,0,62)
(78,68,100) ; (370,0,62)
(57,72,104) ; (313,0,62)
(56,156,55) ; (531,73,89)
(141,118,43) ; (390,111,89)
(47,38,65) ; (484,73,89)
(96,35,58) ; (388,73,89)
(85,58,79) ; (0,0,116)
(86,56,49) ; (85,0,116)
(80,54,103) ; (171,0,116)
(50,54,39) ; (251,0,116)
(75,98,26) ; (212,59,124)
(38,65,88) ; (549,0,129)
(41,70,64) ; (508,0,129)
(90,87,88) ; (441,136,132)
(106,25,36) ; (425,111,132)
(47,79,87) ; (394,144,132)
(35,33,44) ; (390,111,132)
(100,65,74) ; (286,168,138)
(95,79,37) ; (292,86,140)
(53,152,30) ; (534,77,144)
(104,43,71) ; (0,59,147)
(61,48,65) ; (0,103,147)
(46,45,69) ; (61,106,147)
(93,32,63) ; (391,73,147)
(47,96,34) ; (212,59,150)
(28,79,37) ; (259,59,150)
(37,60,68) ; (470,0,151)
(20,64,35) ; (450,0,151)
(91,63,31) ; (190,168,152)
(43,33,60) ; (488,73,154)
(49,48,60) ; (251,0,155)
(74,61,45) ; (370,0,162)
(78,56,55) ; (85,0,165)
(54,27,48) ; (313,0,166)
(51,45,21) ; (316,27,166)
(106,25,36) ; (425,111,168)
(50,103,33) ; (537,126,174)
(51,43,20) ; (536,77,174)
(35,30,44) ; (390,114,176)
(52,77,41) ; (335,88,177)
(30,55,43) ; (305,110,177)
(39,20,34) ; (296,86,177)
(46,85,39) ; (108,59,180)
(56,86,38) ; (154,59,180)
(91,51,33) ; (190,180,183)
(46,91,31) ; (212,59,184)
(48,37,32) ; (319,27,187)
(24,75,29) ; (259,59,187)
(51,43,20) ; (536,77,194)
(43,51,20) ; (0,0,195)
