0.0905
81 8101
587 233 220
90
1 32 1  25 1  62 0 2
2 72 1  96 1  68 1 1
3 36 1  72 0  65 1 2
4 94 0  59 0  29 1 2
5 96 0  25 1  25 1 2
6 31 1  77 0  39 1 1
7 93 0  66 1  37 1 1
8 77 1  62 1  46 1 2
9 80 0  38 1  20 1 1
10 65 1  93 1  57 1 2
11 83 0  55 0  22 1 1
12 30 1  96 0  28 1 3
13 82 1  81 1  75 1 1
14 109 0  92 0  24 1 1
15 60 1  39 1  45 1 1
16 45 1  88 1  53 1 1
17 58 1  44 1  51 1 1
18 76 1  51 1  69 1 1
19 42 1  81 1  75 1 2
20 59 0  80 0  26 1 2
21 52 1  27 1  67 0 1
22 91 0  66 0  22 1 2
23 57 1  76 1  51 1 3
24 53 1  71 1  53 1 2
25 39 1  60 1  55 1 1
26 60 1  65 1  69 1 1
27 73 0  26 1  66 0 1
28 113 0  35 1  39 1 1
29 50 1  29 1  54 1 3
30 117 0  83 1  56 1 1
31 54 1  82 0  28 1 2
32 45 1  27 1  71 0 2
33 41 1  64 1  54 1 1
34 66 0  30 1  23 1 2
35 38 1  35 1  51 1 2
36 78 1  78 1  78 1 1
37 59 1  92 1  69 1 1
38 100 0  86 0  41 1 1
39 64 1  70 1  78 1 1
40 57 1  41 1  62 1 1
41 40 1  66 0  32 1 1
42 103 0  41 1  49 1 2
43 119 0  51 1  64 1 2
44 65 1  94 1  68 1 1
45 112 1  69 1  69 1 1
46 108 0  82 0  33 1 1
47 31 1  61 1  54 1 1
48 56 1  40 1  44 1 1
49 46 1  61 1  51 1 2
50 67 1  74 1  73 1 1
51 112 0  28 1  57 0 1
52 112 0  47 1  49 1 1
53 90 1  51 1  53 1 2
54 92 0  92 0  41 1 1
55 33 1  48 1  46 1 1
56 83 1  62 1  46 1 1
57 38 1  98 0  26 1 2
58 84 0  82 0  39 1 2
59 50 1  40 1  43 1 2
60 30 1  69 0  69 0 2
61 90 0  58 1  39 1 1
62 74 1  82 1  76 1 1
63 34 1  83 0  53 1 3
64 90 1  99 1  67 1 3
65 58 1  77 1  62 1 3
66 111 1  87 1  67 1 1
67 42 1  61 0  24 1 1
68 62 1  34 1  41 1 2
69 59 1  57 1  80 1 1
70 68 1  50 1  79 1 1
71 78 1  77 1  78 1 2
72 101 0  29 1  31 1 2
73 119 0  72 0  30 1 1
74 56 1  98 1  58 1 1
75 38 1  100 0  40 1 2
76 56 1  47 1  31 1 2
77 114 0  87 0  42 1 1
78 32 1  62 1  47 1 2
79 71 1  45 1  73 1 1
80 65 0  30 1  30 1 1
81 53 1  50 1  34 1 1
82 116 1  63 1  64 1 3
83 80 0  77 0  25 1 2
84 44 1  56 1  73 1 2
85 86 1  53 1  48 1 4
86 101 0  45 1  38 1 3
87 70 1  71 1  67 1 1
88 90 0  51 0  22 1 2
89 89 0  43 1  48 1 2
90 87 0  94 0  43 1 1
(0,0,0) ; (46,77,62)
(46,0,0) ; (104,77,62)
(104,0,0) ; (162,77,62)
(162,0,0) ; (213,38,35)
(162,38,0) ; (213,76,35)
(162,0,35) ; (213,76,104)
(0,0,62) ; (81,75,104)
(81,0,62) ; (162,75,104)
(0,169,0) ; (116,233,63)
(0,169,63) ; (116,233,126)
(0,169,126) ; (116,233,189)
(0,169,189) ; (112,226,217)
(488,0,0) ; (584,28,30)
(488,28,0) ; (587,95,90)
(488,95,0) ; (587,162,90)
(488,162,0) ; (587,229,90)
(488,0,30) ; (584,28,60)
(488,0,60) ; (584,28,90)
(0,77,0) ; (69,169,59)
(0,77,59) ; (66,100,89)
(0,100,59) ; (69,169,89)
(0,77,89) ; (66,100,119)
(0,100,89) ; (69,169,119)
(410,0,0) ; (488,78,78)
(410,78,0) ; (488,155,78)
(410,155,0) ; (488,232,78)
(116,180,0) ; (164,233,86)
(164,180,0) ; (212,233,86)
(116,180,86) ; (164,233,172)
(164,180,86) ; (212,233,172)
(116,180,172) ; (204,233,217)
(69,79,0) ; (120,169,22)
(120,79,0) ; (171,169,22)
(69,79,22) ; (120,169,75)
(120,79,22) ; (171,169,75)
(69,79,75) ; (170,124,113)
(69,124,75) ; (170,169,113)
(282,0,0) ; (346,119,51)
(346,0,0) ; (410,119,51)
(282,0,51) ; (326,40,107)
(282,40,51) ; (326,113,107)
(326,0,51) ; (409,117,107)
(323,119,0) ; (410,233,42)
(323,119,42) ; (410,230,109)
(212,171,0) ; (258,233,77)
(212,171,77) ; (258,232,128)
(212,171,128) ; (258,232,179)
(212,171,179) ; (257,231,218)
(213,0,0) ; (281,96,72)
(213,0,72) ; (281,94,137)
(171,77,0) ; (212,180,49)
(171,77,49) ; (212,180,98)
(258,119,0) ; (323,176,93)
(258,176,0) ; (323,233,93)
(212,98,0) ; (257,171,71)
(212,98,71) ; (257,169,98)
(412,0,78) ; (488,51,135)
(412,51,78) ; (488,102,135)
(412,102,78) ; (488,153,135)
(414,156,78) ; (488,232,160)
(488,0,90) ; (536,89,133)
(536,0,90) ; (584,89,133)
(488,89,90) ; (582,176,133)
(501,176,90) ; (584,229,124)
(258,161,93) ; (323,233,129)
(258,161,129) ; (323,233,165)
(258,161,165) ; (320,186,197)
(258,186,165) ; (320,233,197)
(258,120,93) ; (320,161,150)
(258,120,150) ; (320,161,184)
(258,120,184) ; (320,161,218)
(171,80,98) ; (211,180,136)
(171,80,136) ; (211,180,174)
(171,80,174) ; (209,178,200)
(212,98,98) ; (257,169,125)
(0,0,104) ; (69,69,216)
(69,0,104) ; (142,74,171)
(142,0,104) ; (212,71,171)
(329,0,107) ; (409,59,133)
(329,0,133) ; (409,59,159)
(329,0,159) ; (409,59,216)
(329,59,107) ; (369,109,150)
(369,59,107) ; (409,109,150)
(329,59,150) ; (408,109,218)
(282,0,107) ; (329,56,138)
(282,56,107) ; (329,112,138)
(282,0,138) ; (329,112,187)
(328,122,109) ; (410,176,137)
(328,176,109) ; (410,230,137)
(328,122,137) ; (410,230,170)
(69,83,113) ; (169,169,154)
(0,113,119) ; (58,169,217)
(0,77,119) ; (54,106,169)
(0,77,169) ; (54,106,219)
(501,176,124) ; (584,229,158)
(212,113,125) ; (256,169,198)
(488,0,133) ; (582,59,162)
(488,59,133) ; (582,118,162)
(499,121,133) ; (582,176,155)
(413,0,135) ; (488,81,217)
(424,83,135) ; (488,153,213)
(213,0,137) ; (279,93,174)
(213,0,174) ; (279,91,196)
(213,0,196) ; (279,91,218)
(69,128,154) ; (123,169,218)
(69,83,154) ; (120,127,212)
(123,86,154) ; (169,169,216)
(532,122,155) ; (582,176,184)
(532,122,184) ; (582,175,218)
(501,122,155) ; (532,176,216)
(501,176,158) ; (584,229,192)
(419,167,160) ; (488,232,220)
(520,0,162) ; (582,77,220)
(489,0,162) ; (520,101,191)
(489,0,191) ; (520,101,220)
(522,77,162) ; (582,116,217)
(330,153,170) ; (410,230,195)
(330,153,195) ; (410,230,220)
(333,122,170) ; (410,153,209)
(69,0,171) ; (167,26,209)
(69,26,171) ; (170,71,209)
(170,0,171) ; (210,66,203)
(282,0,187) ; (329,62,219)
(283,62,187) ; (329,110,220)
(517,177,192) ; (584,229,219)
(171,98,200) ; (209,178,220)
