0.0942
3 301
587 233 220
90
1 45 1  55 1  60 1 1
2 110 0  38 1  64 1 1
3 87 1  52 1  71 1 1
4 98 0  55 0  25 1 2
5 78 1  56 1  49 1 1
6 104 0  70 1  52 1 1
7 69 1  69 1  52 1 1
8 117 0  39 1  64 1 1
9 69 1  72 1  79 1 2
10 45 1  27 1  49 1 1
11 48 0  29 1  24 1 1
12 104 0  54 0  27 1 1
13 101 0  72 0  36 1 1
14 72 1  81 1  75 1 1
15 113 0  61 0  24 1 1
16 81 0  38 1  54 1 1
17 57 1  52 1  54 1 2
18 93 1  99 1  78 1 1
19 120 0  53 1  58 1 1
20 31 1  45 1  30 1 1
21 81 1  90 1  73 1 2
22 39 1  94 0  51 1 1
23 58 1  32 1  73 0 2
24 82 0  75 0  36 1 1
25 98 1  90 1  52 1 1
26 47 1  68 1  52 1 1
27 57 1  99 0  34 1 1
28 89 1  67 1  47 1 3
29 38 1  32 1  35 1 1
30 33 1  47 1  47 1 1
31 60 1  70 1  47 1 1
32 80 1  86 1  71 1 2
33 101 0  94 1  49 1 2
34 34 1  45 1  30 1 1
35 55 1  78 1  80 1 1
36 68 1  39 1  50 1 1
37 110 0  83 0  28 1 3
38 91 1  86 1  54 1 1
39 98 0  34 1  48 1 1
40 97 0  34 1  71 0 1
41 86 0  88 0  34 1 1
42 100 1  81 1  61 1 2
43 32 1  41 1  40 1 1
44 43 1  76 1  48 1 1
45 84 1  62 1  80 1 2
46 74 0  81 0  20 1 2
47 64 0  85 0  30 1 1
48 44 1  42 1  79 1 1
49 78 1  42 1  46 1 1
50 73 0  99 0  30 1 1
51 84 1  95 0  43 1 1
52 73 1  97 1  80 1 2
53 85 1  97 1  49 1 1
54 37 1  75 0  66 1 1
55 56 0  49 1  25 1 1
56 82 0  58 0  24 1 1
57 96 0  35 1  32 1 1
58 33 1  28 1  69 0 1
59 97 0  62 1  41 1 2
60 78 0  69 0  21 1 1
61 107 0  71 1  42 1 1
62 48 1  70 1  67 1 1
63 43 1  51 1  29 1 1
64 89 1  84 1  79 1 1
65 45 1  52 1  45 1 2
66 44 1  26 1  53 0 1
67 72 1  79 1  68 1 1
68 79 1  74 1  40 1 2
69 37 1  72 1  66 1 1
70 104 0  84 1  52 1 1
71 38 1  42 1  52 1 1
72 40 1  42 1  77 1 1
73 37 1  48 1  54 1 1
74 46 1  76 1  59 1 2
75 45 1  57 1  63 1 1
76 70 1  88 1  64 1 1
77 109 0  30 1  64 0 3
78 88 1  95 1  77 1 1
79 77 0  71 1  37 1 1
80 48 1  84 0  32 1 1
81 46 1  56 1  73 1 1
82 33 1  57 1  67 0 1
83 106 1  84 1  70 1 1
84 48 1  89 1  54 1 1
85 48 1  29 1  63 0 1
86 96 0  97 0  45 1 1
87 115 1  98 1  67 1 2
88 65 1  74 1  79 1 1
89 109 1  73 1  74 1 1
90 97 0  28 1  71 0 1
(79,69,216) ; (0,0,0)
(80,73,215) ; (507,0,0)
(81,160,184) ; (0,73,0)
(84,160,62) ; (503,73,0)
(115,67,196) ; (79,0,0)
(81,73,180) ; (426,0,0)
(98,101,139) ; (81,132,0)
(104,154,52) ; (399,79,0)
(110,64,68) ; (81,67,0)
(89,79,179) ; (337,0,0)
(109,73,116) ; (179,160,0)
(110,153,84) ; (289,80,0)
(90,52,214) ; (194,0,0)
(93,99,78) ; (194,52,0)
(49,78,99) ; (288,0,0)
(101,91,134) ; (402,142,52)
(104,57,88) ; (399,79,52)
(81,100,122) ; (506,133,62)
(78,55,80) ; (509,73,62)
(109,64,60) ; (81,67,68)
(89,47,67) ; (194,52,78)
(86,52,68) ; (194,99,78)
(97,153,62) ; (298,80,84)
(46,76,118) ; (290,0,99)
(60,70,47) ; (179,161,116)
(45,60,55) ; (239,171,116)
(70,64,88) ; (81,67,128)
(38,42,52) ; (151,67,128)
(85,97,49) ; (81,132,139)
(98,55,25) ; (400,79,140)
(69,52,69) ; (518,73,142)
(56,46,73) ; (194,52,145)
(33,47,47) ; (250,52,145)
(81,75,72) ; (314,158,146)
(66,75,74) ; (329,83,146)
(84,48,32) ; (194,101,146)
(29,48,24) ; (300,110,146)
(31,30,45) ; (298,80,146)
(25,56,49) ; (179,175,163)
(33,67,57) ; (204,164,163)
(98,55,25) ; (400,79,165)
(27,45,49) ; (302,113,170)
(37,54,48) ; (239,177,171)
(79,44,42) ; (194,105,178)
(82,75,36) ; (343,0,179)
(77,71,37) ; (430,0,180)
(32,41,40) ; (151,67,180)
(72,101,36) ; (0,132,184)
(32,96,35) ; (555,137,184)
(48,98,34) ; (507,135,184)
(73,58,32) ; (0,73,184)
(88,86,34) ; (415,145,186)
(85,64,30) ; (81,165,188)
(69,33,28) ; (81,132,188)
(63,48,29) ; (435,79,190)
(34,45,30) ; (401,79,190)
(113,61,24) ; (79,0,196)
