0.0849
74 7401
587 233 220
90
1 117 0  39 1  64 1 1
2 34 1  56 1  68 0 2
3 108 0  54 1  64 1 1
4 43 1  28 1  31 1 2
5 59 1  50 1  60 1 2
6 56 1  80 1  73 1 1
7 114 0  97 0  43 1 1
8 104 1  95 1  53 1 1
9 37 1  32 1  37 1 2
10 40 1  65 0  23 1 3
11 36 1  55 1  75 0 1
12 88 1  49 1  75 1 1
13 97 0  57 1  30 1 2
14 71 0  25 1  47 1 1
15 60 0  32 1  28 1 2
16 63 0  54 1  28 1 2
17 97 0  79 0  38 1 1
18 63 0  99 0  22 1 1
19 76 0  40 1  35 1 1
20 114 0  31 1  46 1 1
21 98 0  39 1  38 1 1
22 109 0  45 1  64 1 2
23 68 1  36 1  66 1 1
24 92 1  84 1  50 1 1
25 117 0  65 0  29 1 2
26 73 1  82 1  72 1 1
27 104 0  38 1  40 1 2
28 107 0  53 1  52 1 1
29 78 0  70 1  36 1 1
30 54 1  40 1  29 1 1
31 116 0  83 1  47 1 3
32 78 1  47 1  73 1 1
33 90 0  85 0  36 1 3
34 101 0  29 1  41 1 1
35 72 1  50 1  41 1 1
36 49 1  82 1  77 1 1
37 57 0  76 0  23 1 2
38 91 0  87 0  20 1 1
39 59 1  33 1  45 1 1
40 59 1  31 1  54 1 1
41 102 0  27 1  53 1 1
42 120 0  69 1  38 1 1
43 64 1  44 1  61 1 2
44 54 1  60 1  74 1 2
45 96 0  27 1  43 1 2
46 37 1  75 0  41 1 1
47 55 1  49 1  75 1 2
48 37 1  36 1  44 1 1
49 69 0  34 1  74 0 1
50 107 1  59 1  59 1 3
51 53 1  72 0  27 1 1
52 31 1  89 0  58 1 1
53 119 1  85 1  75 1 1
54 46 1  71 1  63 1 1
55 56 1  31 1  55 1 2
56 108 1  97 1  60 1 1
57 101 1  55 1  72 1 2
58 35 1  37 1  51 1 1
59 78 0  28 1  33 1 1
60 97 0  89 0  35 1 1
61 41 1  99 0  66 1 1
62 35 1  25 1  30 1 1
63 90 1  57 1  47 1 2
64 84 1  59 1  69 1 1
65 106 0  35 1  57 1 1
66 52 1  87 0  38 1 2
67 88 1  75 1  68 1 1
68 112 0  36 1  29 1 1
69 94 0  62 1  47 1 2
70 118 0  55 0  25 1 1
71 31 1  69 0  60 1 1
72 105 1  73 1  67 1 1
73 65 1  69 1  64 1 2
74 38 1  90 0  31 1 2
75 101 0  81 0  24 1 1
76 101 1  60 1  64 1 2
77 83 1  92 1  56 1 1
78 89 1  50 1  50 1 2
79 109 1  81 1  76 1 2
80 71 1  60 1  68 1 2
81 35 1  35 1  64 1 1
82 42 1  55 1  75 1 1
83 75 0  32 1  79 0 1
84 112 1  57 1  70 1 1
85 116 0  85 0  31 1 1
86 76 1  46 1  62 1 1
87 32 1  46 1  79 0 1
88 57 1  97 1  77 1 3
89 119 0  77 0  29 1 1
90 85 1  63 1  67 1 2
(0,0,0) ; (101,60,64)
(0,0,64) ; (101,60,128)
(0,0,128) ; (50,59,188)
(50,0,128) ; (100,59,188)
(0,0,188) ; (97,57,218)
(473,0,0) ; (530,97,77)
(530,0,0) ; (587,97,77)
(473,0,77) ; (587,97,120)
(473,0,120) ; (581,97,180)
(0,178,0) ; (101,233,72)
(0,178,72) ; (101,233,144)
(0,178,144) ; (49,233,219)
(49,178,144) ; (98,233,219)
(506,157,0) ; (587,233,109)
(506,157,109) ; (587,233,218)
(0,62,0) ; (85,178,31)
(0,62,31) ; (83,178,78)
(480,98,0) ; (587,157,59)
(480,98,59) ; (587,157,118)
(480,98,118) ; (587,157,177)
(480,98,177) ; (586,155,212)
(387,157,0) ; (444,233,23)
(444,157,0) ; (506,233,46)
(387,157,23) ; (444,233,46)
(387,157,46) ; (506,232,131)
(387,157,131) ; (436,232,219)
(436,157,131) ; (504,232,219)
(101,0,0) ; (172,60,68)
(101,0,68) ; (172,60,136)
(101,0,136) ; (170,59,220)
(101,168,0) ; (141,233,23)
(141,168,0) ; (205,233,69)
(205,168,0) ; (269,233,69)
(269,168,0) ; (386,233,29)
(101,168,23) ; (141,233,46)
(269,168,29) ; (386,233,58)
(101,168,46) ; (141,233,69)
(269,168,58) ; (386,232,97)
(101,168,69) ; (161,200,97)
(101,200,69) ; (161,232,97)
(161,168,69) ; (215,231,97)
(215,168,69) ; (269,231,97)
(253,0,0) ; (338,90,36)
(338,0,0) ; (423,90,36)
(423,0,0) ; (473,89,50)
(253,0,36) ; (362,45,100)
(253,45,36) ; (362,90,100)
(362,0,36) ; (423,44,100)
(362,44,36) ; (423,88,100)
(423,0,50) ; (473,89,100)
(85,60,0) ; (169,110,92)
(85,110,0) ; (168,166,92)
(172,0,0) ; (251,97,38)
(172,0,38) ; (249,97,95)
(433,100,0) ; (480,157,90)
(433,100,90) ; (480,157,180)
(379,97,0) ; (433,157,74)
(379,97,74) ; (433,157,148)
(379,97,148) ; (433,156,179)
(169,98,0) ; (203,166,56)
(203,98,0) ; (260,168,112)
(169,98,56) ; (203,166,112)
(260,91,0) ; (379,168,29)
(300,93,29) ; (379,168,61)
(300,93,61) ; (336,168,116)
(336,93,61) ; (378,168,116)
(300,93,116) ; (378,166,163)
(260,92,29) ; (300,168,64)
(260,94,64) ; (292,131,101)
(260,131,64) ; (292,168,101)
(0,62,78) ; (83,178,125)
(0,62,125) ; (83,178,172)
(85,60,92) ; (167,133,164)
(85,60,164) ; (165,133,220)
(85,134,92) ; (164,166,138)
(172,0,95) ; (219,94,157)
(172,0,157) ; (219,94,219)
(219,0,95) ; (249,97,152)
(101,178,97) ; (205,231,192)
(101,178,192) ; (203,231,219)
(252,168,97) ; (319,231,182)
(319,168,97) ; (386,231,182)
(205,168,97) ; (251,231,168)
(365,0,100) ; (473,54,164)
(365,0,164) ; (472,53,216)
(359,54,100) ; (473,85,146)
(359,54,146) ; (414,85,202)
(414,54,146) ; (469,85,202)
(288,0,100) ; (365,49,182)
(253,0,100) ; (288,35,164)
(255,49,100) ; (359,87,140)
(255,49,140) ; (359,87,180)
(255,49,180) ; (353,87,219)
(260,99,101) ; (291,168,161)
(169,99,112) ; (242,166,217)
(85,138,138) ; (163,166,171)
(219,0,152) ; (246,96,195)
(260,125,161) ; (291,168,189)
(260,99,161) ; (290,124,196)
(328,94,163) ; (378,166,204)
(301,94,163) ; (328,166,216)
(253,0,164) ; (284,28,207)
(205,177,168) ; (245,231,197)
(85,141,171) ; (156,166,218)
(0,77,172) ; (81,178,196)
(388,97,179) ; (433,156,212)
(477,0,180) ; (529,87,218)
(529,0,180) ; (581,87,218)
(443,106,180) ; (480,157,215)
(296,169,182) ; (386,200,220)
(296,200,182) ; (386,231,220)
(290,0,182) ; (365,41,219)
(252,195,182) ; (296,231,219)
(0,79,196) ; (63,178,218)
