0.0942
3 301
587 233 220
90
1 45 1  55 1  60 1 1
2 110 0  38 1  64 1 1
3 87 1  52 1  71 1 1
4 98 0  55 0  25 1 2
5 78 1  56 1  49 1 1
6 104 0  70 1  52 1 1
7 69 1  69 1  52 1 1
8 117 0  39 1  64 1 1
9 69 1  72 1  79 1 2
10 45 1  27 1  49 1 1
11 48 0  29 1  24 1 1
12 104 0  54 0  27 1 1
13 101 0  72 0  36 1 1
14 72 1  81 1  75 1 1
15 113 0  61 0  24 1 1
16 81 0  38 1  54 1 1
17 57 1  52 1  54 1 2
18 93 1  99 1  78 1 1
19 120 0  53 1  58 1 1
20 31 1  45 1  30 1 1
21 81 1  90 1  73 1 2
22 39 1  94 0  51 1 1
23 58 1  32 1  73 0 2
24 82 0  75 0  36 1 1
25 98 1  90 1  52 1 1
26 47 1  68 1  52 1 1
27 57 1  99 0  34 1 1
28 89 1  67 1  47 1 3
29 38 1  32 1  35 1 1
30 33 1  47 1  47 1 1
31 60 1  70 1  47 1 1
32 80 1  86 1  71 1 2
33 101 0  94 1  49 1 2
34 34 1  45 1  30 1 1
35 55 1  78 1  80 1 1
36 68 1  39 1  50 1 1
37 110 0  83 0  28 1 3
38 91 1  86 1  54 1 1
39 98 0  34 1  48 1 1
40 97 0  34 1  71 0 1
41 86 0  88 0  34 1 1
42 100 1  81 1  61 1 2
43 32 1  41 1  40 1 1
44 43 1  76 1  48 1 1
45 84 1  62 1  80 1 2
46 74 0  81 0  20 1 2
47 64 0  85 0  30 1 1
48 44 1  42 1  79 1 1
49 78 1  42 1  46 1 1
50 73 0  99 0  30 1 1
51 84 1  95 0  43 1 1
52 73 1  97 1  80 1 2
53 85 1  97 1  49 1 1
54 37 1  75 0  66 1 1
55 56 0  49 1  25 1 1
56 82 0  58 0  24 1 1
57 96 0  35 1  32 1 1
58 33 1  28 1  69 0 1
59 97 0  62 1  41 1 2
60 78 0  69 0  21 1 1
61 107 0  71 1  42 1 1
62 48 1  70 1  67 1 1
63 43 1  51 1  29 1 1
64 89 1  84 1  79 1 1
65 45 1  52 1  45 1 2
66 44 1  26 1  53 0 1
67 72 1  79 1  68 1 1
68 79 1  74 1  40 1 2
69 37 1  72 1  66 1 1
70 104 0  84 1  52 1 1
71 38 1  42 1  52 1 1
72 40 1  42 1  77 1 1
73 37 1  48 1  54 1 1
74 46 1  76 1  59 1 2
75 45 1  57 1  63 1 1
76 70 1  88 1  64 1 1
77 109 0  30 1  64 0 3
78 88 1  95 1  77 1 1
79 77 0  71 1  37 1 1
80 48 1  84 0  32 1 1
81 46 1  56 1  73 1 1
82 33 1  57 1  67 0 1
83 106 1  84 1  70 1 1
84 48 1  89 1  54 1 1
85 48 1  29 1  63 0 1
86 96 0  97 0  45 1 1
87 115 1  98 1  67 1 2
88 65 1  74 1  79 1 1
89 109 1  73 1  74 1 1
90 97 0  28 1  71 0 1
(0,0,0) ; (79,69,72)
(0,0,72) ; (79,69,144)
(0,0,144) ; (79,68,216)
(507,0,0) ; (587,73,97)
(507,0,97) ; (587,73,194)
(507,0,194) ; (585,69,215)
(0,73,0) ; (81,147,20)
(0,147,0) ; (80,233,71)
(0,73,20) ; (81,147,40)
(0,73,40) ; (40,147,119)
(40,73,40) ; (80,147,119)
(0,147,71) ; (80,233,142)
(0,73,119) ; (79,147,184)
(0,147,142) ; (78,193,184)
(0,193,142) ; (77,233,184)
(503,73,0) ; (587,153,62)
(503,153,0) ; (587,233,62)
(79,0,0) ; (194,67,98)
(79,0,98) ; (194,67,196)
(426,0,0) ; (507,73,90)
(426,0,90) ; (507,73,180)
(81,132,0) ; (130,233,94)
(130,132,0) ; (179,233,94)
(81,132,94) ; (177,229,139)
(399,79,0) ; (503,149,52)
(399,149,0) ; (503,233,52)
(81,67,0) ; (191,131,38)
(81,67,38) ; (190,131,68)
(337,0,0) ; (426,79,84)
(337,0,84) ; (425,77,179)
(179,160,0) ; (288,233,74)
(179,160,74) ; (286,231,116)
(289,80,0) ; (399,163,28)
(289,163,0) ; (395,233,84)
(289,80,28) ; (399,163,56)
(289,80,56) ; (399,163,84)
(194,0,0) ; (239,52,45)
(239,0,0) ; (284,52,45)
(194,0,45) ; (284,52,143)
(194,0,143) ; (281,52,214)
(194,52,0) ; (287,151,78)
(288,0,0) ; (337,78,56)
(288,0,56) ; (336,76,99)
(402,142,52) ; (449,231,119)
(449,142,52) ; (503,233,138)
(402,142,119) ; (449,231,186)
(449,142,138) ; (503,231,186)
(399,79,52) ; (451,136,106)
(451,79,52) ; (503,136,106)
(399,79,106) ; (498,136,140)
(506,133,62) ; (587,233,123)
(506,133,123) ; (587,233,184)
(509,73,62) ; (587,128,142)
(81,67,68) ; (190,131,98)
(81,67,98) ; (190,131,128)
(194,52,78) ; (283,99,145)
(194,99,78) ; (241,151,146)
(241,99,78) ; (280,149,146)
(298,80,84) ; (395,151,118)
(298,151,84) ; (395,192,146)
(298,192,84) ; (395,233,146)
(298,80,118) ; (395,151,146)
(290,0,99) ; (336,76,158)
(290,0,158) ; (336,76,217)
(179,161,116) ; (239,231,163)
(239,171,116) ; (284,231,171)
(81,67,128) ; (151,131,216)
(151,67,128) ; (189,109,180)
(81,132,139) ; (166,229,188)
(400,79,140) ; (498,134,165)
(518,73,142) ; (587,125,211)
(194,52,145) ; (250,98,218)
(250,52,145) ; (283,99,192)
(314,158,146) ; (395,233,218)
(329,83,146) ; (395,158,183)
(329,83,183) ; (395,155,220)
(194,101,146) ; (278,149,178)
(300,110,146) ; (329,158,170)
(298,80,146) ; (329,110,191)
(179,175,163) ; (204,231,212)
(204,164,163) ; (237,231,220)
(400,79,165) ; (498,134,190)
(302,113,170) ; (329,158,219)
(239,177,171) ; (276,231,219)
(194,105,178) ; (273,149,220)
(343,0,179) ; (425,75,215)
(430,0,180) ; (507,71,217)
(151,67,180) ; (183,108,220)
(0,132,184) ; (72,233,220)
(555,137,184) ; (587,233,219)
(507,135,184) ; (555,233,218)
(0,73,184) ; (73,131,216)
(415,145,186) ; (503,231,220)
(81,165,188) ; (166,229,218)
(81,132,188) ; (150,165,216)
(435,79,190) ; (498,127,219)
(401,79,190) ; (435,124,220)
(79,0,196) ; (192,61,220)
