0.0832
43 4301
587 233 220
90
1 83 0  33 1  65 1 1
2 38 1  33 1  79 0 1
3 42 1  66 1  62 1 1
4 82 1  70 1  43 1 1
5 88 1  54 1  79 1 1
6 102 0  31 1  56 1 1
7 56 1  74 1  80 1 1
8 61 1  52 1  33 1 1
9 111 0  55 1  74 1 2
10 49 1  70 1  70 1 1
11 70 1  53 1  53 1 2
12 90 1  47 1  65 1 2
13 48 1  95 0  26 1 1
14 39 1  56 0  25 1 1
15 33 1  93 0  27 1 1
16 35 1  50 1  52 1 1
17 88 0  43 1  57 1 1
18 49 1  53 1  38 1 2
19 109 0  32 1  33 1 1
20 117 0  55 1  40 1 4
21 42 1  79 0  26 1 2
22 117 0  50 1  38 1 2
23 51 1  93 1  67 1 2
24 75 0  33 1  73 0 2
25 58 1  88 1  68 1 4
26 110 0  41 1  70 1 1
27 36 1  51 1  60 1 3
28 74 0  30 1  38 1 1
29 53 1  73 1  45 1 1
30 68 0  35 1  25 1 1
31 79 0  76 0  31 1 2
32 30 1  99 0  43 1 2
33 39 1  96 0  65 1 1
34 98 1  50 1  76 1 2
35 79 1  80 1  42 1 2
36 38 1  49 0  20 1 2
37 103 0  69 1  48 1 1
38 81 0  39 1  65 1 1
39 93 0  76 0  26 1 4
40 39 1  44 1  46 1 2
41 46 1  80 1  56 1 2
42 100 0  59 1  30 1 1
43 42 1  96 0  75 1 1
44 72 0  33 1  74 0 1
45 72 0  54 1  36 1 2
46 45 1  91 0  30 1 2
47 86 0  32 1  27 1 2
48 36 1  33 1  63 1 2
49 78 1  62 1  40 1 2
50 90 0  66 0  30 1 1
51 105 1  91 1  58 1 1
52 46 1  99 0  66 1 2
53 69 1  87 1  78 1 2
54 89 0  32 1  78 0 1
55 114 1  93 1  62 1 1
56 99 0  63 0  20 1 2
57 69 1  94 1  63 1 2
58 86 1  59 1  48 1 1
59 103 1  56 1  58 1 3
60 53 1  73 1  57 1 1
61 118 0  28 1  52 1 1
62 75 1  81 1  56 1 2
63 69 0  78 0  29 1 2
64 109 0  29 1  20 1 1
65 98 0  53 0  26 1 1
66 32 1  36 1  68 0 2
67 64 0  94 0  24 1 1
68 86 1  77 1  48 1 2
69 57 1  57 1  63 1 2
70 94 0  43 1  75 1 2
71 79 1  54 1  52 1 1
72 119 0  53 1  31 1 1
73 101 0  46 1  26 1 2
74 54 0  88 0  27 1 1
75 59 1  36 1  32 1 1
76 46 1  86 1  54 1 1
77 67 1  94 0  46 1 1
78 106 1  82 1  77 1 1
79 113 0  27 1  66 0 1
80 64 1  90 0  38 1 1
81 71 1  86 1  64 1 1
82 103 1  64 1  60 1 1
83 65 1  55 1  76 1 2
84 32 1  29 1  44 1 2
85 119 0  86 0  28 1 1
86 46 1  82 1  70 1 1
87 118 0  40 1  49 1 1
88 48 1  60 1  70 1 1
89 90 0  40 1  41 1 1
90 46 1  88 1  61 1 2
(50,76,216) ; (0,0,0)
(138,166,116) ; (449,0,0)
(309,56,138) ; (0,177,0)
(189,66,132) ; (398,167,0)
(106,79,166) ; (50,0,0)
(215,96,138) ; (0,81,0)
(103,100,116) ; (346,0,0)
(112,81,121) ; (156,0,0)
(88,61,140) ; (310,172,0)
(94,67,148) ; (355,100,0)
(78,80,124) ; (268,0,0)
(62,93,114) ; (215,84,0)
(76,55,130) ; (279,117,0)
(68,36,127) ; (278,80,0)
(58,91,105) ; (215,86,114)
(53,73,102) ; (532,0,116)
(82,89,102) ; (450,0,116)
(96,75,42) ; (489,91,116)
(83,33,103) ; (361,0,116)
(39,46,88) ; (450,120,116)
(96,65,39) ; (348,33,116)
(32,29,44) ; (457,89,116)
(111,74,55) ; (156,0,121)
(75,73,66) ; (269,0,124)
(59,36,32) ; (285,80,127)
(72,54,36) ; (283,118,130)
(42,62,66) ; (545,168,132)
(114,63,57) ; (431,167,132)
(33,61,52) ; (398,169,132)
(142,54,79) ; (0,178,138)
(157,90,30) ; (0,84,138)
(111,55,74) ; (142,177,138)
(57,88,43) ; (157,86,138)
(53,53,70) ; (253,179,138)
(86,54,32) ; (310,177,140)
(86,64,71) ; (362,103,148)
(81,39,65) ; (363,33,155)
(95,26,48) ; (349,72,155)
(70,48,60) ; (515,118,158)
(93,27,33) ; (492,91,158)
(51,36,60) ; (293,80,159)
(32,29,44) ; (457,89,160)
(70,70,49) ; (50,0,166)
(36,72,54) ; (120,0,166)
(70,53,53) ; (285,119,166)
(117,76,50) ; (0,98,168)
(40,90,41) ; (117,84,168)
(86,54,46) ; (310,177,172)
(110,70,41) ; (156,0,176)
(49,53,38) ; (157,121,181)
(56,25,39) ; (157,86,181)
(99,43,30) ; (446,187,189)
(109,20,29) ; (436,167,189)
(74,38,30) ; (270,0,190)
(68,35,25) ; (276,38,190)
