0.0821
52 5201
587 233 220
90
1 38 1  26 1  69 0 1
2 68 1  88 1  57 1 1
3 36 1  93 0  54 1 1
4 116 0  41 1  49 1 2
5 72 1  99 1  52 1 1
6 73 1  81 0  37 1 2
7 103 0  81 1  44 1 1
8 69 0  61 0  20 1 1
9 44 1  70 1  54 1 2
10 101 0  34 1  75 0 1
11 35 1  83 0  80 0 2
12 78 1  86 1  54 1 1
13 49 1  60 1  73 1 3
14 42 1  64 1  61 1 1
15 71 1  59 1  68 1 3
16 45 1  45 1  44 1 1
17 39 1  26 1  58 0 2
18 41 1  73 1  70 1 1
19 66 1  42 1  35 1 1
20 87 0  27 1  32 1 2
21 42 1  78 0  27 1 1
22 118 0  36 1  65 1 1
23 110 0  41 1  73 1 2
24 96 0  71 0  27 1 2
25 100 0  57 1  29 1 1
26 95 1  85 1  78 1 1
27 52 1  68 0  28 1 1
28 110 1  94 1  58 1 2
29 77 1  50 1  75 1 1
30 72 1  56 1  80 1 2
31 30 1  40 1  45 1 3
32 104 0  62 0  24 1 1
33 97 1  65 1  53 1 1
34 31 1  26 1  44 1 1
35 48 1  53 1  30 1 1
36 82 1  83 1  45 1 1
37 66 1  96 0  45 1 1
38 109 1  73 1  56 1 1
39 70 1  82 1  80 1 2
40 108 0  61 0  30 1 1
41 57 0  50 0  21 1 2
42 32 1  93 0  57 1 1
43 80 0  38 1  48 1 1
44 39 1  72 1  53 1 2
45 66 1  84 1  47 1 1
46 75 0  46 1  24 1 4
47 81 1  56 1  67 1 2
48 38 1  71 1  37 1 1
49 67 0  30 1  43 1 3
50 57 1  76 1  43 1 1
51 30 1  27 1  47 1 1
52 52 1  59 1  65 1 1
53 120 1  92 1  80 1 2
54 42 1  98 0  27 1 2
55 65 0  31 1  32 1 1
56 41 1  77 1  47 1 1
57 72 1  39 1  70 1 2
58 106 0  80 1  52 1 2
59 79 0  74 0  27 1 1
60 55 1  62 1  55 1 2
61 112 1  74 1  76 1 1
62 87 1  67 1  54 1 1
63 54 1  76 1  58 1 1
64 117 0  99 1  58 1 2
65 39 1  29 1  20 1 2
66 39 1  78 0  77 1 1
67 60 1  92 1  72 1 2
68 47 1  51 1  32 1 2
69 78 0  34 1  54 1 2
70 67 0  84 0  20 1 2
71 92 0  41 1  58 1 1
72 88 1  65 1  52 1 1
73 76 1  46 1  41 1 1
74 50 1  99 1  52 1 1
75 38 1  93 0  59 1 2
76 112 0  87 0  30 1 1
77 116 0  25 1  30 1 1
78 84 1  92 1  48 1 1
79 41 1  46 1  38 1 3
80 116 0  59 0  29 1 4
81 63 1  32 1  41 1 1
82 82 1  59 1  44 1 1
83 49 0  81 0  23 1 3
84 73 1  45 1  40 1 1
85 38 1  85 0  40 1 1
86 52 1  55 1  37 1 3
87 106 0  39 1  62 1 1
88 98 0  51 1  44 1 2
89 104 1  71 1  74 1 1
90 46 1  71 1  43 1 1
(0,0,0) ; (116,59,29)
(0,59,0) ; (117,158,58)
(0,0,29) ; (116,59,58)
(0,0,58) ; (116,59,87)
(0,59,58) ; (117,158,116)
(0,0,87) ; (116,59,116)
(467,0,0) ; (587,80,92)
(467,80,0) ; (587,160,92)
(467,160,0) ; (527,232,92)
(527,160,0) ; (587,232,92)
(0,159,0) ; (112,233,76)
(0,159,76) ; (56,231,156)
(56,159,76) ; (112,231,156)
(0,159,156) ; (58,185,195)
(0,185,156) ; (58,211,195)
(0,211,156) ; (29,231,195)
(29,211,156) ; (58,231,195)
(58,159,156) ; (111,231,195)
(112,162,0) ; (180,233,59)
(112,162,59) ; (180,233,118)
(112,162,118) ; (180,233,177)
(112,162,177) ; (138,231,215)
(138,162,177) ; (175,233,215)
(117,0,0) ; (200,80,35)
(117,80,0) ; (199,160,70)
(117,0,35) ; (200,80,70)
(289,0,0) ; (351,55,55)
(289,55,0) ; (351,110,55)
(351,0,0) ; (409,110,94)
(409,0,0) ; (467,110,94)
(289,0,55) ; (351,106,94)
(368,111,0) ; (467,183,52)
(368,183,0) ; (467,233,52)
(180,160,0) ; (290,233,41)
(180,160,41) ; (290,233,82)
(180,160,82) ; (289,233,138)
(200,0,0) ; (287,112,30)
(200,0,30) ; (287,32,57)
(200,32,30) ; (286,110,84)
(200,0,57) ; (287,32,84)
(290,148,0) ; (368,233,95)
(200,112,0) ; (284,160,92)
(287,111,0) ; (368,148,73)
(369,113,52) ; (416,145,103)
(416,113,52) ; (463,145,103)
(369,145,52) ; (467,189,103)
(369,189,52) ; (467,233,103)
(117,0,70) ; (197,106,122)
(117,0,122) ; (197,106,174)
(117,0,174) ; (192,24,220)
(117,24,174) ; (193,65,220)
(117,65,174) ; (155,106,220)
(155,65,174) ; (193,106,220)
(117,108,70) ; (154,160,125)
(154,108,70) ; (191,160,125)
(287,111,73) ; (368,148,146)
(200,0,84) ; (281,56,151)
(200,0,151) ; (281,56,218)
(200,56,84) ; (277,106,159)
(514,0,92) ; (587,60,141)
(514,60,92) ; (587,120,141)
(514,0,141) ; (587,41,211)
(514,41,141) ; (586,80,211)
(514,80,141) ; (586,119,211)
(517,121,92) ; (587,175,136)
(517,175,92) ; (585,232,180)
(517,121,136) ; (587,175,180)
(468,151,92) ; (517,232,115)
(468,151,115) ; (517,232,138)
(468,151,138) ; (516,231,176)
(471,0,92) ; (514,67,122)
(471,0,122) ; (514,67,152)
(471,0,152) ; (514,67,182)
(471,0,182) ; (513,66,217)
(469,67,92) ; (514,149,175)
(200,116,92) ; (282,160,151)
(351,0,94) ; (467,49,135)
(351,0,135) ; (467,49,176)
(351,0,176) ; (428,47,217)
(428,0,176) ; (466,46,217)
(389,49,94) ; (467,103,128)
(389,49,128) ; (467,103,162)
(389,49,162) ; (465,103,220)
(291,0,94) ; (351,49,167)
(292,49,94) ; (389,102,159)
(290,194,95) ; (368,233,172)
(293,148,95) ; (368,194,119)
(293,148,119) ; (368,194,143)
(370,174,103) ; (463,233,141)
(370,174,141) ; (463,233,179)
(370,174,179) ; (462,232,220)
(370,120,103) ; (463,174,139)
(0,0,116) ; (71,74,220)
(71,0,116) ; (116,96,182)
(0,74,116) ; (70,156,196)
(70,97,116) ; (112,158,180)
(117,108,125) ; (182,160,213)
(180,189,138) ; (283,233,219)
(180,160,138) ; (280,189,195)
(376,120,139) ; (463,174,206)
(293,148,143) ; (368,194,167)
(303,116,146) ; (368,148,177)
(200,120,151) ; (273,160,196)
(324,49,159) ; (389,101,218)
(200,56,159) ; (276,99,216)
(294,49,159) ; (324,102,207)
(296,0,167) ; (351,37,219)
(296,155,167) ; (368,194,220)
(290,206,172) ; (368,233,214)
(469,67,175) ; (514,112,219)
(474,119,175) ; (514,149,220)
(470,160,176) ; (516,231,219)
(305,116,177) ; (368,148,218)
(518,148,180) ; (585,232,200)
(518,148,200) ; (585,232,220)
(538,121,180) ; (585,148,210)
(70,113,180) ; (100,158,220)
(71,0,182) ; (111,85,220)
(0,169,195) ; (104,231,219)
(0,74,196) ; (49,155,219)
