0.0911
28 2801
587 233 220
90
1 56 1  46 1  73 1 2
2 94 0  44 1  54 1 1
3 40 1  60 1  57 1 2
4 58 0  77 0  24 1 1
5 69 1  78 1  50 1 1
6 107 1  85 1  70 1 1
7 65 1  95 1  65 1 2
8 63 1  56 1  65 1 2
9 97 0  54 1  34 1 1
10 72 1  67 1  66 1 1
11 88 0  69 0  32 1 1
12 96 1  83 1  78 1 1
13 53 1  59 1  40 1 1
14 114 0  55 0  23 1 4
15 47 1  59 1  77 1 1
16 87 1  96 1  54 1 1
17 60 1  49 1  55 1 1
18 39 1  80 0  68 1 2
19 69 1  56 1  60 1 1
20 89 0  27 1  75 0 1
21 45 1  26 1  62 0 1
22 90 0  31 1  45 1 2
23 59 1  33 1  61 1 1
24 47 1  86 1  48 1 3
25 92 1  49 1  60 1 2
26 67 1  53 1  69 1 1
27 60 1  49 1  62 1 2
28 32 1  49 1  47 1 1
29 96 0  35 1  79 0 1
30 79 1  56 1  73 1 1
31 92 1  97 1  61 1 1
32 89 0  58 1  37 1 2
33 117 0  34 1  37 1 1
34 113 0  77 0  38 1 2
35 104 0  71 1  47 1 1
36 57 0  25 1  33 1 1
37 85 1  59 1  50 1 1
38 95 1  48 1  80 1 2
39 85 1  82 1  48 1 1
40 30 1  56 1  31 1 3
41 118 0  28 1  76 0 1
42 97 0  41 1  72 1 1
43 70 0  95 0  20 1 1
44 115 0  55 1  62 1 2
45 60 0  59 0  20 1 1
46 104 1  66 1  73 1 1
47 69 0  27 1  72 0 1
48 92 0  43 1  60 1 1
49 91 0  92 0  20 1 2
50 70 1  86 1  56 1 1
51 87 0  27 1  42 1 1
52 67 1  68 1  79 1 1
53 87 1  95 1  75 1 3
54 85 0  26 1  66 0 1
55 116 0  72 0  25 1 1
56 40 1  63 1  51 1 1
57 58 1  42 1  75 1 1
58 35 1  34 1  76 0 1
59 66 0  63 0  24 1 1
60 88 0  64 1  39 1 2
61 96 1  100 1  52 1 1
62 80 1  75 1  41 1 1
63 98 0  38 1  30 1 1
64 56 1  75 0  31 1 1
65 91 0  25 1  66 0 2
66 95 0  88 0  41 1 1
67 59 1  36 1  30 1 3
68 38 1  88 0  65 1 1
69 113 0  82 0  24 1 1
70 68 0  32 1  58 1 1
71 83 1  61 1  58 1 1
72 83 1  81 1  80 1 1
73 42 1  80 1  58 1 1
74 56 1  96 1  54 1 2
75 65 1  39 1  47 1 1
76 117 0  96 0  43 1 1
77 103 0  95 0  30 1 1
78 118 0  56 1  64 1 3
79 77 1  57 1  65 1 1
80 114 0  60 1  33 1 2
81 33 1  34 1  66 0 2
82 89 1  74 1  65 1 1
83 46 1  87 0  30 1 1
84 107 1  66 1  75 1 2
85 54 1  90 1  69 1 1
86 82 1  85 1  73 1 1
87 55 1  73 1  63 1 1
88 55 1  28 1  33 1 2
89 89 0  35 1  42 1 1
90 63 1  39 1  36 1 1
(0,0,0) ; (60,49,92)
(0,49,0) ; (60,98,92)
(60,0,0) ; (121,97,92)
(0,0,92) ; (34,97,146)
(34,0,92) ; (121,96,146)
(0,0,146) ; (117,96,189)
(500,0,0) ; (587,75,95)
(500,75,0) ; (587,150,95)
(500,150,0) ; (587,225,95)
(500,0,95) ; (586,47,143)
(500,47,95) ; (586,94,143)
(500,94,95) ; (586,141,143)
(500,141,95) ; (585,223,143)
(0,103,0) ; (65,168,95)
(0,168,0) ; (65,233,95)
(0,103,95) ; (63,168,151)
(0,168,95) ; (63,233,151)
(65,101,0) ; (140,167,107)
(65,167,0) ; (140,233,107)
(65,101,107) ; (102,190,165)
(102,101,107) ; (139,190,165)
(65,190,107) ; (140,232,165)
(382,0,0) ; (500,64,56)
(382,0,56) ; (500,64,112)
(382,0,112) ; (500,64,168)
(382,0,168) ; (437,60,217)
(437,0,168) ; (497,62,217)
(385,171,0) ; (500,233,55)
(385,171,55) ; (500,233,110)
(385,171,110) ; (444,232,143)
(444,171,110) ; (500,231,179)
(385,171,143) ; (444,201,179)
(385,201,143) ; (444,231,179)
(385,171,179) ; (442,231,219)
(442,171,179) ; (499,231,219)
(121,0,0) ; (177,73,46)
(177,0,0) ; (243,73,104)
(121,0,46) ; (177,73,92)
(121,0,92) ; (177,73,171)
(177,0,104) ; (243,72,171)
(121,0,171) ; (237,72,196)
(140,73,0) ; (235,153,48)
(140,153,0) ; (235,233,48)
(140,73,48) ; (237,145,89)
(140,145,48) ; (235,233,89)
(404,65,0) ; (500,119,56)
(404,119,0) ; (500,171,100)
(404,65,56) ; (498,119,100)
(296,168,0) ; (385,233,74)
(296,168,74) ; (384,233,112)
(296,168,112) ; (384,232,151)
(296,168,151) ; (384,232,190)
(297,0,0) ; (382,82,73)
(297,0,73) ; (380,81,153)
(237,150,0) ; (295,233,61)
(237,150,61) ; (295,230,103)
(243,0,0) ; (297,69,90)
(243,0,90) ; (296,69,157)
(297,83,0) ; (404,168,70)
(237,73,0) ; (296,150,47)
(237,73,47) ; (295,150,71)
(308,89,70) ; (404,168,105)
(308,89,105) ; (404,167,188)
(237,73,71) ; (293,148,102)
(140,74,89) ; (171,130,119)
(171,74,89) ; (202,130,119)
(202,74,89) ; (233,130,119)
(140,130,89) ; (235,233,119)
(418,65,100) ; (498,104,168)
(418,104,100) ; (497,171,168)
(237,73,102) ; (293,143,188)
(237,73,188) ; (292,106,216)
(237,106,188) ; (292,139,216)
(237,165,103) ; (294,230,180)
(140,142,119) ; (232,233,139)
(140,142,139) ; (232,233,159)
(140,74,119) ; (231,140,144)
(140,74,144) ; (231,140,169)
(500,0,143) ; (585,66,169)
(508,110,143) ; (585,223,181)
(508,110,181) ; (585,223,219)
(505,66,143) ; (585,107,218)
(0,119,151) ; (55,233,174)
(0,119,174) ; (55,233,197)
(0,119,197) ; (55,233,220)
(327,0,153) ; (380,40,212)
(333,40,153) ; (380,79,218)
(297,0,153) ; (327,36,212)
(297,40,153) ; (333,79,216)
(243,0,157) ; (292,60,219)
(140,190,159) ; (232,233,219)
(140,145,159) ; (230,190,190)
(65,169,165) ; (138,232,220)
(65,103,165) ; (99,169,198)
(99,103,165) ; (133,169,198)
(419,102,168) ; (497,171,218)
(421,65,168) ; (497,100,202)
(500,0,169) ; (585,59,219)
(140,74,169) ; (229,109,211)
(140,109,169) ; (230,140,214)
(237,167,180) ; (288,230,220)
(316,98,188) ; (404,167,220)
(0,0,189) ; (46,87,219)
(46,0,189) ; (115,72,216)
(140,148,190) ; (227,190,217)
(318,169,190) ; (384,232,214)
(121,0,196) ; (235,55,219)
(65,110,198) ; (125,169,218)
