0.0898
22 2201
587 233 220
90
1 73 0  56 0  28 1 1
2 39 1  78 0  67 1 1
3 104 1  67 1  67 1 1
4 81 1  72 1  63 1 1
5 92 1  60 1  61 1 1
6 43 1  93 0  58 1 1
7 84 0  74 0  30 1 1
8 38 1  82 0  42 1 1
9 103 0  73 0  26 1 2
10 110 0  77 1  54 1 1
11 33 1  57 1  72 0 2
12 80 1  86 1  79 1 1
13 93 1  58 1  74 1 1
14 63 0  30 1  31 1 1
15 86 1  75 1  79 1 1
16 85 1  76 1  70 1 1
17 64 1  71 1  67 1 1
18 51 1  35 1  35 1 2
19 42 1  38 1  65 1 1
20 67 0  42 1  32 1 3
21 31 1  82 0  51 1 2
22 117 1  96 1  59 1 1
23 35 1  90 0  66 1 1
24 77 1  85 1  47 1 1
25 62 0  28 1  80 0 1
26 100 1  76 1  51 1 2
27 117 0  40 1  54 1 1
28 59 0  32 1  26 1 2
29 110 1  100 1  75 1 2
30 57 0  58 0  28 1 1
31 76 1  53 1  66 1 2
32 46 1  73 1  77 1 1
33 66 1  78 1  49 1 4
34 83 0  52 1  27 1 2
35 111 0  42 1  56 1 1
36 31 1  98 0  58 1 1
37 92 1  60 1  66 1 3
38 113 0  87 0  37 1 1
39 64 1  82 1  50 1 1
40 57 1  35 1  53 1 2
41 98 0  88 0  23 1 2
42 98 0  31 1  72 0 3
43 107 0  33 1  74 0 2
44 99 0  51 1  28 1 2
45 68 0  31 1  68 0 1
46 35 1  98 0  69 1 1
47 91 0  77 0  24 1 2
48 51 1  45 1  40 1 1
49 120 1  72 1  75 1 1
50 53 1  53 1  47 1 1
51 69 1  80 0  35 1 2
52 42 1  75 1  70 1 1
53 59 1  33 1  67 0 3
54 35 1  36 1  78 0 1
55 33 1  84 0  68 0 1
56 49 1  87 0  34 1 1
57 99 1  53 1  73 1 1
58 105 0  57 1  36 1 2
59 61 1  63 1  50 1 1
60 83 1  54 1  53 1 2
61 108 0  96 1  50 1 1
62 108 0  48 1  30 1 1
63 100 1  52 1  52 1 2
64 83 0  100 0  23 1 1
65 72 1  68 1  73 1 1
66 58 1  49 1  54 1 1
67 96 1  56 1  71 1 1
68 85 0  32 1  46 1 1
69 52 1  72 1  59 1 2
70 87 0  97 0  20 1 1
71 35 1  85 0  25 1 1
72 72 0  72 0  20 1 1
73 84 1  63 1  54 1 1
74 58 1  84 1  60 1 1
75 116 0  85 1  52 1 1
76 78 1  88 1  74 1 1
77 40 1  31 1  59 1 3
78 117 0  57 1  66 1 1
79 94 0  34 1  62 1 1
80 116 0  87 0  37 1 1
81 78 0  46 0  22 1 1
82 72 0  44 1  31 1 2
83 58 1  37 1  53 1 1
84 119 1  67 1  76 1 1
85 41 1  69 1  36 1 2
86 63 0  26 1  46 1 3
87 59 1  48 1  58 1 1
88 61 1  87 1  65 1 2
89 54 0  84 0  26 1 1
90 85 0  92 0  31 1 1
(0,0,0) ; (66,49,78)
(0,49,0) ; (66,98,78)
(0,0,78) ; (66,49,156)
(0,49,78) ; (66,98,156)
(0,0,156) ; (66,92,216)
(437,0,0) ; (512,110,100)
(512,0,0) ; (587,110,100)
(437,0,100) ; (513,53,166)
(437,53,100) ; (513,106,166)
(513,0,100) ; (587,107,133)
(513,0,133) ; (587,107,166)
(0,174,0) ; (93,232,43)
(93,174,0) ; (189,233,117)
(0,174,43) ; (93,232,117)
(0,174,117) ; (72,231,150)
(72,174,117) ; (189,231,183)
(0,174,150) ; (72,231,183)
(515,113,0) ; (587,233,75)
(515,113,75) ; (587,172,127)
(515,172,75) ; (587,231,127)
(0,99,0) ; (79,174,86)
(0,99,86) ; (78,173,174)
(66,0,0) ; (138,98,31)
(66,0,31) ; (138,98,62)
(66,0,62) ; (138,98,93)
(66,0,93) ; (137,96,149)
(423,113,0) ; (515,173,66)
(423,173,0) ; (515,233,66)
(423,113,66) ; (463,172,97)
(423,172,66) ; (463,231,97)
(463,113,66) ; (515,229,151)
(423,113,97) ; (463,230,151)
(138,0,0) ; (190,100,52)
(190,0,0) ; (242,100,52)
(138,0,52) ; (189,100,128)
(189,0,52) ; (240,100,128)
(138,0,128) ; (189,99,156)
(189,0,128) ; (240,99,156)
(79,101,0) ; (182,174,26)
(79,101,26) ; (151,174,94)
(151,101,26) ; (182,173,70)
(151,101,70) ; (182,173,114)
(79,101,94) ; (151,173,114)
(383,0,0) ; (437,110,77)
(383,0,77) ; (437,53,160)
(383,53,77) ; (437,106,160)
(336,111,0) ; (423,172,65)
(336,172,0) ; (423,233,65)
(336,111,65) ; (423,227,102)
(189,169,0) ; (271,233,50)
(189,169,50) ; (270,232,122)
(333,0,0) ; (383,108,96)
(333,0,96) ; (381,108,126)
(242,0,0) ; (328,79,80)
(182,102,0) ; (258,169,119)
(273,149,0) ; (336,233,54)
(273,149,54) ; (309,190,123)
(273,190,54) ; (309,231,123)
(309,149,54) ; (336,232,106)
(309,149,106) ; (336,232,158)
(273,149,123) ; (309,227,158)
(291,79,0) ; (333,149,75)
(291,79,75) ; (333,146,107)
(258,79,0) ; (291,146,59)
(258,79,59) ; (291,146,118)
(258,79,118) ; (291,146,177)
(242,0,80) ; (327,76,150)
(339,167,102) ; (423,227,160)
(337,113,102) ; (386,167,160)
(386,113,102) ; (423,166,160)
(291,79,107) ; (333,146,139)
(291,79,139) ; (333,144,177)
(79,106,114) ; (146,173,218)
(146,116,114) ; (181,173,167)
(146,116,167) ; (181,173,220)
(182,116,119) ; (255,169,218)
(189,171,122) ; (249,232,214)
(334,0,126) ; (381,77,211)
(341,77,126) ; (381,108,185)
(515,126,127) ; (551,231,184)
(551,126,127) ; (587,231,184)
(66,0,149) ; (101,90,215)
(101,0,149) ; (136,80,218)
(242,0,150) ; (326,74,180)
(428,116,151) ; (515,229,188)
(138,0,156) ; (205,71,220)
(205,0,156) ; (239,94,218)
(138,71,156) ; (201,97,202)
(273,177,158) ; (336,227,219)
(273,151,158) ; (336,177,204)
(389,0,160) ; (437,59,218)
(339,173,160) ; (423,227,186)
(384,59,160) ; (437,106,213)
(338,120,160) ; (423,166,192)
(514,0,166) ; (587,103,192)
(437,0,166) ; (514,91,190)
(437,0,190) ; (514,91,214)
(0,100,174) ; (77,173,220)
(298,79,177) ; (333,130,212)
(258,79,177) ; (290,146,219)
(242,0,180) ; (320,67,219)
(0,200,183) ; (63,231,213)
(0,174,183) ; (59,200,215)
(59,174,183) ; (118,200,215)
(63,206,183) ; (148,231,218)
(148,180,183) ; (183,231,218)
(518,133,184) ; (587,231,219)
(341,176,186) ; (423,227,217)
(433,178,188) ; (515,229,219)
(435,116,188) ; (515,178,216)
(514,0,192) ; (587,56,220)
(524,56,192) ; (587,102,218)
(345,120,192) ; (423,166,214)
