0.1069
24 2401
587 233 220
90
1 83 1  81 1  42 1 1
2 115 0  29 1  46 1 2
3 99 1  61 1  66 1 3
4 71 1  82 1  77 1 1
5 81 1  43 1  71 1 2
6 86 0  33 1  45 1 1
7 72 1  43 1  72 1 1
8 96 1  50 1  80 1 1
9 55 1  36 1  74 0 2
10 92 1  50 1  67 1 2
11 110 0  58 1  54 1 1
12 46 1  81 1  63 1 1
13 90 0  98 0  21 1 1
14 91 0  29 1  65 0 1
15 70 1  56 1  80 1 2
16 46 1  28 1  77 0 1
17 92 0  53 1  39 1 1
18 47 1  50 1  61 1 2
19 54 1  87 1  46 1 1
20 51 1  47 1  64 1 1
21 68 1  93 1  59 1 2
22 89 1  69 1  72 1 1
23 109 0  42 1  75 1 1
24 67 1  65 1  51 1 2
25 96 0  35 1  40 1 1
26 110 0  80 0  35 1 1
27 77 0  98 0  36 1 1
28 97 0  26 1  68 0 1
29 34 1  26 1  37 1 1
30 60 1  82 0  34 1 1
31 58 1  35 1  53 1 2
32 80 1  91 1  59 1 1
33 102 0  44 1  74 1 2
34 85 0  82 0  28 1 1
35 33 1  35 1  37 1 1
36 106 0  72 0  32 1 1
37 32 1  67 0  38 1 2
38 35 1  54 1  50 1 1
39 109 1  59 1  65 1 3
40 42 0  92 0  20 1 1
41 78 0  44 0  22 1 3
42 43 1  40 1  44 1 1
43 42 1  59 1  76 1 1
44 100 0  40 1  54 1 1
45 94 0  77 0  29 1 1
46 66 1  67 1  57 1 1
47 30 1  73 0  78 0 2
48 67 1  80 1  50 1 1
49 101 1  96 1  76 1 2
50 67 1  48 1  62 1 1
51 76 1  50 1  52 1 1
52 39 1  79 0  27 1 1
53 106 0  59 1  41 1 1
54 47 1  82 0  26 1 1
55 118 0  36 1  76 0 2
56 54 0  100 0  27 1 1
57 48 0  41 1  22 1 1
58 73 1  83 1  74 1 2
59 67 1  91 1  53 1 1
60 35 1  51 1  37 1 1
61 98 0  36 1  40 1 2
62 103 0  88 0  40 1 1
63 117 0  30 1  73 0 4
64 68 1  64 1  78 1 1
65 118 0  97 1  59 1 2
66 36 1  63 1  41 1 2
67 97 0  100 0  35 1 1
68 66 1  84 1  62 1 1
69 57 1  92 0  30 1 2
70 95 1  50 1  49 1 1
71 64 1  42 1  58 1 2
72 66 0  26 1  59 0 1
73 61 1  79 1  77 1 1
74 78 0  38 1  50 1 2
75 96 1  86 1  73 1 1
76 52 1  33 1  34 1 1
77 72 0  44 1  33 1 1
78 66 1  76 1  69 1 2
79 51 1  32 1  50 1 1
80 81 0  75 0  32 1 1
81 120 0  32 1  60 1 1
82 69 1  64 1  42 1 2
83 81 0  31 1  51 1 2
84 105 0  25 1  47 1 1
85 104 0  61 1  37 1 1
86 39 1  57 1  78 0 1
87 79 1  45 1  56 1 2
88 61 1  57 1  36 1 1
89 81 1  91 1  74 1 1
90 85 0  29 1  79 0 1
(82,163,121) ; (0,0,0)
(97,186,118) ; (490,0,0)
(100,67,214) ; (0,166,0)
(87,46,87) ; (500,187,0)
(288,76,96) ; (82,0,0)
(204,44,96) ; (296,189,0)
(118,76,72) ; (372,0,0)
(109,65,214) ; (100,168,0)
(80,112,105) ; (410,77,0)
(79,90,106) ; (82,76,0)
(84,64,193) ; (209,169,0)
(95,110,50) ; (315,79,0)
(81,91,120) ; (161,77,0)
(67,91,82) ; (242,78,0)
(89,110,58) ; (320,79,50)
(83,74,146) ; (407,0,72)
(35,51,91) ; (372,0,72)
(64,78,68) ; (242,91,82)
(83,42,81) ; (503,190,87)
(117,73,120) ; (82,0,96)
(98,40,71) ; (402,190,96)
(106,41,59) ; (296,189,96)
(72,69,89) ; (199,0,96)
(98,69,76) ; (272,0,96)
(75,109,42) ; (415,78,105)
(67,51,112) ; (82,115,106)
(74,36,110) ; (82,76,106)
(88,103,40) ; (321,82,108)
(91,59,80) ; (492,0,118)
(92,115,29) ; (491,71,118)
(75,81,32) ; (161,87,120)
(79,85,68) ; (0,0,121)
(79,77,61) ; (0,86,121)
(92,114,30) ; (491,72,147)
(72,106,32) ; (418,81,147)
(81,102,31) ; (328,83,148)
(59,76,42) ; (242,93,150)
(69,76,66) ; (161,92,152)
(100,40,54) ; (302,190,155)
(32,50,51) ; (375,0,163)
(92,39,53) ; (406,191,167)
(78,38,50) ; (508,194,168)
(62,67,48) ; (308,0,172)
(36,63,41) ; (272,0,172)
(44,40,43) ; (539,146,177)
(72,72,43) ; (511,72,177)
(33,37,35) ; (506,149,177)
(36,98,40) ; (454,89,179)
(36,63,41) ; (418,124,179)
(34,37,26) ; (420,81,179)
(77,98,36) ; (332,87,179)
(78,73,30) ; (0,90,182)
(72,44,33) ; (199,0,185)
(73,78,30) ; (0,0,189)
(59,66,26) ; (242,103,192)
(82,47,26) ; (209,184,193)
(78,44,22) ; (505,0,198)
