0.0965
90 9001
587 233 220
90
1 34 1  65 0  26 1 1
2 100 0  91 0  33 1 1
3 87 0  27 1  45 1 1
4 53 1  48 1  45 1 1
5 45 1  77 0  36 1 2
6 89 0  41 1  56 1 1
7 112 0  55 1  35 1 2
8 53 1  46 1  59 1 2
9 65 0  35 1  20 1 1
10 114 0  98 0  44 1 2
11 119 0  48 1  70 1 1
12 103 1  80 1  73 1 1
13 55 1  80 1  60 1 1
14 37 1  100 0  58 1 1
15 112 0  35 1  29 1 1
16 105 1  66 1  57 1 3
17 56 1  71 0  29 1 1
18 57 0  81 0  28 1 1
19 61 1  91 0  43 1 1
20 39 1  32 1  35 1 2
21 47 1  26 1  77 0 1
22 98 1  81 1  76 1 2
23 92 1  72 1  47 1 1
24 66 0  25 1  28 1 1
25 82 0  73 0  30 1 2
26 33 1  67 0  60 1 1
27 76 1  60 1  69 1 3
28 95 1  75 1  61 1 1
29 70 0  27 1  20 1 1
30 77 0  97 0  37 1 3
31 66 1  88 1  54 1 2
32 96 0  73 0  20 1 1
33 72 0  26 1  69 0 1
34 33 1  74 0  48 1 1
35 111 0  55 1  41 1 1
36 48 1  37 1  69 1 2
37 50 1  69 1  46 1 2
38 52 1  29 1  48 1 2
39 42 1  74 1  55 1 1
40 70 1  78 1  69 1 1
41 77 1  55 1  54 1 1
42 78 1  43 1  63 1 1
43 91 0  99 0  23 1 1
44 68 1  82 1  42 1 2
45 107 0  51 1  33 1 1
46 54 1  49 1  70 1 2
47 57 1  100 1  70 1 1
48 32 1  38 1  40 1 1
49 62 1  88 1  53 1 1
50 48 1  28 1  69 0 1
51 38 1  76 0  44 1 2
52 65 1  39 1  37 1 1
53 106 0  65 1  44 1 1
54 96 0  49 1  31 1 1
55 71 1  67 1  69 1 1
56 83 0  32 1  46 1 1
57 62 1  61 1  67 1 1
58 90 1  53 1  58 1 1
59 104 1  75 1  61 1 2
60 108 0  37 1  78 0 1
61 58 0  26 1  65 0 2
62 43 1  90 0  59 1 1
63 77 1  81 1  62 1 2
64 91 1  62 1  60 1 2
65 70 0  36 1  24 1 1
66 112 0  95 0  39 1 1
67 109 0  38 1  29 1 2
68 116 0  78 0  24 1 2
69 83 1  83 1  54 1 1
70 59 0  72 0  29 1 1
71 100 1  53 1  64 1 2
72 110 0  40 1  73 1 2
73 46 1  69 1  36 1 1
74 39 1  61 0  22 1 2
75 110 0  90 1  53 1 2
76 81 1  90 1  78 1 1
77 67 0  42 1  30 1 1
78 58 1  37 1  79 0 1
79 94 0  27 1  62 0 2
80 95 1  77 1  76 1 1
81 100 0  38 1  46 1 3
82 43 1  52 1  62 1 1
83 67 1  75 1  79 1 3
84 49 1  71 1  61 1 1
85 37 1  81 0  80 0 1
86 108 0  54 1  65 1 1
87 97 0  31 1  44 1 3
88 53 1  30 1  63 0 1
89 110 0  37 1  44 1 1
90 86 0  26 1  26 1 3
(198,57,105) ; (0,0,0)
(410,78,81) ; (0,155,0)
(201,75,140) ; (386,0,0)
(120,91,158) ; (467,142,0)
(77,97,111) ; (0,57,0)
(108,66,142) ; (479,75,0)
(55,80,114) ; (412,153,0)
(114,98,88) ; (77,57,0)
(106,65,144) ; (373,75,0)
(110,53,213) ; (198,0,0)
(76,69,120) ; (310,0,0)
(74,97,48) ; (191,57,0)
(69,86,46) ; (304,69,0)
(38,100,46) ; (265,53,0)
(68,82,84) ; (305,69,46)
(38,100,46) ; (265,53,46)
(62,97,44) ; (191,57,48)
(61,75,104) ; (0,156,81)
(112,76,84) ; (61,155,81)
(80,73,103) ; (173,158,81)
(77,76,139) ; (333,155,81)
(78,69,70) ; (253,162,81)
(112,95,39) ; (77,57,88)
(62,94,27) ; (191,57,92)
(38,100,46) ; (265,53,92)
(149,57,70) ; (0,0,105)
(49,54,115) ; (149,0,105)
(72,92,47) ; (0,57,111)
(55,74,42) ; (412,156,114)
(53,63,30) ; (191,57,119)
(52,29,48) ; (191,122,119)
(76,69,60) ; (310,0,120)
(112,84,35) ; (77,57,127)
(63,78,43) ; (310,69,130)
(37,100,58) ; (265,53,138)
(110,73,80) ; (475,0,140)
(87,27,71) ; (388,0,140)
(89,41,56) ; (386,27,140)
(101,65,52) ; (486,75,142)
(106,59,46) ; (373,75,144)
(49,61,71) ; (191,57,149)
(71,69,67) ; (253,162,151)
(48,74,33) ; (419,156,156)
(73,82,60) ; (514,148,158)
(67,62,61) ; (0,57,158)
(46,83,32) ; (468,147,158)
(71,29,56) ; (0,120,158)
(108,78,37) ; (77,57,162)
(106,69,26) ; (61,162,165)
(48,29,52) ; (191,122,167)
(26,77,47) ; (347,69,173)
(36,77,45) ; (311,69,173)
(122,22,39) ; (0,0,175)
(97,31,44) ; (0,22,175)
(38,32,40) ; (97,22,175)
(72,65,39) ; (314,0,180)
(60,67,33) ; (173,164,184)
(20,65,35) ; (233,166,184)
(59,72,29) ; (0,159,185)
(42,67,30) ; (425,163,189)
(25,66,28) ; (489,164,190)
(20,70,27) ; (469,160,190)
(81,57,28) ; (398,75,190)
(94,62,27) ; (61,165,191)
(86,52,26) ; (501,75,194)
(70,36,24) ; (405,27,196)
(96,73,20) ; (77,57,199)
