0.0994
94 9401
587 233 220
90
1 75 0  45 0  22 1 2
2 115 0  80 1  56 1 4
3 59 1  53 1  32 1 2
4 77 1  57 1  61 1 1
5 69 0  27 1  45 1 2
6 74 1  60 1  76 1 1
7 68 1  94 1  78 1 2
8 44 1  50 1  77 1 1
9 43 1  59 1  73 1 1
10 56 1  47 1  68 1 1
11 112 0  77 1  47 1 1
12 63 1  79 1  48 1 2
13 109 0  88 0  30 1 1
14 39 1  30 1  55 1 1
15 89 1  74 1  78 1 2
16 67 1  99 0  38 1 1
17 66 1  96 0  40 1 1
18 105 0  29 1  41 1 1
19 40 1  45 1  77 1 2
20 92 0  54 1  44 1 1
21 67 1  81 1  43 1 1
22 114 1  69 1  60 1 1
23 105 0  27 1  74 0 1
24 30 1  67 0  43 1 1
25 65 1  34 1  61 1 1
26 95 0  40 1  40 1 1
27 77 1  62 1  78 1 1
28 48 1  92 1  77 1 1
29 52 1  64 1  61 1 1
30 73 1  79 1  59 1 1
31 57 0  72 0  22 1 1
32 104 1  61 1  75 1 2
33 117 0  27 1  69 0 1
34 35 1  88 0  21 1 1
35 103 0  66 0  29 1 1
36 35 1  37 1  63 1 1
37 111 0  38 1  54 1 1
38 60 1  76 1  65 1 1
39 77 0  26 1  30 1 1
40 49 1  74 1  67 1 1
41 93 0  47 1  40 1 2
42 108 0  56 1  43 1 2
43 91 0  97 0  38 1 1
44 67 1  96 0  39 1 1
45 64 0  58 0  21 1 1
46 48 1  50 1  44 1 2
47 95 1  68 1  64 1 1
48 112 0  65 1  40 1 2
49 84 0  29 1  60 0 2
50 38 1  55 1  55 1 1
51 73 1  70 1  53 1 2
52 63 0  38 1  20 1 1
53 54 1  79 1  54 1 1
54 105 0  60 1  33 1 1
55 105 0  98 0  37 1 2
56 74 1  50 1  51 1 3
57 56 1  40 1  36 1 1
58 82 1  89 1  47 1 2
59 96 0  68 0  23 1 2
60 30 1  76 0  68 0 2
61 72 1  48 1  39 1 3
62 120 0  30 1  62 0 2
63 105 1  59 1  70 1 1
64 77 1  61 1  57 1 1
65 41 0  71 0  20 1 2
66 34 1  39 1  32 1 1
67 43 1  69 1  76 1 1
68 77 0  38 1  68 1 1
69 38 1  90 0  49 1 1
70 100 0  89 0  33 1 2
71 82 1  86 1  70 1 3
72 84 0  27 1  57 0 1
73 109 0  50 1  80 1 1
74 73 1  77 0  37 1 1
75 69 1  85 1  69 1 1
76 92 1  81 1  59 1 2
77 34 1  42 1  29 1 1
78 88 0  58 0  27 1 1
79 79 1  95 1  72 1 1
80 115 0  65 0  21 1 2
81 60 1  89 0  35 1 2
82 102 0  94 0  26 1 2
83 109 0  77 1  53 1 1
84 88 0  33 1  33 1 1
85 40 1  72 1  40 1 1
86 95 0  39 1  29 1 3
87 60 1  69 1  35 1 1
88 69 1  52 1  74 1 1
89 84 0  25 1  50 0 1
90 117 0  31 1  31 1 2
(0,0,0) ; (47,82,89)
(0,0,89) ; (47,82,178)
(0,0,178) ; (45,75,200)
(475,0,0) ; (531,115,80)
(531,0,0) ; (587,115,80)
(475,115,0) ; (584,165,80)
(475,165,0) ; (587,230,40)
(475,165,40) ; (587,230,80)
(0,83,0) ; (61,158,104)
(0,158,0) ; (61,233,104)
(0,83,104) ; (61,160,161)
(0,160,104) ; (60,229,218)
(0,83,161) ; (61,160,218)
(47,0,0) ; (121,78,89)
(47,0,89) ; (121,78,178)
(47,0,178) ; (120,77,215)
(61,154,0) ; (129,232,94)
(129,154,0) ; (177,233,63)
(129,154,63) ; (177,233,126)
(61,154,94) ; (129,232,188)
(129,154,126) ; (177,231,218)
(61,154,188) ; (129,230,218)
(217,0,0) ; (303,82,70)
(303,0,0) ; (389,82,70)
(389,0,0) ; (475,82,70)
(217,0,70) ; (290,79,129)
(290,0,70) ; (382,81,129)
(382,0,70) ; (474,81,129)
(370,85,0) ; (475,183,37)
(370,183,0) ; (421,233,74)
(421,183,0) ; (472,233,74)
(370,85,37) ; (475,183,74)
(121,0,0) ; (216,79,72)
(121,0,72) ; (216,39,101)
(121,39,72) ; (216,79,112)
(121,0,101) ; (216,39,130)
(121,39,112) ; (214,79,159)
(121,0,130) ; (216,39,159)
(61,78,0) ; (121,154,74)
(61,78,74) ; (121,154,139)
(61,78,139) ; (118,150,161)
(177,153,0) ; (292,233,56)
(177,153,56) ; (292,233,112)
(177,153,112) ; (289,230,159)
(121,79,0) ; (174,152,70)
(121,79,70) ; (174,152,140)
(293,153,0) ; (370,193,45)
(293,193,0) ; (370,233,45)
(293,153,45) ; (370,231,107)
(174,79,0) ; (214,151,40)
(174,79,40) ; (213,151,88)
(174,79,88) ; (213,151,136)
(214,85,0) ; (310,153,23)
(214,85,23) ; (310,152,62)
(214,85,62) ; (310,151,102)
(311,83,0) ; (370,153,105)
(372,144,74) ; (472,233,107)
(384,85,74) ; (472,143,101)
(476,0,80) ; (584,56,123)
(476,0,123) ; (584,56,166)
(475,153,80) ; (584,230,133)
(482,56,80) ; (584,150,106)
(482,56,106) ; (584,150,132)
(388,85,101) ; (472,142,128)
(214,87,102) ; (309,151,170)
(311,89,105) ; (370,121,158)
(311,121,105) ; (370,153,158)
(372,144,107) ; (472,233,140)
(294,163,107) ; (370,231,137)
(388,85,128) ; (472,135,153)
(354,0,129) ; (474,62,159)
(354,0,159) ; (474,62,189)
(354,0,189) ; (471,31,220)
(354,31,189) ; (471,62,220)
(217,0,129) ; (276,73,172)
(276,0,129) ; (345,76,172)
(487,56,132) ; (584,147,170)
(515,161,133) ; (584,230,218)
(477,153,133) ; (515,230,201)
(174,79,136) ; (213,151,184)
(327,164,137) ; (370,231,218)
(297,164,137) ; (327,231,180)
(373,166,140) ; (472,233,178)
(384,145,140) ; (472,166,175)
(121,79,140) ; (173,148,214)
(398,85,153) ; (472,134,220)
(318,89,158) ; (370,153,219)
(121,0,159) ; (210,35,219)
(121,35,159) ; (210,70,219)
(177,153,159) ; (221,230,209)
(221,161,159) ; (256,230,219)
(256,153,159) ; (286,230,185)
(61,78,161) ; (117,146,208)
(505,0,166) ; (584,54,220)
(476,0,166) ; (505,42,200)
(510,56,170) ; (584,107,220)
(491,107,170) ; (584,147,217)
(214,103,170) ; (258,151,220)
(258,103,170) ; (302,151,220)
(217,0,172) ; (334,69,199)
(409,146,175) ; (472,166,213)
(411,168,178) ; (472,233,212)
(374,170,178) ; (411,233,213)
(297,176,180) ; (327,231,219)
(174,79,184) ; (213,113,216)
(217,0,199) ; (332,65,220)
(0,0,200) ; (41,71,220)
