0.0925
91 9101
587 233 220
90
1 56 0  95 0  24 1 2
2 85 0  67 1  36 1 2
3 44 0  78 0  22 1 1
4 89 0  77 0  20 1 2
5 55 1  48 1  73 1 1
6 69 0  40 1  25 1 3
7 75 1  39 1  61 1 2
8 87 1  92 1  54 1 1
9 53 1  56 1  50 1 2
10 64 1  96 1  77 1 1
11 52 1  63 1  61 1 1
12 66 1  35 1  73 0 1
13 81 0  37 1  80 0 1
14 86 0  67 0  25 1 1
15 70 0  58 0  28 1 1
16 76 1  58 1  48 1 2
17 42 1  63 1  54 1 3
18 75 1  78 0  39 1 1
19 40 1  70 1  71 1 3
20 68 0  27 1  37 1 1
21 80 1  92 0  44 1 1
22 112 0  97 0  24 1 1
23 111 1  100 1  63 1 3
24 110 0  91 0  43 1 2
25 31 1  52 1  69 0 2
26 87 0  100 0  24 1 1
27 106 1  56 1  74 1 1
28 109 0  28 1  78 0 1
29 68 1  78 1  41 1 2
30 61 1  85 1  68 1 1
31 80 0  51 1  30 1 3
32 96 0  47 1  52 1 1
33 74 0  39 1  33 1 1
34 99 0  80 0  34 1 1
35 31 1  27 1  60 0 1
36 40 1  55 1  41 1 1
37 74 1  58 1  47 1 1
38 50 1  36 1  56 1 2
39 43 1  71 1  45 1 2
40 59 1  42 1  45 1 1
41 57 1  37 1  51 1 1
42 98 0  94 1  49 1 1
43 89 0  87 0  29 1 1
44 81 1  44 1  53 1 1
45 94 1  67 1  71 1 1
46 77 0  53 0  25 1 2
47 113 0  35 1  69 1 2
48 49 1  68 1  55 1 1
49 76 1  52 1  65 1 3
50 58 1  50 1  31 1 1
51 51 1  48 1  30 1 1
52 68 0  68 0  29 1 1
53 100 0  91 0  32 1 1
54 63 0  72 0  23 1 3
55 111 0  63 0  25 1 3
56 44 1  45 1  30 1 1
57 101 0  95 0  42 1 1
58 32 1  90 0  56 1 2
59 114 0  35 1  69 1 1
60 60 1  59 1  40 1 1
61 82 0  26 1  23 1 2
62 102 0  98 0  26 1 1
63 96 0  25 1  24 1 1
64 71 0  33 1  29 1 2
65 95 0  42 1  58 1 2
66 41 1  53 1  27 1 1
67 48 1  98 0  25 1 1
68 32 1  73 0  75 0 1
69 103 0  65 1  33 1 1
70 111 0  29 1  44 1 2
71 68 1  74 1  76 1 3
72 71 1  77 0  36 1 2
73 82 1  62 1  79 1 2
74 84 0  77 0  31 1 1
75 93 0  97 0  46 1 1
76 119 0  89 1  57 1 1
77 82 1  64 1  68 1 1
78 64 1  66 1  69 1 2
79 103 0  78 0  35 1 1
80 100 0  50 1  73 1 1
81 45 1  25 1  76 0 1
82 50 1  26 1  51 1 1
83 117 1  95 1  68 1 2
84 43 0  26 1  21 1 1
85 59 1  80 0  33 1 3
86 48 1  97 0  50 1 5
87 58 0  83 0  25 1 1
88 54 1  64 1  38 1 3
89 53 1  28 1  72 0 2
90 104 0  47 1  50 1 1
(111,63,219) ; (0,0,0)
(222,100,111) ; (365,0,0)
(118,96,218) ; (0,137,0)
(135,70,214) ; (452,163,0)
(68,74,181) ; (0,63,0)
(164,62,79) ; (423,101,0)
(76,52,220) ; (111,0,0)
(220,91,75) ; (118,142,0)
(56,74,184) ; (68,63,0)
(114,70,104) ; (338,163,0)
(68,85,133) ; (124,52,0)
(100,50,121) ; (187,0,0)
(78,103,110) ; (287,0,0)
(80,59,99) ; (343,104,0)
(92,87,54) ; (192,50,0)
(54,38,192) ; (289,104,0)
(92,80,95) ; (192,50,54)
(63,54,145) ; (118,178,75)
(77,36,142) ; (118,142,75)
(50,53,142) ; (181,179,75)
(55,49,141) ; (231,183,75)
(57,37,51) ; (195,142,75)
(43,45,142) ; (287,187,75)
(78,41,136) ; (252,142,75)
(119,57,89) ; (468,106,79)
(44,53,81) ; (424,110,79)
(74,58,47) ; (349,105,99)
(75,69,116) ; (376,163,104)
(31,69,104) ; (345,163,104)
(77,96,64) ; (288,0,110)
(101,95,42) ; (486,0,111)
(98,94,49) ; (388,0,111)
(23,82,52) ; (365,0,111)
(96,47,52) ; (187,0,121)
(53,27,41) ; (195,152,126)
(66,73,35) ; (124,52,133)
(70,58,28) ; (353,105,146)
(81,80,37) ; (192,50,149)
(97,93,46) ; (490,0,153)
(95,42,58) ; (391,0,160)
(60,40,59) ; (426,42,160)
(42,45,59) ; (426,118,160)
(31,50,58) ; (395,42,160)
(21,43,26) ; (367,0,163)
(50,26,51) ; (195,153,167)
(104,47,50) ; (483,116,168)
(63,72,46) ; (124,52,168)
(55,40,41) ; (187,0,173)
(30,44,45) ; (242,0,173)
(77,89,20) ; (288,0,174)
(63,54,42) ; (360,109,174)
(68,27,37) ; (0,63,181)
(60,31,27) ; (0,90,181)
(53,72,28) ; (68,63,184)
(75,73,32) ; (192,50,186)
(67,86,25) ; (298,0,194)
(89,77,20) ; (498,0,199)
