0.0929
13 1301
587 233 220
90
1 120 1  88 1  70 1 2
2 81 1  90 0  44 1 1
3 37 1  46 1  35 1 2
4 33 1  25 1  63 0 1
5 72 1  43 1  75 1 1
6 95 0  97 0  29 1 1
7 66 0  68 0  29 1 3
8 67 0  60 0  30 1 1
9 90 1  70 1  58 1 1
10 84 0  27 1  46 1 2
11 99 0  42 1  25 1 1
12 88 0  33 1  32 1 2
13 56 1  33 1  51 1 3
14 48 1  55 1  45 1 2
15 120 0  36 1  79 0 2
16 80 1  97 1  59 1 1
17 44 1  27 1  25 1 1
18 85 1  77 1  55 1 1
19 69 0  89 0  24 1 2
20 82 1  96 1  61 1 1
21 87 1  88 1  73 1 2
22 101 0  97 0  23 1 1
23 81 1  54 1  65 1 2
24 71 0  50 1  27 1 1
25 32 1  36 1  50 1 1
26 120 0  95 0  41 1 2
27 70 1  44 1  47 1 1
28 52 1  39 1  51 1 1
29 39 1  50 1  48 1 2
30 109 0  64 0  20 1 1
31 114 0  67 1  36 1 1
32 53 0  63 0  26 1 2
33 48 1  41 1  76 1 1
34 91 0  99 0  20 1 1
35 109 0  84 0  26 1 1
36 109 0  48 0  24 1 2
37 100 0  62 0  27 1 1
38 46 1  94 0  44 1 1
39 112 0  27 1  27 1 1
40 102 0  30 1  73 0 1
41 70 0  73 0  30 1 1
42 85 0  53 0  24 1 1
43 95 1  54 1  71 1 1
44 108 0  25 1  77 0 1
45 70 1  72 1  71 1 1
46 34 1  69 0  50 1 2
47 33 1  72 0  59 1 1
48 98 0  41 1  38 1 2
49 66 0  42 1  26 1 1
50 103 0  49 1  27 1 3
51 98 0  71 0  25 1 2
52 107 1  97 1  71 1 3
53 73 1  46 1  51 1 1
54 48 1  39 1  70 1 1
55 90 0  27 1  76 0 1
56 57 1  95 0  38 1 1
57 55 0  27 1  39 1 2
58 35 1  68 1  48 1 2
59 71 0  82 0  33 1 3
60 46 1  50 0  25 1 2
61 91 0  86 0  28 1 1
62 110 0  97 1  55 1 2
63 70 1  45 1  56 1 2
64 62 0  56 0  26 1 1
65 56 0  34 1  27 1 2
66 39 1  56 1  69 1 1
67 55 1  85 0  31 1 1
68 45 1  81 1  46 1 2
69 63 1  53 1  75 1 2
70 117 1  80 1  69 1 2
71 45 1  91 0  80 1 2
72 68 0  29 1  61 0 1
73 77 1  42 1  79 1 1
74 83 0  25 1  62 0 1
75 90 0  25 1  69 0 1
76 103 0  57 0  28 1 1
77 34 1  46 1  36 1 1
78 106 1  99 1  69 1 1
79 94 0  36 1  24 1 1
80 35 1  87 0  30 1 1
81 93 0  79 0  37 1 1
82 80 0  27 1  50 1 1
83 73 0  35 1  62 1 1
84 116 0  64 1  44 1 1
85 61 1  52 1  47 1 1
86 44 1  78 1  68 1 1
87 109 1  92 1  64 1 2
88 44 1  96 0  56 1 1
89 92 1  58 1  72 1 3
90 111 0  50 1  67 1 1
(194,71,186) ; (0,0,0)
(110,55,218) ; (0,178,0)
(140,120,168) ; (447,0,0)
(92,109,174) ; (495,124,0)
(99,106,69) ; (0,72,0)
(174,73,213) ; (321,160,0)
(90,70,219) ; (110,163,0)
(181,96,82) ; (266,0,0)
(51,39,148) ; (444,121,0)
(90,91,108) ; (99,72,0)
(71,97,107) ; (194,0,0)
(120,79,72) ; (200,154,0)
(106,63,102) ; (338,97,0)
(84,56,96) ; (189,98,0)
(65,54,162) ; (273,100,0)
(98,103,50) ; (0,75,69)
(70,73,102) ; (200,160,72)
(50,25,92) ; (270,208,72)
(47,52,61) ; (273,156,72)
(99,95,56) ; (348,0,82)
(81,90,44) ; (267,0,82)
(80,50,27) ; (189,103,96)
(97,59,118) ; (341,100,102)
(70,48,112) ; (194,0,107)
(68,44,78) ; (194,48,107)
(85,55,108) ; (99,108,108)
(74,35,108) ; (99,72,108)
(97,95,29) ; (0,81,119)
(76,48,41) ; (189,105,123)
(76,90,27) ; (272,0,126)
(46,51,73) ; (274,157,133)
(77,42,79) ; (367,0,138)
(94,46,44) ; (350,42,138)
(54,95,71) ; (0,81,148)
(43,75,72) ; (54,101,148)
(48,39,70) ; (446,121,148)
(71,82,33) ; (277,0,153)
(63,53,26) ; (275,101,162)
(44,25,27) ; (276,208,164)
(66,42,26) ; (189,111,164)
(111,67,50) ; (474,0,168)
(99,42,25) ; (486,67,168)
(27,84,46) ; (447,0,168)
(36,32,50) ; (450,84,168)
(82,98,38) ; (497,134,174)
(66,68,29) ; (200,163,174)
(87,35,30) ; (357,42,182)
(46,36,34) ; (194,48,185)
(72,59,33) ; (0,0,186)
(54,56,34) ; (72,0,186)
(67,60,30) ; (126,0,186)
(63,25,33) ; (285,0,186)
(62,56,26) ; (286,25,186)
(63,53,26) ; (275,101,188)
(55,39,27) ; (189,114,190)
(94,36,24) ; (491,67,193)
