0.0803
25 2501
587 233 220
90
1 37 1  43 1  34 1 1
2 31 1  98 0  27 1 1
3 49 0  83 0  22 1 2
4 116 0  32 1  66 0 3
5 91 0  100 0  32 1 2
6 82 1  45 1  69 1 2
7 102 1  77 1  54 1 1
8 91 0  50 1  42 1 2
9 37 1  87 0  24 1 1
10 42 1  68 1  70 1 1
11 32 1  77 0  76 0 2
12 79 1  75 1  72 1 3
13 44 1  62 1  56 1 2
14 110 1  73 1  77 1 2
15 119 0  94 0  28 1 1
16 100 0  35 1  54 1 1
17 43 1  64 1  41 1 1
18 53 0  31 1  26 1 1
19 57 1  87 1  47 1 1
20 69 1  79 0  37 1 1
21 69 1  95 1  67 1 2
22 116 0  74 0  20 1 2
23 80 0  94 0  34 1 1
24 73 0  27 1  39 1 2
25 33 1  54 1  31 1 1
26 58 1  37 1  71 1 1
27 96 0  26 1  80 0 1
28 104 0  63 1  43 1 1
29 94 0  39 1  39 1 1
30 47 1  44 1  50 1 1
31 63 1  86 1  46 1 1
32 74 1  91 0  43 1 2
33 119 0  89 1  49 1 3
34 89 0  29 1  65 0 1
35 34 1  28 1  78 0 2
36 69 1  99 0  42 1 2
37 64 1  96 1  69 1 1
38 54 0  25 1  66 0 2
39 63 1  65 1  62 1 3
40 45 1  66 1  61 1 1
41 82 1  54 1  56 1 1
42 33 1  70 0  40 1 2
43 90 1  56 1  69 1 1
44 87 1  65 1  57 1 1
45 67 0  27 1  62 0 1
46 83 0  85 0  29 1 2
47 113 0  83 1  56 1 2
48 81 0  30 1  46 1 1
49 64 1  70 1  63 1 1
50 89 1  52 1  79 1 2
51 105 0  46 1  50 1 3
52 39 1  47 0  23 1 1
53 51 1  28 1  59 0 1
54 119 0  73 1  53 1 2
55 86 0  34 1  23 1 3
56 118 0  47 1  41 1 1
57 44 1  92 0  39 1 1
58 77 0  36 1  79 0 1
59 88 1  83 1  61 1 1
60 33 1  97 0  66 0 2
61 93 0  36 1  69 1 1
62 63 1  38 1  35 1 2
63 97 1  49 1  49 1 1
64 46 0  58 0  20 1 1
65 116 0  37 1  51 1 1
66 38 1  53 0  25 1 3
67 88 0  57 0  22 1 1
68 43 1  75 0  31 1 2
69 57 1  32 1  41 1 1
70 35 1  60 1  34 1 1
71 46 1  33 1  51 1 2
72 52 1  88 1  71 1 1
73 72 0  25 1  54 0 1
74 113 0  43 1  48 1 3
75 50 1  48 1  33 1 4
76 67 1  56 1  49 1 1
77 33 1  97 0  48 1 2
78 33 1  65 1  64 1 1
79 81 1  84 1  66 1 1
80 67 1  81 0  35 1 1
81 66 0  37 1  31 1 1
82 101 0  35 1  27 1 3
83 88 0  97 0  28 1 3
84 30 1  90 0  74 0 1
85 53 1  63 1  75 1 4
86 30 1  40 1  40 1 1
87 66 1  43 1  49 1 1
88 32 1  81 0  61 1 2
89 118 1  71 1  74 1 1
90 74 0  29 1  71 0 1
(216,75,142) ; (0,0,0)
(95,69,216) ; (0,164,0)
(119,147,185) ; (468,0,0)
(113,83,112) ; (474,150,0)
(104,89,102) ; (0,75,0)
(185,66,96) ; (95,167,0)
(91,86,124) ; (383,147,0)
(102,147,54) ; (366,0,0)
(105,92,50) ; (104,75,0)
(102,70,63) ; (281,163,0)
(71,74,147) ; (216,0,0)
(73,77,220) ; (293,0,0)
(69,90,56) ; (209,77,0)
(88,83,61) ; (278,80,0)
(100,91,92) ; (104,76,50)
(97,66,164) ; (369,0,54)
(67,81,119) ; (399,66,54)
(32,81,122) ; (367,66,54)
(65,89,29) ; (209,78,56)
(85,83,58) ; (281,80,61)
(99,69,120) ; (284,164,63)
(57,88,22) ; (209,79,85)
(65,63,124) ; (95,168,96)
(95,64,65) ; (160,167,96)
(25,53,76) ; (255,178,96)
(46,86,93) ; (0,75,102)
(56,82,54) ; (46,79,102)
(57,87,112) ; (209,80,107)
(105,83,46) ; (482,150,112)
(79,77,36) ; (287,86,119)
(88,52,71) ; (386,179,124)
(75,31,43) ; (399,148,124)
(39,73,54) ; (0,0,142)
(116,37,51) ; (39,0,142)
(58,37,71) ; (39,37,142)
(57,32,41) ; (97,37,142)
(56,67,49) ; (155,0,142)
(97,88,28) ; (104,76,142)
(70,68,42) ; (216,0,147)
(77,76,64) ; (289,87,155)
(56,78,34) ; (46,83,156)
(96,80,60) ; (488,153,158)
(88,62,56) ; (160,168,161)
(59,28,51) ; (415,151,167)
(97,49,49) ; (104,115,170)
(92,39,44) ; (104,76,170)
(25,53,38) ; (255,178,172)
(66,49,43) ; (399,66,173)
(66,31,37) ; (399,116,173)
(31,75,43) ; (368,66,176)
(54,31,33) ; (97,37,183)
(79,69,37) ; (298,164,183)
(101,27,35) ; (480,0,185)
(60,35,34) ; (521,27,185)
(43,37,34) ; (538,62,185)
(53,26,31) ; (468,27,185)
(70,40,33) ; (511,104,185)
(70,40,33) ; (468,62,185)
(40,40,30) ; (471,104,185)
(67,62,27) ; (216,0,189)
(54,72,25) ; (46,89,190)
(54,66,25) ; (155,0,191)
(98,31,27) ; (39,0,193)
(46,58,20) ; (0,75,195)
(83,49,22) ; (391,182,195)
(39,47,23) ; (0,0,196)
