0.0952
57 5701
587 233 220
90
1 94 1  51 1  77 1 1
2 56 0  90 0  22 1 3
3 96 1  70 1  53 1 1
4 100 1  60 1  80 1 1
5 110 0  48 1  61 1 1
6 63 1  64 1  72 1 1
7 79 0  39 1  76 1 1
8 110 0  40 1  35 1 1
9 55 1  87 1  44 1 2
10 101 0  26 1  34 1 1
11 36 1  97 0  28 1 1
12 118 0  89 1  48 1 2
13 86 0  52 0  21 1 1
14 58 1  59 1  57 1 1
15 46 1  81 1  72 1 2
16 41 1  66 1  66 1 1
17 45 1  83 0  29 1 1
18 33 1  59 1  74 0 1
19 108 0  31 1  25 1 2
20 98 0  46 1  45 1 1
21 73 0  35 1  34 1 2
22 57 1  63 1  39 1 2
23 68 1  43 1  50 1 2
24 43 1  33 1  27 1 1
25 67 1  70 1  52 1 3
26 86 1  51 1  53 1 2
27 78 1  49 1  68 1 1
28 100 0  100 0  35 1 1
29 80 1  52 1  69 1 3
30 64 1  59 1  74 1 1
31 114 0  100 0  43 1 1
32 39 1  95 0  36 1 1
33 46 1  65 1  55 1 1
34 110 0  38 1  71 1 1
35 47 1  99 0  28 1 1
36 100 0  85 0  27 1 1
37 102 1  85 1  60 1 1
38 101 1  80 1  61 1 1
39 32 1  25 1  51 0 1
40 66 1  76 1  53 1 1
41 55 0  96 0  22 1 2
42 58 1  67 0  33 1 1
43 73 0  25 1  50 0 1
44 65 1  58 1  78 1 1
45 118 0  63 1  33 1 1
46 101 0  36 1  30 1 1
47 44 1  95 0  53 1 2
48 90 0  42 1  53 1 2
49 78 0  32 1  23 1 2
50 31 1  26 1  34 1 2
51 35 1  47 1  48 1 1
52 79 0  29 1  80 0 1
53 100 0  42 1  29 1 3
54 99 0  45 1  48 1 2
55 53 0  29 1  23 1 2
56 89 1  55 1  49 1 1
57 100 0  91 0  41 1 1
58 117 0  99 0  45 1 1
59 82 1  64 1  80 1 1
60 100 0  45 1  71 1 3
61 59 1  92 1  73 1 1
62 99 0  37 1  52 1 1
63 101 0  41 0  20 1 3
64 80 0  70 0  20 1 3
65 43 1  92 0  38 1 1
66 81 0  89 0  24 1 2
67 62 1  63 1  49 1 1
68 59 0  72 0  29 1 2
69 89 0  37 1  72 1 1
70 42 1  93 0  24 1 2
71 30 1  79 0  44 1 2
72 95 1  68 1  70 1 3
73 45 1  57 1  58 1 2
74 105 0  31 1  35 1 1
75 39 1  99 0  65 1 1
76 115 0  87 0  36 1 1
77 96 0  82 0  20 1 2
78 87 1  80 1  52 1 1
79 58 1  37 1  42 1 1
80 56 1  36 1  56 1 1
81 62 1  80 1  48 1 1
82 119 0  54 1  47 1 2
83 57 1  39 1  53 1 1
84 75 1  68 1  73 1 1
85 113 1  70 1  76 1 1
86 105 1  81 1  69 1 2
87 35 1  54 1  79 0 2
88 102 1  57 1  69 1 2
89 120 0  27 1  66 0 2
90 106 1  96 1  70 1 2
(0,0,0) ; (99,48,45)
(0,48,0) ; (100,119,45)
(0,0,45) ; (99,48,90)
(0,48,45) ; (100,119,90)
(0,0,90) ; (99,117,135)
(518,0,0) ; (585,52,70)
(518,52,0) ; (587,133,105)
(518,133,0) ; (586,228,70)
(518,0,70) ; (585,52,140)
(518,133,70) ; (586,228,140)
(518,52,105) ; (587,133,210)
(518,0,140) ; (585,52,210)
(518,133,140) ; (586,228,210)
(0,119,0) ; (102,176,69)
(0,176,0) ; (102,233,69)
(0,119,69) ; (100,233,112)
(448,0,0) ; (518,53,96)
(448,53,0) ; (518,159,96)
(448,0,96) ; (517,52,176)
(448,52,96) ; (517,104,176)
(448,104,96) ; (517,156,176)
(459,159,0) ; (518,233,33)
(459,159,33) ; (518,232,125)
(100,0,0) ; (181,89,24)
(181,0,0) ; (299,89,48)
(100,0,24) ; (181,89,48)
(100,0,48) ; (151,86,101)
(151,0,48) ; (202,86,101)
(202,0,48) ; (297,44,101)
(202,44,48) ; (297,88,101)
(102,172,0) ; (202,232,80)
(202,172,0) ; (303,233,80)
(349,160,0) ; (384,233,34)
(384,160,0) ; (459,233,68)
(349,160,34) ; (384,233,68)
(349,160,68) ; (459,195,108)
(349,195,68) ; (459,233,139)
(349,160,108) ; (454,195,139)
(328,0,0) ; (447,47,54)
(328,47,0) ; (447,94,54)
(328,94,0) ; (448,160,27)
(328,94,27) ; (448,160,54)
(102,92,0) ; (166,172,82)
(166,92,0) ; (236,172,20)
(236,92,0) ; (287,169,94)
(166,92,20) ; (236,172,40)
(166,92,40) ; (201,171,94)
(201,92,40) ; (236,171,94)
(303,161,0) ; (349,233,81)
(303,161,81) ; (349,233,162)
(299,0,0) ; (328,100,42)
(299,0,42) ; (328,100,84)
(289,104,0) ; (328,161,53)
(289,104,53) ; (328,161,116)
(289,104,116) ; (328,161,179)
(371,0,54) ; (447,70,167)
(371,0,167) ; (447,66,220)
(329,70,54) ; (447,159,102)
(328,0,54) ; (371,68,104)
(328,0,104) ; (371,68,154)
(102,173,80) ; (174,232,109)
(174,173,80) ; (246,232,109)
(246,174,80) ; (303,232,139)
(246,174,139) ; (303,232,184)
(246,174,184) ; (302,230,220)
(102,92,82) ; (164,172,130)
(300,0,84) ; (328,99,131)
(166,105,94) ; (238,169,157)
(238,105,94) ; (287,167,157)
(100,0,101) ; (202,85,161)
(202,0,101) ; (292,56,123)
(202,0,123) ; (292,56,145)
(202,0,145) ; (292,56,167)
(202,0,167) ; (291,55,216)
(202,56,101) ; (281,86,145)
(202,56,145) ; (281,86,189)
(332,70,102) ; (447,157,138)
(102,177,109) ; (146,232,196)
(146,177,109) ; (190,232,196)
(102,177,196) ; (188,229,217)
(190,186,109) ; (245,232,174)
(190,186,174) ; (243,209,203)
(190,209,174) ; (243,232,203)
(0,163,112) ; (96,233,218)
(0,121,112) ; (90,163,165)
(0,121,165) ; (90,163,218)
(459,168,125) ; (518,232,199)
(102,92,130) ; (154,172,217)
(300,0,131) ; (328,97,167)
(0,0,135) ; (98,46,180)
(0,46,135) ; (99,111,174)
(382,70,138) ; (447,148,196)
(382,70,196) ; (414,148,219)
(414,70,196) ; (446,148,219)
(333,70,138) ; (382,148,206)
(354,188,139) ; (454,233,210)
(353,162,139) ; (454,188,173)
(330,0,154) ; (371,66,220)
(166,134,157) ; (284,167,220)
(166,109,157) ; (274,134,188)
(166,109,188) ; (274,134,219)
(100,0,161) ; (201,41,181)
(100,41,161) ; (201,82,181)
(304,175,162) ; (349,233,219)
(304,0,167) ; (328,93,209)
(361,164,173) ; (454,188,215)
(0,46,174) ; (83,75,219)
(0,75,174) ; (95,111,213)
(462,0,176) ; (517,96,198)
(462,0,198) ; (517,96,220)
(450,98,176) ; (517,156,209)
(295,118,179) ; (328,161,206)
(0,0,180) ; (92,43,218)
(100,0,181) ; (199,52,218)
(100,52,181) ; (201,82,217)
(202,56,189) ; (236,82,220)
(236,56,189) ; (270,82,220)
