0.0918
93 9301
587 233 220
90
1 112 0  93 0  21 1 1
2 107 1  98 1  69 1 2
3 90 0  65 0  21 1 1
4 110 0  49 1  54 1 2
5 70 1  67 1  47 1 1
6 66 1  64 1  48 1 2
7 45 1  26 1  76 0 1
8 118 0  51 1  55 1 1
9 68 1  61 1  77 1 2
10 70 0  26 1  41 1 1
11 56 1  69 1  62 1 3
12 45 1  99 0  41 1 1
13 30 1  93 0  68 0 1
14 79 1  89 1  80 1 1
15 70 0  94 0  29 1 2
16 52 1  49 1  56 1 1
17 48 1  54 1  63 1 2
18 104 1  62 1  63 1 1
19 71 1  94 1  49 1 1
20 100 1  70 1  57 1 2
21 44 1  78 1  65 1 1
22 41 1  33 1  33 1 1
23 35 1  71 0  61 1 2
24 83 1  51 1  44 1 1
25 64 0  27 1  38 1 1
26 112 1  74 1  67 1 2
27 85 1  67 1  55 1 1
28 51 1  44 1  40 1 1
29 39 1  37 1  32 1 1
30 103 0  83 0  29 1 1
31 59 1  88 1  53 1 1
32 45 1  94 0  48 1 1
33 84 1  80 1  63 1 1
34 33 1  44 1  40 1 1
35 84 1  70 1  74 1 1
36 38 1  63 1  74 1 2
37 59 1  62 1  67 1 1
38 36 1  85 0  51 1 1
39 56 1  82 1  65 1 1
40 67 0  28 1  44 1 1
41 109 1  92 1  73 1 1
42 117 1  76 1  69 1 1
43 70 1  85 1  57 1 2
44 96 0  36 1  24 1 1
45 78 0  85 0  33 1 1
46 58 1  89 0  31 1 1
47 110 1  56 1  56 1 1
48 35 1  64 1  35 1 1
49 89 1  58 1  67 1 2
50 93 1  47 1  64 1 2
51 119 1  76 1  61 1 1
52 89 1  63 1  47 1 1
53 32 1  75 0  33 1 1
54 81 1  100 1  64 1 1
55 34 1  44 1  42 1 1
56 53 1  44 1  46 1 1
57 55 1  89 1  65 1 1
58 96 1  87 1  72 1 1
59 68 0  40 1  32 1 1
60 72 1  84 1  77 1 1
61 53 1  94 0  33 1 1
62 94 1  73 1  60 1 1
63 67 1  46 1  60 1 1
64 41 1  37 1  21 1 1
65 112 0  36 1  21 1 1
66 59 1  58 1  58 1 1
67 37 1  35 1  60 1 1
68 91 1  50 1  79 1 2
69 82 0  27 1  26 1 1
70 37 1  39 1  69 1 1
71 101 1  89 1  52 1 1
72 99 0  33 1  26 1 1
73 62 1  57 1  44 1 1
74 50 0  41 1  23 1 3
75 110 0  57 0  28 1 2
76 91 0  45 1  73 1 1
77 55 1  52 1  49 1 1
78 120 0  50 1  53 1 3
79 71 1  94 0  41 1 1
80 60 1  83 1  62 1 1
81 75 0  38 1  34 1 1
82 60 0  27 1  65 0 1
83 38 1  88 0  60 1 2
84 102 0  59 1  35 1 2
85 83 0  93 0  31 1 1
86 78 1  71 1  78 1 2
87 73 1  90 1  76 1 1
88 94 1  77 1  72 1 1
89 78 1  94 1  62 1 1
90 100 1  97 1  57 1 1
(0,0,0) ; (120,53,50)
(0,53,0) ; (120,106,50)
(0,106,0) ; (120,159,50)
(120,0,0) ; (211,79,50)
(120,79,0) ; (211,158,50)
(491,0,0) ; (587,72,87)
(491,0,87) ; (585,72,164)
(491,0,164) ; (585,71,213)
(509,162,0) ; (587,233,78)
(509,162,78) ; (587,233,156)
(509,162,156) ; (586,230,217)
(0,159,0) ; (112,233,67)
(0,159,67) ; (112,233,134)
(520,73,0) ; (587,162,58)
(520,73,58) ; (587,162,116)
(520,73,116) ; (585,162,171)
(402,164,0) ; (509,233,98)
(402,164,98) ; (509,233,196)
(397,0,0) ; (491,73,60)
(397,0,60) ; (489,73,169)
(397,0,169) ; (488,73,214)
(112,159,0) ; (182,233,84)
(182,159,0) ; (259,231,84)
(441,73,0) ; (520,162,80)
(262,176,0) ; (332,233,100)
(332,176,0) ; (402,233,100)
(262,176,100) ; (332,233,185)
(332,176,100) ; (402,233,185)
(211,0,0) ; (304,64,47)
(304,0,0) ; (397,64,47)
(211,0,47) ; (277,64,95)
(277,0,47) ; (343,64,95)
(343,0,47) ; (397,63,95)
(389,75,0) ; (441,164,101)
(276,66,0) ; (333,176,28)
(333,66,0) ; (389,176,56)
(276,66,28) ; (333,176,56)
(211,64,0) ; (275,145,100)
(0,0,50) ; (69,62,106)
(69,0,50) ; (138,62,106)
(138,0,50) ; (207,62,106)
(0,0,106) ; (88,60,144)
(88,0,106) ; (207,61,182)
(0,0,144) ; (88,60,182)
(0,62,50) ; (71,156,91)
(0,62,91) ; (70,156,120)
(0,62,120) ; (70,156,149)
(0,62,149) ; (68,155,179)
(71,62,50) ; (149,156,112)
(149,62,50) ; (210,130,127)
(149,135,50) ; (199,158,91)
(278,127,56) ; (334,176,108)
(334,127,56) ; (389,176,108)
(278,127,108) ; (388,176,162)
(278,127,162) ; (388,176,216)
(278,66,56) ; (345,125,118)
(345,66,56) ; (389,123,118)
(467,74,80) ; (520,162,139)
(467,74,139) ; (518,114,183)
(467,114,139) ; (520,160,183)
(441,80,80) ; (467,162,107)
(112,162,84) ; (229,231,160)
(229,164,84) ; (257,231,128)
(149,135,91) ; (199,158,132)
(317,0,95) ; (397,63,179)
(211,0,95) ; (315,63,157)
(211,64,100) ; (274,138,138)
(390,79,101) ; (441,164,137)
(441,86,107) ; (467,162,152)
(71,62,112) ; (147,152,185)
(292,66,118) ; (389,123,218)
(149,62,127) ; (209,129,173)
(229,167,128) ; (256,231,166)
(149,135,132) ; (199,158,173)
(0,166,134) ; (55,233,219)
(55,168,134) ; (111,233,216)
(390,120,137) ; (441,164,220)
(397,79,137) ; (441,119,170)
(211,64,138) ; (274,138,176)
(441,92,152) ; (467,162,193)
(211,0,157) ; (294,60,219)
(294,0,157) ; (315,41,194)
(112,172,160) ; (170,231,218)
(170,168,160) ; (224,231,208)
(404,79,170) ; (441,118,202)
(522,73,171) ; (585,162,218)
(149,62,173) ; (209,127,200)
(211,64,176) ; (272,135,211)
(0,62,179) ; (32,130,219)
(32,62,179) ; (65,95,220)
(32,95,179) ; (67,155,216)
(326,0,179) ; (397,61,214)
(0,0,182) ; (102,59,217)
(102,0,182) ; (204,59,217)
(479,91,183) ; (518,160,220)
(71,62,185) ; (109,137,219)
(109,62,185) ; (144,126,220)
(360,189,185) ; (402,233,219)
(266,180,185) ; (360,233,218)
(419,168,196) ; (509,233,217)
