0.0969
70 7001
587 233 220
90
1 73 0  29 1  65 0 3
2 60 1  77 1  45 1 2
3 98 0  55 0  27 1 2
4 113 0  47 1  35 1 1
5 49 1  80 1  63 1 1
6 48 1  80 1  72 1 1
7 94 0  98 0  32 1 2
8 101 0  45 1  69 1 2
9 92 1  88 1  56 1 1
10 76 0  32 1  26 1 1
11 60 1  57 1  44 1 1
12 46 1  52 1  44 1 1
13 37 1  38 1  60 1 2
14 104 0  92 0  38 1 1
15 75 1  56 1  43 1 1
16 37 1  54 0  27 1 1
17 51 1  87 1  62 1 1
18 102 0  70 1  42 1 1
19 106 0  31 1  76 0 1
20 40 1  42 1  72 1 1
21 92 1  86 1  47 1 2
22 113 1  96 1  60 1 1
23 81 1  65 1  62 1 2
24 78 1  91 1  56 1 1
25 102 0  91 0  30 1 1
26 69 0  73 0  22 1 1
27 74 0  28 1  41 1 2
28 49 1  100 0  80 1 1
29 95 1  76 1  77 1 2
30 31 1  31 1  60 1 1
31 117 0  98 0  35 1 1
32 32 1  87 0  42 1 1
33 42 1  33 1  53 1 1
34 70 1  91 1  74 1 1
35 72 1  99 1  58 1 2
36 83 1  69 1  54 1 1
37 32 1  56 1  51 1 1
38 110 0  42 1  65 1 2
39 41 1  94 0  25 1 2
40 71 0  33 1  27 1 1
41 62 0  32 1  20 1 1
42 100 0  33 1  27 1 1
43 93 1  93 1  76 1 1
44 118 0  91 0  24 1 1
45 68 1  77 1  77 1 1
46 62 1  82 1  74 1 3
47 50 0  32 1  24 1 1
48 37 1  33 1  31 1 1
49 95 0  27 1  58 0 1
50 43 1  95 0  38 1 1
51 111 0  42 1  27 1 3
52 88 1  83 1  53 1 1
53 76 0  76 0  34 1 1
54 70 1  78 1  74 1 1
55 46 1  79 0  28 1 1
56 75 0  85 0  31 1 1
57 68 0  68 0  23 1 2
58 70 0  49 1  29 1 1
59 63 1  42 1  49 1 1
60 113 0  39 1  80 0 1
61 55 1  30 1  46 1 4
62 106 0  44 0  20 1 1
63 66 0  52 1  30 1 4
64 113 0  94 0  46 1 2
65 30 1  67 0  63 0 3
66 80 1  94 1  62 1 1
67 113 0  51 1  74 1 2
68 114 1  63 1  74 1 1
69 90 1  85 1  47 1 2
70 69 1  52 1  59 1 1
71 38 1  32 1  58 1 2
72 84 1  47 1  48 1 2
73 57 1  31 1  34 1 1
74 113 1  83 1  75 1 1
75 82 0  25 1  56 0 1
76 78 0  62 1  36 1 2
77 74 1  71 1  67 1 1
78 112 0  88 0  38 1 1
79 88 0  92 0  21 1 4
80 104 1  87 1  53 1 2
81 45 1  97 0  36 1 3
82 46 1  33 1  36 1 2
83 75 0  77 0  26 1 1
84 49 0  95 0  23 1 3
85 100 0  96 0  20 1 1
86 116 0  59 0  29 1 1
87 51 1  44 1  59 1 1
88 88 0  33 1  56 1 1
89 33 1  52 1  29 1 2
90 117 0  56 1  67 1 1
(0,0,0) ; (82,62,74)
(0,62,0) ; (82,124,74)
(0,0,74) ; (81,62,139)
(0,62,74) ; (81,124,139)
(0,0,139) ; (78,62,175)
(0,62,139) ; (78,124,175)
(388,0,0) ; (474,47,92)
(388,47,0) ; (474,94,92)
(474,0,0) ; (587,94,46)
(474,0,46) ; (587,94,92)
(388,0,92) ; (476,92,148)
(476,0,92) ; (554,91,148)
(554,0,92) ; (587,88,148)
(510,138,0) ; (587,233,76)
(510,138,76) ; (587,233,152)
(510,138,152) ; (587,183,212)
(510,183,152) ; (587,228,212)
(0,127,0) ; (104,180,87)
(0,180,0) ; (104,233,87)
(0,127,87) ; (101,196,132)
(0,196,87) ; (97,232,132)
(436,163,0) ; (510,233,78)
(436,163,78) ; (510,233,169)
(436,163,169) ; (509,232,191)
(436,163,191) ; (509,228,220)
(82,0,0) ; (172,47,85)
(82,0,85) ; (172,47,170)
(82,0,170) ; (166,47,218)
(512,94,0) ; (587,137,56)
(104,119,0) ; (155,232,74)
(155,119,0) ; (206,232,74)
(206,119,0) ; (269,233,74)
(82,47,0) ; (181,119,58)
(82,47,58) ; (181,119,116)
(82,47,116) ; (179,83,161)
(82,83,116) ; (179,119,161)
(393,96,0) ; (510,163,56)
(393,96,56) ; (445,162,86)
(445,96,56) ; (508,163,86)
(393,96,86) ; (445,162,116)
(445,96,86) ; (508,163,116)
(393,96,116) ; (445,162,146)
(445,96,116) ; (508,163,146)
(384,164,0) ; (436,233,59)
(384,164,59) ; (436,230,89)
(172,0,0) ; (283,42,27)
(172,0,27) ; (283,42,54)
(172,0,54) ; (283,42,81)
(172,0,81) ; (282,42,146)
(284,0,0) ; (388,92,38)
(284,0,38) ; (386,91,68)
(271,150,0) ; (384,233,75)
(181,42,0) ; (274,118,93)
(310,96,0) ; (393,150,69)
(269,118,0) ; (307,150,58)
(269,118,58) ; (307,150,116)
(513,94,56) ; (587,135,84)
(513,94,84) ; (587,135,112)
(286,0,68) ; (386,49,148)
(286,0,148) ; (381,49,171)
(284,49,68) ; (386,91,138)
(310,97,69) ; (393,150,157)
(104,119,74) ; (200,232,134)
(200,152,74) ; (263,232,123)
(200,152,123) ; (262,232,217)
(200,119,74) ; (229,152,126)
(229,119,74) ; (258,152,126)
(271,153,75) ; (384,233,114)
(385,168,89) ; (436,230,176)
(385,168,176) ; (436,227,220)
(181,42,93) ; (266,117,124)
(515,94,112) ; (587,134,154)
(316,156,114) ; (384,233,191)
(271,173,114) ; (315,233,171)
(269,119,116) ; (306,150,149)
(181,42,124) ; (261,114,172)
(200,122,126) ; (255,152,172)
(200,122,172) ; (255,152,218)
(0,134,132) ; (95,183,155)
(0,183,132) ; (95,232,155)
(0,134,155) ; (94,232,187)
(0,134,187) ; (94,232,219)
(104,144,134) ; (196,232,155)
(104,144,155) ; (196,232,176)
(104,144,176) ; (196,232,197)
(104,144,197) ; (196,232,218)
(104,119,134) ; (198,144,175)
(104,119,175) ; (198,144,216)
(323,49,138) ; (386,91,187)
(286,49,138) ; (323,87,198)
(426,100,146) ; (508,162,220)
(172,0,146) ; (282,42,211)
(393,116,146) ; (426,162,182)
(393,116,182) ; (426,162,218)
(520,0,148) ; (587,74,219)
(408,0,148) ; (520,88,186)
(388,0,148) ; (408,62,180)
(269,119,149) ; (303,150,206)
(550,94,154) ; (587,132,214)
(519,94,154) ; (550,125,214)
(313,99,157) ; (369,150,189)
(369,99,157) ; (393,149,189)
(82,47,161) ; (169,89,193)
(82,89,161) ; (128,119,216)
(128,89,161) ; (174,119,216)
(297,0,171) ; (381,47,219)
(271,181,171) ; (315,233,217)
(181,42,172) ; (249,110,195)
(0,0,175) ; (69,101,220)
(444,0,186) ; (520,76,220)
(417,0,186) ; (444,71,219)
(333,49,187) ; (386,91,220)
(314,103,189) ; (393,149,217)
(319,160,191) ; (384,233,220)
(82,47,193) ; (158,79,219)
(181,42,195) ; (249,110,218)
