0.0895
30 3001
587 233 220
90
1 73 0  68 1  35 1 1
2 45 1  67 1  60 1 1
3 57 1  48 1  78 1 1
4 55 1  60 1  42 1 1
5 70 1  42 1  74 1 1
6 106 0  30 1  34 1 1
7 58 1  44 1  34 1 2
8 85 0  79 1  40 1 1
9 88 1  60 1  59 1 1
10 95 1  99 1  59 1 2
11 50 1  78 1  59 1 1
12 63 1  57 1  73 1 1
13 44 1  64 0  26 1 3
14 38 1  87 0  33 1 2
15 94 1  53 1  56 1 1
16 97 1  60 1  51 1 1
17 84 1  61 1  61 1 2
18 111 0  33 1  27 1 1
19 62 0  65 0  21 1 2
20 48 1  30 1  64 0 2
21 44 1  59 1  60 1 2
22 98 1  52 1  66 1 1
23 81 0  77 0  34 1 2
24 109 0  68 1  46 1 2
25 73 1  40 1  53 1 1
26 67 1  42 1  76 1 3
27 66 0  38 1  30 1 1
28 81 0  67 0  21 1 2
29 103 1  63 1  77 1 1
30 79 0  62 0  28 1 1
31 50 1  36 1  47 1 1
32 75 0  27 1  28 1 1
33 117 1  95 1  74 1 3
34 73 1  51 1  63 1 1
35 115 1  66 1  74 1 1
36 62 1  37 1  48 1 1
37 83 1  61 1  55 1 2
38 78 1  49 1  54 1 1
39 102 0  28 1  63 0 1
40 31 1  92 0  64 0 1
41 39 1  29 1  32 1 1
42 54 1  60 1  69 1 1
43 73 1  80 1  47 1 1
44 110 0  96 0  35 1 1
45 84 1  67 1  44 1 1
46 111 0  81 1  53 1 2
47 78 0  52 1  32 1 2
48 39 1  78 0  22 1 1
49 91 0  29 1  32 1 1
50 67 1  39 1  65 1 2
51 94 0  36 1  44 1 2
52 58 1  39 1  72 1 1
53 65 1  47 1  73 1 1
54 91 1  80 1  62 1 2
55 33 1  62 1  68 0 1
56 80 1  68 1  63 1 1
57 33 1  70 0  42 1 3
58 72 1  67 1  79 1 1
59 120 0  41 1  51 1 2
60 33 1  47 0  22 1 1
61 78 1  45 1  57 1 1
62 93 1  48 1  63 1 1
63 51 1  73 1  48 1 3
64 111 0  39 1  71 1 1
65 62 1  32 1  50 1 1
66 80 1  67 1  45 1 1
67 68 0  47 0  21 1 2
68 44 1  41 1  77 1 2
69 93 1  73 1  62 1 1
70 69 0  87 0  24 1 1
71 63 1  58 1  64 1 1
72 49 1  99 0  75 1 1
73 103 0  92 1  47 1 1
74 51 1  92 1  70 1 3
75 100 0  52 1  38 1 3
76 48 1  57 1  35 1 3
77 69 1  59 1  36 1 4
78 119 0  71 1  53 1 2
79 79 0  100 0  27 1 2
80 65 1  60 1  33 1 1
81 114 0  57 1  55 1 2
82 72 0  25 1  60 0 2
83 57 1  86 0  39 1 1
84 32 1  95 0  48 1 1
85 56 1  63 1  67 1 1
86 43 1  28 1  25 1 1
87 60 0  32 1  26 1 1
88 110 0  61 0  30 1 3
89 53 1  81 0  39 1 1
90 88 0  50 0  24 1 2
(109,68,172) ; (0,0,0)
(321,118,95) ; (266,0,0)
(80,62,214) ; (0,171,0)
(73,111,90) ; (514,122,0)
(117,103,92) ; (0,68,0)
(162,111,110) ; (352,122,0)
(110,61,173) ; (80,172,0)
(157,67,84) ; (109,0,0)
(100,104,90) ; (117,68,0)
(162,60,69) ; (190,173,0)
(119,53,142) ; (217,120,0)
(48,51,73) ; (217,67,0)
(154,59,88) ; (190,173,69)
(48,51,73) ; (217,67,73)
(121,63,135) ; (109,0,84)
(30,66,86) ; (230,0,84)
(67,78,125) ; (518,155,90)
(70,33,104) ; (515,122,90)
(97,51,60) ; (117,121,90)
(94,53,56) ; (117,68,90)
(49,99,107) ; (0,71,92)
(66,74,115) ; (49,96,92)
(64,26,88) ; (49,68,92)
(84,61,122) ; (503,0,95)
(78,52,64) ; (509,61,95)
(72,67,121) ; (431,0,95)
(78,49,54) ; (431,67,95)
(162,77,97) ; (269,0,95)
(154,40,53) ; (277,77,95)
(158,100,27) ; (356,127,110)
(120,51,82) ; (394,176,137)
(73,47,80) ; (441,129,137)
(37,48,62) ; (357,179,137)
(77,44,82) ; (364,132,137)
(116,50,78) ; (217,123,142)
(94,44,72) ; (117,68,146)
(47,50,36) ; (217,67,146)
(58,39,72) ; (373,77,148)
(87,38,33) ; (286,77,148)
(74,42,70) ; (435,67,149)
(92,51,70) ; (117,121,150)
(131,58,63) ; (190,173,157)
(22,47,33) ; (322,184,157)
(78,45,57) ; (509,61,159)
(30,64,48) ; (230,0,170)
(73,65,47) ; (0,0,172)
(26,64,44) ; (73,0,172)
(86,57,39) ; (80,176,173)
(43,25,28) ; (49,68,180)
(87,33,38) ; (286,77,181)
(39,32,29) ; (217,67,182)
(79,62,28) ; (350,0,192)
(75,28,27) ; (275,0,192)
(78,39,22) ; (272,28,192)
(47,68,21) ; (0,98,199)
