0.0909
32 3201
587 233 220
90
1 60 0  44 0  20 1 1
2 33 1  87 0  66 0 1
3 30 1  46 1  40 1 1
4 35 1  84 0  46 1 1
5 81 1  58 1  67 1 1
6 35 1  30 1  46 1 3
7 42 1  40 1  35 1 1
8 44 1  69 1  66 1 6
9 83 0  40 1  71 1 1
10 96 1  51 1  59 1 2
11 67 0  26 1  41 1 1
12 112 0  94 0  40 1 2
13 78 0  37 1  65 1 3
14 61 1  33 1  68 0 1
15 114 0  94 0  27 1 1
16 71 1  61 1  61 1 1
17 70 1  49 1  79 1 2
18 49 1  41 1  45 1 1
19 113 0  45 1  24 1 1
20 75 1  39 1  51 1 1
21 94 0  47 1  56 1 1
22 41 1  75 1  62 1 1
23 103 1  63 1  52 1 1
24 96 1  64 1  58 1 2
25 67 1  56 1  44 1 1
26 113 0  46 1  75 1 1
27 50 1  97 1  59 1 1
28 45 1  47 1  27 1 1
29 95 1  68 1  59 1 2
30 113 0  28 1  47 1 2
31 118 1  89 1  70 1 1
32 49 1  86 1  69 1 1
33 54 1  54 1  31 1 1
34 96 0  74 1  39 1 2
35 37 1  68 1  58 1 1
36 34 1  87 0  75 0 1
37 57 1  44 1  60 1 1
38 63 0  46 1  26 1 1
39 46 0  61 0  22 1 2
40 44 1  44 1  40 1 1
41 102 1  53 1  58 1 2
42 59 1  57 1  39 1 1
43 105 1  81 1  63 1 4
44 107 0  46 1  57 1 1
45 76 1  51 1  73 1 1
46 78 1  89 1  54 1 2
47 118 0  45 1  45 1 1
48 71 0  35 1  44 1 1
49 30 1  76 0  80 0 2
50 60 1  51 1  31 1 4
51 59 1  51 1  54 1 1
52 110 0  38 1  63 1 1
53 78 0  78 0  39 1 1
54 90 1  75 1  78 1 1
55 86 0  67 1  36 1 2
56 48 1  86 1  61 1 1
57 76 0  93 0  25 1 1
58 83 0  84 0  30 1 1
59 64 0  81 0  26 1 2
60 120 0  68 1  50 1 1
61 115 1  64 1  70 1 1
62 101 0  40 1  75 1 1
63 43 1  74 1  54 1 2
64 72 1  59 1  80 1 1
65 73 1  45 1  53 1 2
66 53 1  75 1  68 1 1
67 87 1  60 1  62 1 1
68 41 1  34 1  75 0 1
69 110 0  96 1  54 1 3
70 73 1  38 1  64 1 1
71 91 1  80 1  65 1 3
72 52 1  81 0  33 1 1
73 41 1  31 1  52 1 1
74 115 0  46 1  43 1 1
75 59 1  43 1  45 1 1
76 47 1  92 1  50 1 1
77 90 0  94 0  33 1 1
78 94 0  96 0  21 1 1
79 100 0  82 0  39 1 1
80 108 0  71 0  27 1 1
81 75 1  44 1  56 1 1
82 67 1  87 0  38 1 1
83 36 1  62 1  79 0 1
84 67 1  38 1  78 0 2
85 56 1  65 1  34 1 1
86 58 0  33 1  24 1 1
87 54 1  95 0  30 1 1
88 55 1  75 1  57 1 2
89 113 0  48 1  59 1 1
90 43 1  87 0  40 1 1
(96,119,118) ; (0,0,0)
(89,70,217) ; (498,0,0)
(162,110,159) ; (425,123,0)
(94,114,95) ; (0,119,0)
(102,53,147) ; (485,70,0)
(88,69,217) ; (410,0,0)
(258,81,91) ; (94,152,0)
(105,63,214) ; (96,0,0)
(60,87,113) ; (96,63,0)
(71,61,61) ; (354,172,0)
(78,54,217) ; (407,69,0)
(116,64,166) ; (294,0,0)
(90,75,131) ; (201,0,0)
(43,87,40) ; (156,63,0)
(70,49,79) ; (355,123,0)
(110,57,121) ; (297,64,0)
(87,75,101) ; (199,75,0)
(60,31,102) ; (295,121,0)
(43,54,74) ; (156,63,40)
(40,30,46) ; (156,120,40)
(68,58,118) ; (357,175,61)
(70,49,79) ; (355,123,79)
(35,30,46) ; (156,120,86)
(161,78,104) ; (94,152,91)
(96,75,41) ; (256,155,91)
(38,110,63) ; (0,121,95)
(56,67,78) ; (38,164,95)
(56,44,75) ; (38,120,95)
(83,71,40) ; (199,75,101)
(54,31,54) ; (301,121,102)
(59,80,72) ; (96,63,113)
(43,54,74) ; (156,63,114)
(46,113,99) ; (0,0,118)
(48,113,59) ; (46,0,118)
(94,56,47) ; (310,64,121)
(48,61,86) ; (201,0,131)
(38,73,64) ; (249,0,131)
(68,75,53) ; (284,155,132)
(35,30,46) ; (156,120,132)
(26,67,41) ; (256,163,132)
(78,67,76) ; (199,75,141)
(76,51,73) ; (510,70,147)
(46,30,35) ; (309,122,156)
(36,79,62) ; (0,152,158)
(57,44,60) ; (368,128,158)
(50,97,59) ; (537,131,159)
(112,94,40) ; (425,134,159)
(81,33,52) ; (328,0,166)
(95,30,54) ; (314,33,166)
(92,47,50) ; (312,64,168)
(45,41,49) ; (38,123,170)
(45,27,47) ; (38,202,173)
(42,35,40) ; (38,167,173)
(26,63,46) ; (256,167,173)
(45,59,43) ; (46,0,177)
(44,44,40) ; (46,59,177)
(59,57,39) ; (365,176,179)
(44,71,35) ; (96,63,185)
(68,61,33) ; (284,169,185)
(93,76,25) ; (94,152,195)
(46,61,22) ; (187,167,195)
(33,58,24) ; (249,0,195)
(96,94,21) ; (441,134,199)
