0.0923
64 6401
587 233 220
90
1 59 1  45 1  51 1 1
2 30 1  52 1  79 0 3
3 98 0  51 1  47 1 1
4 99 0  76 1  44 1 4
5 88 1  47 1  51 1 2
6 105 0  25 1  20 1 1
7 109 0  60 0  23 1 2
8 64 1  59 1  51 1 1
9 64 1  43 1  70 1 1
10 86 1  57 1  78 1 2
11 55 1  58 1  52 1 1
12 105 0  30 1  52 1 2
13 39 1  98 0  39 1 2
14 116 0  44 1  32 1 1
15 80 0  62 1  35 1 1
16 84 1  65 1  62 1 1
17 88 1  99 1  77 1 1
18 50 1  69 1  40 1 2
19 105 0  58 1  44 1 2
20 100 0  32 1  69 0 1
21 35 1  71 0  65 1 1
22 114 0  93 0  21 1 2
23 96 1  59 1  53 1 1
24 63 1  89 1  49 1 1
25 112 0  25 1  31 1 2
26 40 1  87 0  70 1 1
27 72 0  41 0  20 1 3
28 32 1  97 0  51 1 2
29 60 1  58 1  69 1 2
30 103 0  94 0  42 1 1
31 117 0  43 1  47 1 1
32 77 0  33 1  54 1 1
33 36 1  33 1  63 1 2
34 118 0  52 1  43 1 3
35 119 1  82 1  75 1 1
36 114 0  25 1  76 0 2
37 34 1  93 0  41 1 1
38 65 1  34 1  35 1 1
39 97 0  34 1  32 1 2
40 90 0  68 0  20 1 3
41 63 1  91 1  59 1 2
42 78 1  46 1  58 1 1
43 82 0  30 1  54 1 2
44 48 1  55 1  63 1 2
45 62 1  82 0  40 1 3
46 47 1  54 1  61 1 1
47 56 1  45 1  44 1 1
48 111 0  37 1  50 1 1
49 104 0  30 1  38 1 2
50 56 1  57 1  34 1 1
51 56 0  49 1  26 1 2
52 53 1  68 1  60 1 3
53 96 1  63 1  80 1 1
54 69 1  51 1  58 1 2
55 59 0  38 1  22 1 2
56 57 1  39 1  48 1 2
57 73 1  41 1  64 1 1
58 113 1  92 1  70 1 1
59 50 1  96 0  40 1 1
60 113 0  42 0  21 1 1
61 50 1  76 0  37 1 1
62 92 1  48 1  54 1 4
63 67 1  73 1  45 1 2
64 111 0  25 1  55 0 3
65 92 0  65 1  45 1 2
66 63 1  56 1  75 1 1
67 54 1  72 1  77 1 2
68 33 1  47 1  72 0 3
69 89 0  34 1  79 0 2
70 106 0  31 1  49 1 2
71 53 1  48 1  45 1 1
72 72 0  32 1  44 1 1
73 120 0  64 0  27 1 2
74 103 0  30 1  29 1 1
75 58 1  36 1  32 1 2
76 54 1  63 1  55 1 2
77 108 0  97 0  21 1 2
78 118 1  65 1  76 1 1
79 37 1  57 1  67 1 2
80 30 1  94 0  75 0 1
81 33 1  57 1  55 1 1
82 88 1  45 1  72 1 1
83 111 0  27 1  49 1 3
84 57 1  57 1  43 1 2
85 95 0  68 1  37 1 1
86 34 1  91 0  29 1 2
87 84 1  78 1  49 1 1
88 106 0  47 0  21 1 1
89 93 1  79 1  57 1 1
90 119 0  95 1  57 1 1
(111,113,168) ; (0,0,0)
(156,78,220) ; (431,0,0)
(92,153,130) ; (495,80,0)
(82,120,137) ; (0,113,0)
(65,118,167) ; (82,115,0)
(73,155,99) ; (422,78,0)
(107,114,99) ; (111,0,0)
(104,118,116) ; (147,115,0)
(97,64,220) ; (334,0,0)
(114,93,91) ; (308,140,0)
(60,109,98) ; (218,0,0)
(99,76,44) ; (323,64,0)
(57,119,95) ; (251,114,0)
(56,63,75) ; (278,0,0)
(40,50,69) ; (283,63,0)
(99,74,149) ; (323,64,44)
(40,50,69) ; (283,63,69)
(49,63,89) ; (285,0,75)
(108,91,34) ; (313,141,91)
(52,118,43) ; (251,115,95)
(53,68,120) ; (218,0,98)
(57,34,111) ; (218,68,98)
(70,87,40) ; (424,145,99)
(105,105,88) ; (111,0,99)
(71,65,78) ; (423,78,99)
(97,108,21) ; (147,121,116)
(57,79,93) ; (364,151,125)
(49,78,84) ; (315,152,125)
(84,100,62) ; (500,133,130)
(79,52,30) ; (505,80,130)
(49,106,83) ; (0,126,137)
(32,116,44) ; (49,116,137)
(94,103,42) ; (147,126,137)
(50,111,37) ; (251,122,138)
(34,35,65) ; (289,63,138)
(58,46,78) ; (436,186,139)
(64,41,73) ; (430,145,139)
(64,51,59) ; (520,80,160)
(47,61,54) ; (287,0,164)
(59,96,53) ; (82,137,167)
(59,22,38) ; (82,115,167)
(98,47,51) ; (0,0,168)
(55,58,52) ; (0,47,168)
(45,59,51) ; (55,47,168)
(48,53,45) ; (251,180,175)
(45,56,44) ; (251,124,175)
(66,63,36) ; (427,78,177)
(90,68,40) ; (147,161,179)
(93,34,41) ; (147,127,179)
(30,104,38) ; (49,128,181)
(100,69,32) ; (111,0,187)
(105,25,20) ; (111,69,187)
(68,90,20) ; (512,143,192)
(82,72,20) ; (340,64,193)
