0.0965
72 7201
587 233 220
90
1 117 1  72 1  79 1 1
2 60 1  46 1  42 1 2
3 82 1  68 1  67 1 1
4 60 1  45 1  64 1 1
5 52 1  83 0  36 1 1
6 56 1  79 1  51 1 1
7 106 0  96 0  42 1 1
8 54 1  29 1  48 1 1
9 118 1  88 1  80 1 1
10 116 0  28 1  43 1 1
11 74 0  90 0  22 1 1
12 64 1  33 1  80 0 1
13 88 0  36 1  53 1 1
14 34 1  59 1  74 0 2
15 120 1  88 1  80 1 1
16 77 1  88 1  74 1 2
17 113 0  55 0  24 1 1
18 38 1  46 1  24 1 3
19 61 1  84 1  50 1 1
20 108 0  94 0  38 1 2
21 32 1  29 1  76 0 2
22 48 1  62 1  49 1 1
23 68 0  76 0  29 1 1
24 107 0  78 1  44 1 2
25 90 1  56 1  69 1 1
26 51 0  83 0  25 1 1
27 69 0  40 1  27 1 1
28 40 1  38 1  59 1 1
29 80 0  89 0  35 1 1
30 104 1  56 1  56 1 1
31 62 0  25 1  43 1 1
32 41 1  43 1  59 1 1
33 35 1  71 0  65 1 1
34 95 1  61 1  49 1 1
35 34 1  48 1  54 1 1
36 93 0  46 1  39 1 1
37 43 1  79 0  31 1 1
38 87 1  96 1  58 1 1
39 67 0  43 1  24 1 1
40 89 1  57 1  54 1 1
41 94 1  67 1  51 1 1
42 88 1  92 1  76 1 1
43 51 1  66 1  71 1 2
44 60 1  60 1  67 1 1
45 118 1  63 1  61 1 1
46 42 1  80 1  53 1 1
47 62 1  81 0  37 1 1
48 42 1  37 1  78 0 1
49 97 1  61 1  59 1 3
50 59 1  46 1  75 1 1
51 115 1  76 1  80 1 1
52 31 1  36 1  69 0 1
53 60 1  83 1  77 1 1
54 58 1  89 1  51 1 1
55 67 1  91 1  76 1 2
56 91 1  61 1  80 1 1
57 79 1  72 1  72 1 1
58 70 1  49 1  57 1 1
59 112 0  97 0  20 1 1
60 89 0  53 1  32 1 1
61 77 1  55 1  73 1 1
62 71 1  89 0  44 1 1
63 46 1  97 0  47 1 1
64 97 1  82 1  70 1 2
65 71 1  63 1  79 1 1
66 100 1  95 1  51 1 2
67 30 1  49 1  66 0 1
68 108 1  69 1  75 1 1
69 120 0  76 1  59 1 1
70 102 1  88 1  80 1 1
71 77 1  92 1  52 1 1
72 109 1  56 1  71 1 1
73 74 1  46 1  71 1 1
74 47 1  60 1  44 1 2
75 59 1  41 1  35 1 1
76 70 0  43 1  31 1 1
77 54 1  62 1  64 1 1
78 119 0  78 0  29 1 1
79 75 0  26 1  49 1 1
80 79 1  51 1  42 1 1
81 107 1  98 1  61 1 1
82 79 1  82 1  49 1 2
83 34 1  74 0  53 1 1
84 73 1  88 1  71 1 1
85 78 1  54 1  77 1 1
86 51 1  37 1  65 1 1
87 106 0  89 0  33 1 2
88 111 0  47 1  37 1 1
89 32 1  70 0  55 1 1
90 43 1  35 1  26 1 2
(120,160,149) ; (0,0,0)
(98,82,219) ; (489,0,0)
(74,150,88) ; (513,83,0)
(79,72,189) ; (0,161,0)
(263,94,76) ; (250,139,0)
(66,71,216) ; (79,162,0)
(88,80,218) ; (401,0,0)
(98,61,215) ; (120,0,0)
(100,51,215) ; (145,182,0)
(56,56,104) ; (457,82,0)
(92,77,119) ; (120,61,0)
(107,78,171) ; (294,0,0)
(67,24,43) ; (120,138,0)
(148,59,34) ; (309,80,0)
(76,80,115) ; (218,0,0)
(60,44,140) ; (187,138,0)
(96,58,87) ; (212,80,0)
(78,59,73) ; (379,80,34)
(70,57,49) ; (309,80,34)
(38,24,46) ; (120,138,43)
(212,89,33) ; (301,141,76)
(51,89,58) ; (250,141,76)
(69,56,90) ; (310,80,83)
(89,57,54) ; (212,80,87)
(67,51,131) ; (517,182,88)
(62,99,64) ; (522,83,88)
(56,51,79) ; (457,82,104)
(73,55,109) ; (382,80,107)
(97,86,46) ; (416,144,109)
(68,82,67) ; (348,148,109)
(44,89,71) ; (304,141,109)
(74,46,71) ; (218,0,115)
(74,34,53) ; (218,46,115)
(90,74,22) ; (120,61,119)
(50,84,61) ; (250,146,134)
(53,42,80) ; (187,138,140)
(83,36,52) ; (120,61,141)
(88,36,79) ; (120,97,141)
(78,54,77) ; (212,80,141)
(108,75,69) ; (0,0,149)
(109,56,71) ; (0,104,149)
(116,28,43) ; (0,75,149)
(60,60,67) ; (522,122,152)
(59,38,40) ; (523,83,152)
(91,80,61) ; (418,150,155)
(54,34,48) ; (218,46,168)
(62,49,48) ; (338,0,171)
(75,26,49) ; (325,49,171)
(30,66,49) ; (295,0,171)
(60,42,46) ; (319,80,173)
(62,81,37) ; (354,149,176)
(43,79,31) ; (305,151,180)
(54,48,29) ; (459,82,183)
(69,40,27) ; (218,0,186)
(79,70,31) ; (0,163,189)
(43,62,25) ; (250,168,195)
