0.0811
27 2701
587 233 220
90
1 45 1  26 1  47 1 2
2 68 1  75 1  74 1 1
3 43 1  100 0  45 1 1
4 93 0  37 1  62 1 1
5 59 1  55 1  65 1 1
6 120 0  41 1  79 1 1
7 30 1  46 1  58 1 2
8 50 1  37 1  63 1 1
9 104 0  74 0  32 1 2
10 41 1  44 1  23 1 1
11 33 1  26 1  32 1 1
12 51 1  58 1  58 1 1
13 68 1  74 1  46 1 2
14 43 1  35 1  38 1 2
15 102 0  53 1  36 1 1
16 116 1  70 1  71 1 1
17 57 1  78 1  78 1 1
18 99 0  37 1  46 1 1
19 36 1  68 0  34 1 2
20 46 1  35 1  49 1 2
21 44 1  99 0  25 1 2
22 63 1  51 1  39 1 1
23 74 1  81 1  48 1 1
24 94 0  73 0  26 1 2
25 46 1  47 1  55 1 2
26 62 0  28 1  44 1 1
27 54 1  68 1  69 1 1
28 31 1  97 0  47 1 1
29 99 0  43 1  64 1 1
30 116 0  80 1  51 1 2
31 107 0  79 0  35 1 2
32 89 1  56 1  47 1 2
33 63 1  61 1  80 1 1
34 95 0  35 1  38 1 1
35 51 1  64 0  31 1 2
36 83 0  44 1  41 1 1
37 84 1  66 1  66 1 2
38 70 0  76 0  26 1 3
39 44 1  26 1  25 1 2
40 61 1  42 1  79 1 2
41 78 1  99 1  66 1 2
42 98 0  29 1  65 0 2
43 106 0  35 1  52 1 1
44 102 1  90 1  52 1 1
45 63 0  67 0  26 1 2
46 61 1  70 1  52 1 1
47 54 0  25 1  59 0 1
48 32 1  45 1  46 1 1
49 64 1  83 0  40 1 2
50 65 0  29 1  56 1 1
51 105 1  79 1  64 1 1
52 72 1  77 1  67 1 1
53 88 0  67 0  28 1 3
54 71 0  89 0  34 1 1
55 48 1  71 0  34 1 2
56 73 0  35 1  66 1 1
57 66 0  92 0  29 1 2
58 36 1  41 1  37 1 2
59 53 1  62 1  57 1 1
60 43 1  97 0  74 1 1
61 92 1  66 1  59 1 2
62 74 0  82 0  29 1 3
63 33 1  40 1  71 0 1
64 36 1  86 0  64 1 1
65 76 0  60 0  26 1 1
66 102 0  35 1  33 1 1
67 92 0  30 1  41 1 1
68 83 0  25 1  41 1 3
69 42 1  55 1  37 1 1
70 111 0  63 1  38 1 2
71 120 0  81 1  41 1 5
72 99 0  31 1  36 1 1
73 81 1  87 1  64 1 3
74 51 1  30 1  42 1 3
75 43 1  77 1  59 1 2
76 36 1  59 1  65 1 1
77 62 0  37 1  29 1 1
78 71 1  56 1  57 1 2
79 64 1  91 1  52 1 1
80 112 0  50 1  33 1 1
81 86 0  88 0  43 1 1
82 98 1  63 1  63 1 1
83 99 1  89 1  80 1 1
84 111 0  87 1  45 1 3
85 83 0  46 1  32 1 1
86 89 1  72 1  56 1 3
87 81 1  41 1  43 1 1
88 57 1  51 1  64 1 1
89 116 0  27 1  75 0 1
90 61 1  38 1  53 1 2
(81,87,189) ; (0,0,0)
(120,162,179) ; (467,0,0)
(99,66,219) ; (0,167,0)
(71,70,164) ; (516,163,0)
(116,80,129) ; (0,87,0)
(220,67,143) ; (296,166,0)
(111,87,170) ; (81,0,0)
(52,64,218) ; (99,169,0)
(99,89,136) ; (368,0,0)
(144,64,117) ; (151,169,0)
(64,81,192) ; (116,88,0)
(166,75,97) ; (301,91,0)
(72,89,146) ; (192,0,0)
(102,90,52) ; (266,0,0)
(107,79,70) ; (180,90,0)
(102,53,36) ; (266,0,52)
(42,37,55) ; (326,53,52)
(58,30,46) ; (268,53,52)
(78,78,57) ; (180,91,70)
(29,65,56) ; (258,104,70)
(62,53,127) ; (306,0,88)
(38,53,61) ; (266,0,88)
(97,74,69) ; (368,91,97)
(66,73,35) ; (302,92,97)
(58,30,46) ; (268,53,98)
(38,35,43) ; (330,53,107)
(51,60,100) ; (151,171,117)
(86,59,77) ; (202,172,117)
(29,62,37) ; (258,107,126)
(70,76,52) ; (180,93,127)
(68,69,90) ; (0,93,129)
(48,74,81) ; (68,88,129)
(59,65,55) ; (309,100,132)
(94,46,81) ; (371,0,136)
(95,35,38) ; (370,46,136)
(98,65,29) ; (418,166,143)
(111,63,76) ; (307,168,143)
(51,30,42) ; (275,53,144)
(67,77,72) ; (192,0,146)
(38,53,61) ; (266,0,149)
(38,35,43) ; (330,53,150)
(28,62,44) ; (258,107,163)
(63,67,52) ; (524,164,164)
(94,73,26) ; (368,91,166)
(70,46,49) ; (81,0,170)
(99,37,46) ; (81,46,170)
(32,45,46) ; (151,0,170)
(89,56,47) ; (427,175,172)
(83,32,46) ; (382,46,174)
(113,94,41) ; (468,0,179)
(86,64,36) ; (495,96,179)
(23,44,41) ; (472,116,179)
(37,73,41) ; (180,96,179)
(33,71,40) ; (217,98,179)
(44,26,25) ; (282,53,186)
(51,64,31) ; (317,101,187)
(74,82,29) ; (0,0,189)
(60,76,26) ; (116,91,192)
(76,70,26) ; (386,94,192)
(33,32,26) ; (335,53,193)
(54,59,25) ; (202,172,194)
(26,44,25) ; (256,187,194)
