0.096
21 2101
587 233 220
90
1 46 1  94 0  78 1 1
2 31 1  52 1  50 1 1
3 41 1  98 0  43 1 1
4 75 0  35 1  40 1 2
5 79 0  83 0  37 1 1
6 116 0  35 1  42 1 1
7 47 1  39 1  33 1 1
8 67 1  82 1  69 1 1
9 75 1  55 1  52 1 2
10 73 1  48 1  53 1 1
11 46 1  43 1  59 1 1
12 94 1  59 1  74 1 1
13 75 1  38 1  76 0 1
14 85 0  34 1  71 0 1
15 41 1  75 0  33 1 1
16 58 0  51 1  27 1 1
17 105 0  37 1  20 1 1
18 42 1  69 1  41 1 2
19 84 1  73 1  64 1 1
20 80 0  75 0  25 1 1
21 48 0  96 0  20 1 1
22 56 0  64 0  24 1 2
23 39 1  26 1  48 1 2
24 103 0  44 1  40 1 2
25 34 1  72 0  56 1 1
26 30 1  35 1  52 1 1
27 115 0  97 1  52 1 1
28 57 1  30 1  31 1 1
29 91 0  71 1  36 1 2
30 87 1  88 1  62 1 1
31 93 1  68 1  63 1 2
32 70 1  98 0  41 1 2
33 37 1  52 0  21 1 1
34 79 0  79 0  34 1 2
35 39 1  54 1  34 1 2
36 41 1  51 1  42 1 1
37 43 0  63 0  20 1 3
38 62 1  45 1  42 1 3
39 62 1  86 0  40 1 1
40 87 0  50 1  43 1 1
41 37 1  51 0  25 1 2
42 34 1  92 0  30 1 2
43 53 1  27 1  47 1 1
44 102 1  65 1  76 1 1
45 53 1  79 1  45 1 1
46 63 0  61 0  30 1 1
47 69 1  51 1  40 1 1
48 57 1  79 1  77 1 1
49 54 1  36 1  39 1 2
50 62 1  46 1  34 1 1
51 94 1  84 1  66 1 1
52 95 0  25 1  76 0 2
53 90 0  43 1  68 1 4
54 53 1  81 1  74 1 1
55 93 1  82 1  49 1 1
56 86 0  93 0  34 1 2
57 34 1  65 1  59 1 1
58 74 1  85 0  39 1 2
59 90 0  66 1  43 1 1
60 68 0  72 0  28 1 2
61 120 0  28 1  40 1 2
62 73 1  55 1  60 1 1
63 38 1  58 1  52 1 1
64 96 0  35 1  78 0 2
65 94 0  25 1  32 1 2
66 41 1  57 1  50 1 2
67 78 0  38 1  31 1 3
68 89 0  82 1  43 1 3
69 107 0  40 1  43 1 2
70 36 1  98 0  54 1 1
71 78 0  37 1  42 1 4
72 96 1  51 1  70 1 3
73 111 0  55 1  30 1 3
74 56 1  67 1  71 1 2
75 110 0  51 1  68 1 1
76 77 1  77 1  47 1 3
77 119 1  90 1  78 1 1
78 56 1  88 1  61 1 1
79 97 0  33 1  53 1 2
80 85 1  72 1  79 1 1
81 105 0  47 1  29 1 1
82 41 1  60 1  73 1 3
83 66 0  85 0  21 1 1
84 94 0  47 1  49 1 1
85 113 0  95 0  24 1 3
86 110 0  58 1  43 1 1
87 89 1  98 1  52 1 4
88 71 1  41 1  39 1 1
89 99 0  25 1  78 0 3
90 107 0  30 1  74 0 2
(219,41,173) ; (0,0,0)
(129,90,212) ; (0,143,0)
(98,156,194) ; (489,77,0)
(79,77,198) ; (508,0,0)
(141,72,134) ; (0,41,0)
(93,68,169) ; (415,0,0)
(111,30,212) ; (0,113,0)
(98,165,89) ; (391,68,0)
(144,94,120) ; (129,139,0)
(76,65,102) ; (339,0,0)
(76,95,109) ; (141,41,0)
(115,97,76) ; (276,136,0)
(119,90,121) ; (219,0,0)
(51,69,40) ; (340,65,0)
(118,46,62) ; (217,90,0)
(50,57,41) ; (341,65,40)
(110,43,58) ; (217,90,62)
(110,52,143) ; (279,179,76)
(106,39,106) ; (283,140,76)
(47,53,27) ; (344,65,81)
(94,49,129) ; (392,184,89)
(93,116,68) ; (393,68,89)
(73,64,84) ; (342,0,102)
(45,53,79) ; (346,65,108)
(73,55,60) ; (141,41,109)
(71,39,41) ; (141,96,109)
(75,80,98) ; (129,150,120)
(67,82,69) ; (204,148,120)
(105,37,20) ; (217,90,120)
(117,85,74) ; (219,0,121)
(97,66,53) ; (0,41,134)
(43,63,40) ; (97,41,134)
(102,37,25) ; (217,90,140)
(54,39,34) ; (141,96,150)
(88,56,61) ; (397,128,157)
(65,59,34) ; (420,68,157)
(27,58,51) ; (393,68,157)
(98,36,54) ; (217,90,165)
(57,41,50) ; (448,0,169)
(52,21,37) ; (453,41,169)
(31,52,50) ; (417,0,169)
(73,53,48) ; (141,41,169)
(206,40,44) ; (0,0,173)
(43,59,46) ; (97,41,174)
(94,25,32) ; (295,153,182)
(52,30,35) ; (141,96,184)
(72,56,34) ; (343,0,186)
(94,25,32) ; (0,41,187)
(75,41,33) ; (0,66,187)
(39,47,33) ; (352,65,187)
(61,63,30) ; (204,167,189)
(64,56,24) ; (421,68,191)
(78,99,25) ; (507,131,194)
(96,48,20) ; (489,77,194)
(99,78,25) ; (219,0,195)
(63,43,20) ; (522,0,198)
