0.0941
84 8401
587 233 220
90
1 48 1  64 0  31 1 1
2 40 1  44 1  78 1 2
3 45 1  30 1  52 1 1
4 115 0  72 1  37 1 1
5 58 1  89 1  59 1 1
6 114 0  95 0  29 1 2
7 95 0  42 1  67 1 3
8 64 1  56 1  47 1 1
9 69 0  41 1  24 1 1
10 120 0  35 1  56 1 3
11 95 0  40 1  76 1 1
12 70 1  92 1  57 1 1
13 40 1  86 0  42 1 1
14 58 1  46 1  74 1 1
15 56 1  29 1  53 1 1
16 89 0  93 0  39 1 1
17 45 1  57 1  55 1 1
18 105 0  60 1  43 1 1
19 80 0  97 0  35 1 3
20 79 1  46 1  61 1 1
21 51 1  97 1  56 1 1
22 104 0  61 1  48 1 2
23 74 1  40 1  45 1 1
24 63 0  66 0  26 1 1
25 101 0  46 1  30 1 2
26 70 0  88 0  20 1 2
27 57 1  50 1  77 1 1
28 34 1  98 0  49 1 1
29 83 1  62 1  55 1 3
30 46 1  78 1  57 1 2
31 82 1  61 1  44 1 1
32 118 0  66 1  34 1 2
33 36 1  36 1  22 1 1
34 87 0  52 1  40 1 2
35 31 1  85 0  46 1 1
36 93 0  80 0  20 1 1
37 86 0  75 0  32 1 1
38 75 1  42 1  68 1 1
39 112 0  29 1  37 1 2
40 36 1  52 1  67 1 1
41 47 1  61 1  70 1 1
42 82 1  87 0  43 1 2
43 53 0  45 1  23 1 1
44 98 0  28 1  36 1 1
45 117 0  58 1  72 1 2
46 62 1  63 1  49 1 2
47 30 1  34 1  43 1 1
48 89 0  37 1  34 1 2
49 41 1  90 0  45 1 2
50 83 0  37 1  28 1 2
51 117 0  85 0  26 1 1
52 92 1  76 1  77 1 1
53 117 0  48 1  28 1 2
54 110 0  30 1  27 1 1
55 119 1  81 1  79 1 2
56 35 1  52 1  78 0 2
57 80 0  40 1  26 1 2
58 61 1  38 1  38 1 1
59 75 0  76 0  24 1 1
60 82 0  38 1  21 1 1
61 63 1  53 1  65 1 1
62 85 1  98 1  62 1 1
63 56 0  78 0  27 1 3
64 34 1  95 0  80 0 1
65 115 1  84 1  63 1 2
66 44 1  79 1  65 1 3
67 65 0  42 1  22 1 1
68 54 1  99 1  72 1 2
69 73 1  72 1  77 1 2
70 59 1  41 1  61 1 1
71 110 0  48 1  67 1 2
72 77 0  53 1  27 1 1
73 105 0  43 1  24 1 2
74 35 1  38 1  64 1 1
75 118 0  72 1  41 1 1
76 93 0  28 1  71 0 3
77 31 1  80 0  59 1 1
78 40 1  40 1  31 1 1
79 33 1  74 0  65 1 1
80 39 1  77 1  64 1 3
81 111 0  95 0  36 1 1
82 117 0  96 1  55 1 2
83 83 1  86 1  55 1 1
84 42 1  58 1  44 1 1
85 37 1  48 1  35 1 1
86 30 1  36 1  23 1 1
87 116 0  35 1  72 0 2
88 37 1  31 1  66 0 1
89 59 0  82 0  22 1 1
90 82 1  59 1  70 1 2
(0,0,0) ; (120,35,56)
(0,35,0) ; (120,70,56)
(0,70,0) ; (117,118,28)
(0,118,0) ; (117,166,28)
(0,70,28) ; (117,166,83)
(0,0,56) ; (59,70,138)
(59,0,56) ; (118,70,138)
(0,70,83) ; (117,166,138)
(469,0,0) ; (585,72,35)
(469,72,0) ; (587,113,72)
(469,113,0) ; (527,230,72)
(527,113,0) ; (585,230,72)
(469,0,35) ; (584,72,72)
(0,166,0) ; (95,233,42)
(0,166,42) ; (95,233,84)
(0,166,84) ; (95,233,126)
(95,169,0) ; (172,233,39)
(172,169,0) ; (249,233,39)
(249,169,0) ; (326,233,39)
(95,169,39) ; (210,232,123)
(210,169,39) ; (325,232,123)
(175,0,0) ; (231,78,27)
(231,0,0) ; (350,79,81)
(350,0,0) ; (469,79,81)
(175,0,27) ; (231,78,54)
(175,0,54) ; (231,78,81)
(328,153,0) ; (425,233,35)
(425,153,0) ; (469,232,65)
(328,153,35) ; (425,233,70)
(425,153,65) ; (469,231,105)
(328,153,70) ; (425,233,105)
(120,0,0) ; (175,86,83)
(120,0,83) ; (175,83,145)
(120,86,0) ; (182,169,55)
(120,86,55) ; (182,169,110)
(120,86,110) ; (179,168,132)
(315,79,0) ; (392,151,73)
(392,79,0) ; (469,151,73)
(182,79,0) ; (223,169,45)
(223,79,0) ; (264,169,45)
(182,79,45) ; (264,166,88)
(264,82,0) ; (307,169,82)
(486,0,72) ; (535,63,134)
(535,0,72) ; (584,63,134)
(486,0,134) ; (584,62,219)
(470,135,72) ; (584,230,101)
(470,135,101) ; (584,230,130)
(470,135,130) ; (581,230,166)
(476,63,72) ; (530,135,171)
(530,63,72) ; (584,135,171)
(353,79,73) ; (469,151,108)
(317,79,73) ; (353,146,125)
(359,0,81) ; (469,48,148)
(359,0,148) ; (469,48,215)
(359,48,81) ; (469,78,108)
(175,0,81) ; (221,78,138)
(221,0,81) ; (267,78,138)
(175,0,138) ; (267,76,215)
(267,0,81) ; (359,70,138)
(267,0,138) ; (355,70,158)
(267,0,158) ; (355,70,178)
(264,83,82) ; (306,169,122)
(182,79,88) ; (222,166,140)
(222,79,88) ; (262,166,140)
(330,153,105) ; (374,231,145)
(374,153,105) ; (469,229,145)
(368,48,108) ; (469,78,154)
(368,48,154) ; (469,78,200)
(364,79,108) ; (469,122,168)
(364,79,168) ; (469,122,192)
(364,79,192) ; (469,122,216)
(357,122,108) ; (469,151,145)
(357,122,145) ; (469,151,182)
(264,101,122) ; (306,169,197)
(264,101,197) ; (306,166,219)
(95,171,123) ; (199,232,171)
(95,171,171) ; (199,232,219)
(199,176,123) ; (250,232,220)
(250,169,123) ; (315,232,176)
(318,79,125) ; (353,143,163)
(0,168,126) ; (44,233,205)
(44,168,126) ; (88,233,205)
(120,88,132) ; (179,168,163)
(0,0,138) ; (61,46,217)
(0,46,138) ; (66,164,172)
(61,0,138) ; (116,45,195)
(61,0,195) ; (114,45,218)
(66,45,138) ; (110,106,220)
(66,108,138) ; (112,166,212)
(182,80,140) ; (257,166,172)
(120,0,145) ; (172,78,180)
(380,155,145) ; (469,192,179)
(380,192,145) ; (469,229,179)
(335,189,145) ; (380,229,219)
(337,155,145) ; (380,189,175)
(120,91,163) ; (170,168,220)
(323,79,163) ; (353,131,208)
(501,135,166) ; (581,230,200)
(501,135,200) ; (581,228,220)
(470,145,166) ; (501,230,212)
(486,63,171) ; (584,97,220)
(523,97,171) ; (584,135,209)
(488,97,171) ; (523,134,219)
(0,46,172) ; (64,77,220)
(0,108,172) ; (64,164,219)
(0,77,172) ; (66,108,209)
(182,105,172) ; (252,166,219)
(182,80,172) ; (251,104,213)
(340,158,175) ; (380,189,215)
(250,171,176) ; (309,232,217)
(272,0,178) ; (355,28,215)
(272,28,178) ; (355,56,215)
(389,177,179) ; (469,203,219)
(389,203,179) ; (469,229,219)
(387,156,179) ; (469,177,217)
(120,0,180) ; (172,78,215)
(371,123,182) ; (469,151,218)
