0.0898
37 3701
587 233 220
90
1 112 0  100 0  37 1 3
2 49 1  96 0  37 1 2
3 85 0  69 0  26 1 1
4 68 1  75 1  74 1 2
5 56 1  99 0  35 1 2
6 118 0  29 1  54 1 2
7 40 1  90 0  62 1 1
8 119 0  28 1  60 0 1
9 108 0  60 1  31 1 1
10 93 1  70 1  50 1 1
11 30 1  95 0  77 0 2
12 118 0  46 1  52 1 1
13 45 1  32 1  60 1 3
14 101 0  61 1  32 1 1
15 52 1  43 1  51 1 1
16 96 1  58 1  66 1 3
17 60 1  44 1  35 1 1
18 52 1  74 0  33 1 2
19 86 0  44 1  27 1 1
20 54 1  29 1  75 0 1
21 54 1  54 1  80 1 3
22 83 1  83 1  71 1 2
23 46 1  81 1  72 1 1
24 58 1  94 1  50 1 2
25 37 1  98 0  63 1 1
26 107 1  67 1  56 1 1
27 93 0  39 1  55 1 2
28 76 0  77 0  29 1 1
29 112 0  42 1  57 1 1
30 81 1  49 1  65 1 2
31 119 0  53 0  22 1 2
32 88 1  54 1  72 1 1
33 98 0  46 1  49 1 2
34 77 0  74 0  25 1 1
35 63 1  84 1  50 1 1
36 100 0  42 1  22 1 2
37 76 0  45 1  37 1 1
38 72 1  82 1  76 1 2
39 34 1  95 0  59 1 3
40 55 1  43 1  60 1 1
41 55 1  64 1  48 1 1
42 51 0  60 0  24 1 1
43 40 1  85 0  78 1 3
44 38 1  53 1  71 1 3
45 78 0  34 1  76 0 1
46 56 1  45 1  65 1 1
47 75 0  60 0  25 1 1
48 54 1  82 0  33 1 1
49 90 0  41 1  42 1 1
50 73 1  92 1  61 1 1
51 64 0  42 1  25 1 2
52 105 1  58 1  57 1 1
53 67 0  76 0  25 1 1
54 111 0  78 1  46 1 1
55 100 0  73 0  27 1 1
56 115 0  41 1  73 1 1
57 106 0  58 1  37 1 1
58 98 1  60 1  78 1 1
59 84 0  57 0  26 1 1
60 72 1  50 1  41 1 3
61 96 0  80 1  44 1 1
62 81 0  54 1  40 1 1
63 85 0  47 1  24 1 3
64 30 1  34 1  24 1 1
65 36 1  82 0  47 1 2
66 82 1  64 1  64 1 1
67 73 0  31 1  78 0 1
68 38 1  63 1  47 1 1
69 37 1  97 0  27 1 2
70 73 1  51 1  59 1 1
71 81 1  52 1  61 1 1
72 49 1  62 1  63 1 1
73 54 1  42 1  70 1 1
74 51 1  68 1  79 1 3
75 65 0  91 0  20 1 2
76 38 1  78 0  71 1 4
77 103 0  47 1  34 1 3
78 33 1  51 1  40 1 1
79 34 1  54 1  39 1 2
80 93 1  89 1  55 1 4
81 108 1  71 1  67 1 1
82 75 0  33 1  25 1 2
83 34 1  69 0  25 1 2
84 59 1  34 1  75 0 2
85 30 1  74 0  20 1 2
86 90 1  68 1  51 1 1
87 70 0  33 1  38 1 2
88 46 1  34 1  58 1 2
89 85 1  90 1  50 1 1
90 39 1  83 0  24 1 1
(356,55,93) ; (0,0,0)
(72,76,214) ; (0,157,0)
(96,66,214) ; (491,167,0)
(72,167,168) ; (515,0,0)
(112,100,146) ; (0,55,0)
(152,76,136) ; (72,157,0)
(73,165,79) ; (442,0,0)
(170,68,110) ; (321,165,0)
(85,120,78) ; (357,0,0)
(112,100,64) ; (112,55,0)
(76,45,37) ; (366,120,0)
(94,97,134) ; (224,136,0)
(98,81,65) ; (224,55,0)
(34,103,94) ; (323,55,0)
(65,45,56) ; (377,120,37)
(109,95,60) ; (112,55,64)
(98,78,60) ; (224,55,65)
(84,64,89) ; (358,0,78)
(82,54,141) ; (360,64,78)
(70,54,81) ; (442,0,79)
(68,51,79) ; (444,54,79)
(64,48,55) ; (448,116,79)
(236,54,29) ; (0,0,93)
(60,43,55) ; (382,122,93)
(119,53,68) ; (237,0,93)
(34,103,47) ; (323,55,94)
(108,67,71) ; (382,166,110)
(56,67,107) ; (326,166,110)
(98,46,98) ; (0,0,122)
(60,51,97) ; (98,0,122)
(72,54,88) ; (158,0,122)
(106,58,94) ; (112,55,124)
(108,31,60) ; (112,114,124)
(97,76,37) ; (224,55,125)
(63,47,38) ; (449,117,134)
(50,90,85) ; (224,143,134)
(33,75,77) ; (274,158,134)
(63,50,84) ; (72,180,136)
(100,22,84) ; (72,158,136)
(41,50,72) ; (135,180,136)
(46,72,81) ; (176,158,136)
(34,95,59) ; (323,55,141)
(61,92,73) ; (0,55,146)
(50,93,70) ; (61,55,146)
(53,38,71) ; (389,127,148)
(63,49,62) ; (449,54,158)
(67,45,60) ; (443,0,160)
(112,42,57) ; (243,0,161)
(67,76,25) ; (224,55,162)
(29,75,54) ; (291,55,162)
(81,61,52) ; (359,0,167)
(68,79,51) ; (517,0,168)
(69,85,26) ; (516,79,168)
(51,40,33) ; (461,124,172)
(101,61,32) ; (389,172,181)
(75,25,33) ; (112,120,184)
(24,30,34) ; (187,115,184)
(52,74,33) ; (224,55,187)
(57,84,26) ; (528,80,194)
(30,74,20) ; (327,55,200)
