0.0932
86 8601
587 233 220
90
1 73 1  37 1  46 1 2
2 64 1  68 1  57 1 1
3 107 0  40 1  21 1 1
4 66 0  34 1  27 1 1
5 69 1  42 1  48 1 1
6 101 0  28 1  29 1 1
7 118 0  39 1  33 1 2
8 98 0  36 1  73 0 1
9 110 0  34 1  47 1 1
10 106 1  73 1  54 1 1
11 79 0  39 1  26 1 1
12 103 0  30 1  75 0 2
13 78 0  53 1  33 1 2
14 36 1  92 0  31 1 1
15 80 1  71 1  55 1 1
16 72 1  79 1  59 1 1
17 94 1  80 1  76 1 1
18 76 1  67 1  44 1 1
19 112 0  49 1  33 1 2
20 58 0  39 1  27 1 1
21 103 1  81 1  76 1 1
22 99 0  97 0  44 1 1
23 38 1  88 0  80 0 2
24 118 0  61 0  25 1 1
25 76 1  98 1  53 1 1
26 49 1  57 1  29 1 1
27 52 1  62 1  77 1 1
28 97 0  41 1  67 1 1
29 61 0  61 0  21 1 1
30 102 1  92 1  78 1 1
31 89 0  75 1  42 1 2
32 30 1  38 1  55 1 1
33 103 0  74 1  40 1 1
34 113 0  88 1  54 1 1
35 96 0  91 1  47 1 1
36 110 0  56 1  48 1 1
37 79 0  29 1  68 0 1
38 56 1  58 1  59 1 2
39 72 1  78 1  76 1 1
40 116 0  37 1  24 1 2
41 100 0  27 1  59 0 1
42 72 0  35 1  68 1 1
43 68 1  66 1  44 1 1
44 100 1  72 1  65 1 1
45 66 1  61 1  79 1 1
46 88 1  94 1  65 1 1
47 62 1  89 1  64 1 1
48 54 1  71 1  71 1 2
49 34 1  52 1  52 1 2
50 86 0  42 0  21 1 1
51 91 0  54 1  42 1 1
52 50 0  25 1  57 0 3
53 31 1  27 1  25 1 1
54 43 1  49 1  71 1 1
55 46 1  65 1  79 1 2
56 87 0  90 0  22 1 1
57 111 0  64 0  31 1 1
58 87 1  55 1  44 1 2
59 44 1  63 1  47 1 1
60 105 0  81 1  42 1 1
61 69 0  100 0  29 1 1
62 49 1  93 0  30 1 1
63 46 1  74 1  80 1 1
64 59 0  32 1  21 1 2
65 62 0  30 1  70 0 2
66 102 1  76 1  70 1 2
67 114 0  47 1  53 1 1
68 93 1  85 1  71 1 2
69 47 1  43 1  38 1 1
70 54 1  50 1  76 1 1
71 110 0  26 1  69 0 1
72 83 1  98 1  56 1 1
73 52 0  31 1  26 1 1
74 72 1  96 1  68 1 1
75 33 1  52 1  41 1 1
76 61 1  87 1  70 1 2
77 86 1  74 1  76 1 2
78 105 0  78 1  46 1 1
79 49 1  84 0  31 1 1
80 69 0  28 1  65 0 1
81 39 1  95 0  25 1 2
82 110 1  86 1  61 1 2
83 85 0  93 0  27 1 2
84 108 0  74 1  51 1 5
85 49 1  38 1  62 1 2
86 68 1  57 1  60 1 1
87 95 1  89 1  49 1 1
88 66 1  68 1  41 1 1
89 110 1  84 1  61 1 1
90 96 0  25 1  77 0 1
(0,0,0) ; (93,85,71)
(93,0,0) ; (186,85,71)
(0,0,71) ; (93,85,98)
(93,0,71) ; (186,85,98)
(500,0,0) ; (587,44,55)
(500,44,0) ; (586,105,110)
(500,105,0) ; (586,166,110)
(500,166,0) ; (584,227,110)
(500,0,55) ; (587,44,110)
(0,85,0) ; (76,159,86)
(0,159,0) ; (76,233,86)
(76,85,0) ; (184,159,51)
(76,159,0) ; (184,233,51)
(76,85,51) ; (184,159,102)
(76,159,51) ; (184,233,102)
(422,0,0) ; (500,92,102)
(422,92,0) ; (498,162,102)
(422,162,0) ; (498,232,102)
(240,0,0) ; (328,80,38)
(328,0,0) ; (422,80,76)
(240,0,38) ; (328,80,76)
(356,80,0) ; (422,141,79)
(356,141,0) ; (421,187,79)
(356,187,0) ; (421,233,79)
(184,142,0) ; (280,233,47)
(184,142,47) ; (279,231,96)
(186,0,0) ; (240,71,71)
(186,71,0) ; (240,142,71)
(280,135,0) ; (356,233,53)
(280,135,53) ; (353,233,89)
(243,80,0) ; (356,134,88)
(186,0,71) ; (238,34,123)
(186,0,123) ; (238,34,175)
(186,0,175) ; (238,33,216)
(186,34,71) ; (240,140,144)
(243,0,76) ; (317,80,122)
(317,0,76) ; (422,78,122)
(360,146,79) ; (421,233,149)
(360,146,149) ; (421,233,219)
(359,80,79) ; (421,144,168)
(0,165,86) ; (72,233,121)
(0,165,121) ; (72,233,217)
(0,87,86) ; (72,165,162)
(244,80,88) ; (356,129,121)
(244,80,121) ; (356,129,154)
(244,80,154) ; (315,129,197)
(315,80,154) ; (353,127,197)
(286,136,89) ; (353,233,130)
(184,143,96) ; (278,231,161)
(184,143,161) ; (274,230,183)
(0,0,98) ; (105,81,140)
(0,0,140) ; (103,81,216)
(105,0,98) ; (184,72,157)
(105,0,157) ; (184,68,186)
(76,182,102) ; (184,233,176)
(422,0,102) ; (498,54,152)
(423,54,102) ; (498,143,144)
(423,143,102) ; (498,232,144)
(76,85,102) ; (177,113,131)
(76,113,102) ; (176,182,131)
(76,85,131) ; (175,182,175)
(507,0,110) ; (584,62,162)
(504,172,110) ; (584,227,181)
(501,74,110) ; (584,172,166)
(251,0,122) ; (369,39,155)
(251,39,122) ; (369,78,155)
(369,0,122) ; (422,78,155)
(287,165,130) ; (353,233,174)
(287,165,174) ; (353,233,215)
(287,138,130) ; (353,165,164)
(423,129,144) ; (498,232,174)
(423,129,174) ; (497,232,214)
(424,54,144) ; (461,127,190)
(461,54,144) ; (498,127,190)
(186,34,144) ; (236,91,169)
(186,34,169) ; (236,91,194)
(186,34,194) ; (236,91,219)
(186,91,144) ; (234,133,213)
(422,0,152) ; (498,44,219)
(322,0,155) ; (422,72,220)
(251,0,155) ; (319,57,219)
(251,57,155) ; (310,78,187)
(516,0,162) ; (584,60,219)
(0,106,162) ; (58,165,218)
(295,138,164) ; (353,165,203)
(545,77,166) ; (584,172,191)
(503,81,166) ; (545,172,220)
(360,80,168) ; (421,141,189)
(76,135,175) ; (139,182,219)
(76,85,175) ; (138,134,213)
(139,90,175) ; (175,182,206)
(76,212,176) ; (183,233,216)
(76,182,176) ; (131,212,214)
(131,186,176) ; (183,212,207)
(506,174,181) ; (584,227,214)
(184,146,183) ; (233,230,214)
(233,151,183) ; (272,230,209)
(105,0,186) ; (175,62,216)
(251,57,187) ; (310,78,219)
(372,80,189) ; (421,137,218)
(436,54,190) ; (498,124,220)
(545,77,191) ; (584,172,216)
(267,80,197) ; (353,122,218)
