0.0967
5 501
587 233 220
100
1 113 0  51 1  41 1 1
2 96 1  82 1  72 1 1
3 43 1  89 0  77 1 1
4 68 1  44 1  37 1 1
5 68 0  38 1  29 1 1
6 100 0  29 1  61 0 1
7 72 1  99 0  45 1 2
8 91 0  70 1  36 1 1
9 120 0  89 0  31 1 1
10 113 0  91 1  54 1 1
11 66 1  76 1  51 1 1
12 80 1  44 1  76 1 2
13 59 1  65 1  75 1 3
14 72 1  96 1  77 1 2
15 54 1  74 1  70 1 1
16 43 1  54 1  36 1 1
17 40 1  56 1  43 1 1
18 101 0  45 1  79 1 1
19 120 0  82 0  31 1 1
20 96 1  85 1  66 1 1
21 40 1  31 1  52 1 2
22 82 0  39 1  25 1 2
23 55 1  94 1  76 1 1
24 65 0  31 1  39 1 1
25 101 1  68 1  80 1 2
26 83 0  50 0  24 1 1
27 87 1  72 1  50 1 1
28 30 1  72 0  21 1 1
29 80 0  77 0  36 1 1
30 107 1  68 1  61 1 1
31 111 0  38 1  29 1 1
32 32 1  31 1  24 1 1
33 98 0  26 1  34 1 2
34 85 1  89 1  59 1 1
35 86 0  27 1  56 0 2
36 48 1  96 0  33 1 1
37 42 1  57 1  35 1 2
38 36 1  32 1  26 1 1
39 92 0  50 1  27 1 1
40 117 0  100 0  46 1 1
41 103 0  36 1  60 1 1
42 105 0  60 1  40 1 2
43 44 1  57 1  44 1 3
44 77 1  51 1  63 1 1
45 45 1  85 0  40 1 2
46 100 0  41 1  23 1 1
47 36 1  55 1  30 1 1
48 100 0  68 0  23 1 1
49 52 1  71 1  64 1 3
50 37 1  90 0  43 1 2
51 67 1  65 1  69 1 1
52 115 0  63 1  54 1 1
53 53 1  70 1  63 1 1
54 67 0  32 1  36 1 2
55 84 1  62 1  53 1 1
56 49 1  69 1  52 1 1
57 67 1  44 1  43 1 1
58 69 1  84 1  51 1 2
59 107 0  84 0  25 1 1
60 88 0  96 0  36 1 1
61 89 0  43 1  68 1 1
62 116 1  75 1  73 1 1
63 119 0  77 1  53 1 1
64 92 0  51 1  26 1 1
65 89 0  77 0  31 1 1
66 75 1  82 1  42 1 1
67 33 1  77 0  74 0 1
68 65 0  93 0  22 1 1
69 50 1  61 1  73 1 1
70 50 1  100 0  57 1 1
71 61 1  72 1  61 1 1
72 82 1  64 1  64 1 1
73 44 1  69 0  29 1 1
74 106 0  42 1  43 1 1
75 58 0  86 0  28 1 1
76 82 1  65 1  64 1 1
77 120 0  56 1  34 1 2
78 105 0  29 1  74 0 1
79 52 1  43 1  64 1 2
80 91 1  68 1  47 1 1
81 48 1  93 1  53 1 2
82 51 1  99 1  68 1 1
83 56 1  63 1  66 1 2
84 88 0  92 0  35 1 2
85 91 1  57 1  48 1 1
86 47 0  26 1  21 1 3
87 49 1  29 1  46 1 1
88 59 0  100 0  28 1 1
89 118 0  27 1  55 0 1
90 83 1  81 1  75 1 1
91 104 0  79 1  43 1 1
92 58 1  98 1  70 1 1
93 85 0  36 1  28 1 2
94 57 1  54 1  69 1 2
95 34 1  70 0  22 1 1
96 40 1  47 1  79 1 1
97 119 1  88 1  80 1 1
98 92 1  49 1  80 1 1
99 86 0  73 0  24 1 2
100 30 1  77 0  22 1 2
(54,114,186) ; (0,0,0)
(80,88,220) ; (507,0,0)
(159,72,160) ; (428,161,0)
(77,119,118) ; (0,114,0)
(102,69,215) ; (54,0,0)
(99,72,148) ; (488,89,0)
(120,115,63) ; (77,118,0)
(59,89,129) ; (448,0,0)
(90,43,219) ; (54,69,0)
(101,80,113) ; (347,0,0)
(129,64,134) ; (156,0,0)
(107,61,148) ; (321,172,0)
(50,72,87) ; (438,89,0)
(124,92,106) ; (197,141,0)
(53,48,215) ; (144,69,0)
(92,49,137) ; (336,123,0)
(106,43,121) ; (332,80,0)
(61,73,111) ; (286,0,0)
(83,75,123) ; (197,64,0)
(51,66,76) ; (281,73,0)
(120,112,34) ; (77,118,63)
(51,63,77) ; (281,73,76)
(47,68,128) ; (441,93,87)
(117,100,46) ; (77,130,97)
(80,85,45) ; (197,141,106)
(44,69,29) ; (277,157,106)
(59,65,75) ; (288,0,111)
(96,66,107) ; (352,0,113)
(75,116,73) ; (0,116,118)
(100,41,23) ; (336,80,121)
(77,72,96) ; (197,64,123)
(56,86,54) ; (449,0,129)
(70,53,63) ; (156,0,134)
(53,62,84) ; (226,0,134)
(44,57,84) ; (277,169,135)
(79,47,40) ; (348,124,137)
(55,94,76) ; (77,136,143)
(57,100,50) ; (132,130,143)
(98,34,26) ; (338,80,144)
(65,69,67) ; (521,90,148)
(32,67,72) ; (489,92,148)
(103,60,64) ; (323,172,148)
(80,77,36) ; (197,149,151)
(44,43,67) ; (288,73,153)
(113,41,51) ; (471,191,160)
(111,29,38) ; (473,162,160)
(42,70,57) ; (429,162,160)
(96,33,48) ; (340,80,170)
(77,44,30) ; (350,127,177)
(55,73,36) ; (450,0,183)
(26,98,34) ; (0,0,186)
(21,72,30) ; (26,0,186)
(39,65,31) ; (308,0,186)
(77,74,33) ; (197,152,187)
(74,105,29) ; (0,127,191)
(50,92,27) ; (132,138,193)
(70,34,22) ; (156,0,197)
(94,26,21) ; (490,165,198)
