0.1063
1 101
587 233 220
100
1 96 0  99 0  39 1 1
2 120 0  47 1  45 1 1
3 104 0  65 1  39 1 1
4 113 0  44 1  64 1 1
5 107 0  47 1  74 1 1
6 41 1  66 1  42 1 1
7 57 1  43 1  56 1 1
8 31 1  87 0  26 1 1
9 115 1  61 1  74 1 2
10 79 0  25 1  67 0 2
11 91 0  77 0  23 1 1
12 71 1  77 1  61 1 1
13 98 1  78 1  58 1 1
14 108 0  94 0  30 1 1
15 86 0  66 0  28 1 2
16 104 0  89 0  42 1 1
17 60 1  47 1  69 1 1
18 35 1  48 1  31 1 1
19 82 1  51 1  56 1 1
20 99 0  85 0  31 1 1
21 107 0  77 0  22 1 1
22 68 0  77 0  31 1 2
23 88 0  41 1  67 1 1
24 103 0  43 1  49 1 1
25 57 1  81 0  37 1 1
26 76 0  98 0  24 1 1
27 93 1  79 1  56 1 1
28 72 1  44 1  39 1 1
29 119 0  46 1  38 1 1
30 82 1  72 1  61 1 1
31 77 0  46 1  36 1 1
32 79 1  59 1  44 1 1
33 106 0  73 1  52 1 2
34 48 1  97 0  77 1 1
35 44 1  45 1  46 1 3
36 43 1  59 1  72 1 1
37 110 0  45 1  60 1 2
38 91 0  37 1  41 1 1
39 94 0  97 0  27 1 1
40 60 1  49 1  72 1 1
41 55 1  45 1  41 1 1
42 87 1  78 1  58 1 2
43 86 1  63 1  44 1 2
44 66 1  53 1  38 1 1
45 69 1  43 1  51 1 1
46 96 0  88 0  32 1 1
47 58 1  42 1  68 1 1
48 112 0  94 0  23 1 1
49 44 1  100 0  32 1 1
50 90 0  26 1  74 0 2
51 98 0  100 0  36 1 1
52 93 0  72 1  43 1 3
53 39 1  84 0  50 1 1
54 67 1  78 1  41 1 1
55 49 1  71 1  44 1 2
56 86 1  75 1  80 1 1
57 59 1  72 0  30 1 2
58 32 1  72 0  55 1 1
59 84 1  79 1  50 1 1
60 47 1  85 0  37 1 1
61 64 1  45 1  57 1 2
62 55 1  90 1  68 1 1
63 106 0  25 1  33 1 1
64 111 0  67 1  46 1 1
65 52 1  76 1  45 1 1
66 33 1  40 1  54 1 1
67 69 1  41 1  70 1 1
68 95 0  25 1  68 0 1
69 98 1  63 1  75 1 1
70 51 1  48 1  37 1 1
71 112 1  64 1  72 1 2
72 51 1  57 1  78 1 1
73 52 1  94 0  33 1 1
74 99 0  79 0  24 1 2
75 46 1  39 1  69 1 1
76 114 1  84 1  79 1 1
77 114 0  51 1  68 1 1
78 110 0  63 0  24 1 2
79 56 1  39 1  74 1 1
80 113 0  52 1  47 1 2
81 120 1  61 1  63 1 1
82 56 1  80 1  72 1 1
83 38 1  64 1  42 1 1
84 75 1  46 1  65 1 1
85 113 0  45 1  40 1 1
86 97 1  49 1  53 1 1
87 120 0  47 1  43 1 1
88 47 1  87 0  24 1 1
89 115 0  80 0  28 1 2
90 53 1  81 0  28 1 1
91 75 1  74 1  40 1 1
92 35 1  50 1  43 1 2
93 103 0  76 0  22 1 1
94 83 1  74 1  54 1 2
95 55 1  28 1  45 1 1
96 114 1  95 1  80 1 1
97 63 1  32 1  76 0 1
98 50 1  54 1  79 1 1
99 49 1  69 1  80 1 1
100 56 1  72 1  75 1 2
(58,185,78) ; (0,0,0)
(64,113,212) ; (523,0,0)
(72,116,155) ; (515,117,0)
(113,47,144) ; (0,186,0)
(80,179,114) ; (58,0,0)
(74,115,178) ; (449,0,0)
(68,114,51) ; (447,119,0)
(106,52,189) ; (113,181,0)
(208,80,106) ; (138,0,0)
(100,103,44) ; (349,0,0)
(108,130,74) ; (339,103,0)
(76,98,87) ; (138,83,0)
(120,47,126) ; (219,186,0)
(120,61,63) ; (219,125,0)
(59,44,79) ; (214,80,0)
(64,45,200) ; (275,80,0)
(98,100,36) ; (349,0,44)
(68,90,96) ; (447,143,51)
(110,60,45) ; (219,126,63)
(75,80,86) ; (371,153,74)
(32,76,63) ; (339,157,74)
(97,48,77) ; (349,105,74)
(58,78,138) ; (0,0,78)
(56,51,82) ; (0,134,78)
(57,56,43) ; (0,78,78)
(46,44,45) ; (214,80,79)
(96,99,66) ; (351,0,80)
(72,93,129) ; (138,88,87)
(159,72,61) ; (138,0,106)
(46,77,101) ; (297,0,106)
(110,60,45) ; (219,126,108)
(77,136,31) ; (58,0,114)
(72,43,59) ; (58,136,114)
(49,53,97) ; (0,78,121)
(46,44,90) ; (214,80,124)
(111,46,67) ; (219,186,126)
(32,72,55) ; (339,161,137)
(50,43,35) ; (0,188,144)
(52,45,76) ; (50,186,144)
(75,40,74) ; (58,0,145)
(77,91,23) ; (58,40,145)
(88,96,32) ; (357,0,146)
(66,86,28) ; (448,145,147)
(58,42,68) ; (388,111,151)
(39,46,69) ; (349,107,151)
(104,39,65) ; (219,147,153)
(69,112,41) ; (515,121,155)
(55,45,41) ; (0,140,160)
(69,80,49) ; (377,153,160)
(66,38,53) ; (138,0,167)
(94,33,52) ; (138,38,167)
(48,37,51) ; (204,0,167)
(43,69,51) ; (252,0,167)
(74,90,52) ; (58,40,168)
(72,39,44) ; (58,140,173)
(63,86,44) ; (451,145,175)
(67,78,41) ; (454,0,178)
(50,84,39) ; (395,0,178)
(54,33,40) ; (467,78,178)
(37,91,41) ; (358,0,178)
(50,43,35) ; (0,188,179)
(35,48,31) ; (113,182,189)
(55,45,28) ; (148,185,189)
(106,33,25) ; (219,199,193)
(63,110,24) ; (518,123,196)
