0.0976
13 1301
587 233 220
100
1 120 1  88 1  70 1 1
2 81 1  90 0  44 1 1
3 37 1  46 1  35 1 1
4 33 1  25 1  63 0 1
5 72 1  43 1  75 1 1
6 95 0  97 0  29 1 1
7 66 0  68 0  29 1 1
8 67 0  60 0  30 1 1
9 90 1  70 1  58 1 1
10 84 0  27 1  46 1 1
11 99 0  42 1  25 1 1
12 88 0  33 1  32 1 1
13 56 1  33 1  51 1 1
14 48 1  55 1  45 1 1
15 120 0  36 1  79 0 1
16 80 1  97 1  59 1 2
17 44 1  27 1  25 1 2
18 85 1  77 1  55 1 1
19 69 0  89 0  24 1 1
20 82 1  96 1  61 1 2
21 87 1  88 1  73 1 1
22 101 0  97 0  23 1 1
23 81 1  54 1  65 1 2
24 71 0  50 1  27 1 1
25 32 1  36 1  50 1 1
26 120 0  95 0  41 1 1
27 70 1  44 1  47 1 1
28 52 1  39 1  51 1 1
29 39 1  50 1  48 1 2
30 109 0  64 0  20 1 1
31 114 0  67 1  36 1 1
32 53 0  63 0  26 1 2
33 48 1  41 1  76 1 1
34 91 0  99 0  20 1 1
35 109 0  84 0  26 1 1
36 109 0  48 0  24 1 1
37 100 0  62 0  27 1 1
38 46 1  94 0  44 1 2
39 112 0  27 1  27 1 1
40 102 0  30 1  73 0 2
41 70 0  73 0  30 1 2
42 85 0  53 0  24 1 1
43 95 1  54 1  71 1 2
44 108 0  25 1  77 0 2
45 70 1  72 1  71 1 1
46 34 1  69 0  50 1 1
47 33 1  72 0  59 1 2
48 98 0  41 1  38 1 2
49 66 0  42 1  26 1 1
50 103 0  49 1  27 1 1
51 98 0  71 0  25 1 1
52 107 1  97 1  71 1 2
53 73 1  46 1  51 1 1
54 48 1  39 1  70 1 1
55 90 0  27 1  76 0 1
56 57 1  95 0  38 1 2
57 55 0  27 1  39 1 1
58 35 1  68 1  48 1 1
59 71 0  82 0  33 1 1
60 46 1  50 0  25 1 1
61 91 0  86 0  28 1 2
62 110 0  97 1  55 1 1
63 70 1  45 1  56 1 1
64 62 0  56 0  26 1 1
65 56 0  34 1  27 1 3
66 39 1  56 1  69 1 1
67 55 1  85 0  31 1 1
68 45 1  81 1  46 1 1
69 63 1  53 1  75 1 2
70 117 1  80 1  69 1 2
71 45 1  91 0  80 1 1
72 68 0  29 1  61 0 1
73 77 1  42 1  79 1 1
74 83 0  25 1  62 0 1
75 90 0  25 1  69 0 1
76 103 0  57 0  28 1 1
77 34 1  46 1  36 1 1
78 106 1  99 1  69 1 1
79 94 0  36 1  24 1 2
80 35 1  87 0  30 1 2
81 93 0  79 0  37 1 3
82 80 0  27 1  50 1 2
83 73 0  35 1  62 1 1
84 116 0  64 1  44 1 1
85 61 1  52 1  47 1 1
86 44 1  78 1  68 1 1
87 109 1  92 1  64 1 2
88 44 1  96 0  56 1 1
89 92 1  58 1  72 1 1
90 111 0  50 1  67 1 1
91 43 1  99 0  49 1 1
92 42 1  52 0  22 1 1
93 41 1  43 1  27 1 2
94 62 1  47 1  39 1 1
95 83 1  79 1  62 1 2
96 56 1  90 1  48 1 2
97 119 0  94 0  44 1 2
98 40 1  91 0  65 1 1
99 53 1  94 1  75 1 1
100 118 0  39 1  68 1 1
(122,96,123) ; (0,0,0)
(71,194,186) ; (516,0,0)
(92,64,218) ; (0,169,0)
(48,39,162) ; (539,194,0)
(98,38,196) ; (441,195,0)
(120,73,118) ; (0,96,0)
(165,188,44) ; (351,0,0)
(83,62,218) ; (92,171,0)
(120,70,127) ; (122,0,0)
(91,45,161) ; (350,188,0)
(117,69,196) ; (175,164,0)
(53,75,220) ; (120,96,0)
(50,25,46) ; (122,70,0)
(99,106,69) ; (252,0,0)
(58,72,182) ; (292,161,0)
(79,93,138) ; (173,71,0)
(85,55,77) ; (266,106,0)
(97,80,118) ; (419,0,44)
(81,108,90) ; (435,80,44)
(67,111,70) ; (352,0,44)
(83,48,70) ; (352,140,44)
(84,27,46) ; (351,113,44)
(44,25,54) ; (122,70,46)
(97,101,23) ; (254,0,69)
(85,55,31) ; (266,106,77)
(82,27,43) ; (353,113,90)
(96,56,90) ; (255,0,92)
(96,44,56) ; (255,56,92)
(85,53,24) ; (266,108,108)
(63,109,26) ; (353,0,114)
(81,46,45) ; (354,141,114)
(44,68,78) ; (0,98,118)
(73,70,101) ; (44,96,118)
(110,55,97) ; (0,0,123)
(69,39,56) ; (0,55,123)
(51,39,52) ; (69,55,123)
(116,64,44) ; (122,0,127)
(80,50,27) ; (271,111,132)
(56,27,34) ; (379,113,133)
(77,108,25) ; (435,80,134)
(42,77,79) ; (173,71,138)
(33,88,32) ; (215,71,138)
(62,100,27) ; (353,0,140)
(91,40,65) ; (260,56,148)
(73,102,60) ; (439,86,159)
(73,46,51) ; (362,141,159)
(71,50,61) ; (280,111,159)
(76,41,48) ; (364,191,161)
(46,37,35) ; (540,196,162)
(70,45,56) ; (446,0,162)
(51,33,56) ; (465,45,162)
(27,56,34) ; (419,0,162)
(61,47,52) ; (354,0,167)
(55,48,45) ; (360,47,167)
(55,27,39) ; (380,113,167)
(27,80,50) ; (215,71,170)
(68,35,48) ; (122,0,171)
(103,27,49) ; (122,35,171)
(36,34,46) ; (190,0,171)
(50,36,32) ; (69,55,175)
(63,33,25) ; (0,55,179)
(56,27,34) ; (295,0,182)
(53,63,26) ; (297,168,182)
(94,24,36) ; (257,27,182)
(68,127,29) ; (517,0,186)
(67,60,30) ; (518,128,186)
(94,36,24) ; (442,197,196)
(42,52,22) ; (0,114,196)
(109,48,24) ; (175,183,196)
