0.0901
56 5601
587 233 220
100
1 40 1  70 1  76 1 2
2 45 1  54 1  65 1 1
3 39 1  52 1  70 1 1
4 79 0  32 1  36 1 1
5 49 1  63 1  79 1 1
6 88 1  73 1  59 1 1
7 110 1  94 1  59 1 1
8 97 1  69 1  69 1 1
9 78 0  38 1  24 1 1
10 69 1  38 1  38 1 1
11 99 1  90 1  59 1 1
12 69 1  75 1  65 1 2
13 77 1  39 1  71 1 2
14 32 1  72 0  28 1 1
15 105 0  33 1  71 0 1
16 55 1  96 0  40 1 1
17 99 0  73 0  24 1 2
18 119 0  42 1  64 1 1
19 41 1  97 0  59 1 1
20 113 0  30 1  43 1 3
21 73 0  27 1  34 1 2
22 106 0  28 1  49 1 1
23 71 1  50 1  50 1 1
24 113 0  64 0  20 1 1
25 36 1  39 1  60 1 1
26 32 1  86 0  53 1 1
27 48 0  29 1  23 1 1
28 77 0  67 1  36 1 1
29 31 1  64 0  80 0 1
30 81 1  66 1  74 1 2
31 45 1  89 0  36 1 1
32 63 0  86 0  24 1 1
33 59 0  25 1  23 1 2
34 58 0  71 0  25 1 1
35 111 0  35 1  44 1 1
36 53 0  48 0  23 1 1
37 35 1  65 1  61 1 1
38 100 1  96 1  76 1 1
39 79 1  93 1  58 1 1
40 37 1  86 0  74 0 1
41 87 0  72 0  24 1 1
42 97 1  55 1  66 1 1
43 51 1  27 1  66 0 2
44 51 1  78 1  77 1 1
45 99 0  26 1  42 1 2
46 51 1  47 1  77 1 1
47 115 1  78 1  80 1 1
48 87 1  73 1  55 1 1
49 73 1  83 1  51 1 1
50 84 1  86 0  43 1 1
51 76 0  29 1  60 0 1
52 91 1  65 1  55 1 1
53 78 1  78 1  58 1 1
54 78 1  61 1  40 1 2
55 84 1  69 1  64 1 1
56 119 0  72 1  53 1 1
57 39 1  41 1  39 1 1
58 100 0  86 0  23 1 2
59 37 1  99 0  26 1 1
60 72 0  25 1  49 1 1
61 91 0  91 0  21 1 1
62 108 0  73 0  24 1 1
63 67 1  92 1  62 1 1
64 88 0  29 1  20 1 1
65 70 0  65 0  21 1 1
66 59 1  76 0  36 1 2
67 77 1  41 1  65 1 2
68 39 1  59 1  33 1 1
69 69 1  97 1  54 1 1
70 73 1  57 1  46 1 1
71 37 1  91 0  69 1 1
72 93 0  34 1  64 1 1
73 106 1  70 1  79 1 1
74 80 0  64 1  39 1 1
75 53 1  85 1  64 1 1
76 94 1  59 1  58 1 1
77 96 1  100 1  75 1 2
78 38 1  93 0  56 1 3
79 47 1  43 1  36 1 1
80 76 1  83 1  51 1 1
81 51 1  47 1  61 1 1
82 110 0  31 1  50 1 2
83 95 1  75 1  54 1 3
84 90 1  96 0  47 1 2
85 107 1  54 1  55 1 1
86 35 1  85 0  63 1 2
87 55 1  84 0  41 1 1
88 31 1  84 0  71 0 1
89 104 0  70 1  37 1 1
90 46 1  40 1  68 1 2
91 43 1  87 0  71 1 2
92 84 1  48 1  49 1 1
93 101 1  81 1  65 1 1
94 58 1  41 1  45 1 1
95 104 0  68 1  48 1 2
96 60 1  51 1  77 1 1
97 47 1  72 0  26 1 1
98 38 1  73 1  64 1 2
99 115 0  86 0  21 1 1
100 116 0  49 1  57 1 1
(0,0,0) ; (77,36,67)
(0,36,0) ; (77,87,78)
(0,0,67) ; (76,36,126)
(0,36,78) ; (77,87,125)
(0,36,125) ; (77,87,185)
(0,0,126) ; (76,36,185)
(487,0,0) ; (587,76,96)
(487,76,0) ; (587,151,96)
(487,151,0) ; (587,226,96)
(487,0,96) ; (582,75,150)
(487,75,96) ; (582,150,150)
(487,150,96) ; (582,225,150)
(0,87,0) ; (99,160,24)
(0,160,0) ; (99,233,24)
(0,87,24) ; (99,177,83)
(0,177,24) ; (97,232,90)
(0,87,83) ; (96,177,130)
(0,177,90) ; (96,232,130)
(77,0,0) ; (138,40,78)
(77,40,0) ; (138,80,78)
(138,0,0) ; (253,80,78)
(77,0,78) ; (141,80,109)
(141,0,78) ; (247,79,148)
(77,0,109) ; (141,80,148)
(99,83,0) ; (164,158,69)
(99,158,0) ; (164,233,69)
(99,83,69) ; (164,144,104)
(99,144,69) ; (162,229,104)
(390,0,0) ; (428,93,56)
(428,0,0) ; (487,94,110)
(390,0,56) ; (428,93,112)
(428,0,110) ; (487,94,168)
(390,0,112) ; (428,93,168)
(390,0,168) ; (486,90,215)
(383,165,0) ; (487,233,48)
(383,165,48) ; (487,233,96)
(383,165,96) ; (423,233,142)
(423,165,96) ; (485,232,188)
(383,165,142) ; (423,233,188)
(383,165,188) ; (434,231,215)
(434,165,188) ; (485,231,215)
(164,84,0) ; (247,157,51)
(164,157,0) ; (247,233,51)
(164,84,51) ; (245,158,117)
(164,158,51) ; (245,232,117)
(390,96,0) ; (487,165,69)
(390,96,69) ; (487,165,123)
(390,96,123) ; (481,165,160)
(317,0,0) ; (390,87,55)
(317,0,55) ; (389,87,79)
(317,0,79) ; (388,87,122)
(317,0,122) ; (388,87,165)
(306,151,0) ; (383,192,65)
(306,192,0) ; (383,233,65)
(306,151,65) ; (382,191,135)
(306,191,65) ; (382,231,135)
(247,140,0) ; (305,233,79)
(253,0,0) ; (317,85,53)
(253,0,53) ; (317,84,122)
(314,87,0) ; (352,151,73)
(352,87,0) ; (390,151,73)
(314,87,73) ; (390,147,102)
(247,85,0) ; (312,140,91)
(247,179,79) ; (302,233,186)
(247,140,79) ; (299,179,149)
(247,85,91) ; (312,139,136)
(317,88,102) ; (390,147,190)
(99,87,104) ; (158,184,145)
(99,184,104) ; (157,229,145)
(164,174,117) ; (242,232,195)
(164,109,117) ; (245,174,218)
(164,84,117) ; (236,109,166)
(253,0,122) ; (308,84,163)
(0,122,130) ; (50,232,161)
(0,122,161) ; (50,232,192)
(0,122,192) ; (49,228,220)
(50,119,130) ; (93,232,160)
(50,119,160) ; (93,232,190)
(50,119,190) ; (93,232,220)
(0,87,130) ; (86,119,183)
(311,154,135) ; (382,231,174)
(311,154,174) ; (382,231,213)
(247,85,136) ; (308,136,183)
(99,110,145) ; (152,229,217)
(99,87,145) ; (147,110,174)
(77,0,148) ; (196,42,212)
(77,42,148) ; (181,79,218)
(196,0,148) ; (245,79,211)
(247,141,149) ; (285,179,218)
(489,0,150) ; (582,34,214)
(498,126,150) ; (540,225,176)
(540,126,150) ; (582,225,176)
(491,34,150) ; (582,125,171)
(395,102,160) ; (481,165,184)
(395,102,184) ; (480,165,219)
(253,0,163) ; (299,73,220)
(317,0,165) ; (388,84,196)
(164,84,166) ; (223,109,189)
(164,84,189) ; (223,109,212)
(498,34,171) ; (582,83,219)
(493,83,171) ; (582,119,216)
(498,139,176) ; (582,225,219)
(0,87,183) ; (79,119,219)
(247,85,183) ; (307,124,219)
(0,0,185) ; (73,27,219)
(0,27,185) ; (73,54,219)
(0,54,185) ; (72,86,213)
(247,180,186) ; (295,233,209)
(319,89,190) ; (390,147,215)
(164,194,195) ; (242,232,219)
(318,0,196) ; (388,65,217)
