0.0808
18 1801
587 233 220
100
1 53 1  49 1  79 1 1
2 91 0  64 0  28 1 1
3 42 1  28 1  63 0 1
4 64 1  55 1  33 1 1
5 77 1  99 0  43 1 1
6 113 0  90 0  26 1 2
7 68 1  89 1  48 1 2
8 48 1  25 1  71 0 2
9 31 1  92 0  43 1 1
10 76 0  35 1  55 1 2
11 36 1  54 1  70 1 3
12 81 0  34 1  31 1 1
13 65 1  81 1  50 1 1
14 86 1  81 1  55 1 2
15 54 1  97 0  28 1 1
16 118 0  59 0  21 1 1
17 58 1  35 1  52 1 2
18 118 0  35 1  40 1 1
19 81 1  71 1  78 1 1
20 45 1  71 1  54 1 2
21 57 0  52 0  23 1 2
22 87 0  37 1  53 1 1
23 97 0  31 1  67 0 2
24 96 1  78 1  61 1 2
25 80 1  68 1  60 1 3
26 89 0  39 1  59 1 1
27 71 0  31 1  50 1 1
28 95 0  37 1  21 1 1
29 74 1  88 0  40 1 2
30 88 0  39 1  80 0 1
31 55 1  31 1  69 0 1
32 89 1  88 1  68 1 1
33 68 0  38 1  24 1 1
34 114 0  96 0  42 1 1
35 114 1  97 1  76 1 1
36 97 0  54 0  27 1 1
37 92 0  34 1  24 1 1
38 45 1  55 1  39 1 2
39 84 1  87 1  60 1 2
40 119 0  93 1  53 1 1
41 105 0  82 1  51 1 2
42 65 1  69 1  47 1 1
43 88 1  95 1  52 1 1
44 43 1  47 1  35 1 2
45 78 0  89 0  37 1 1
46 35 1  67 1  66 1 3
47 57 1  30 1  59 1 2
48 44 1  80 1  52 1 1
49 84 1  61 1  67 1 1
50 83 0  33 1  41 1 1
51 36 1  60 1  71 1 3
52 98 0  75 1  38 1 1
53 54 1  48 1  39 1 1
54 115 0  45 1  63 1 2
55 37 1  59 0  27 1 1
56 54 1  58 1  37 1 2
57 42 1  71 1  71 1 2
58 97 0  30 1  38 1 1
59 102 1  97 1  62 1 1
60 65 1  49 1  45 1 1
61 44 1  50 1  46 1 1
62 82 1  64 1  55 1 1
63 55 1  45 1  60 1 1
64 93 0  39 1  67 1 1
65 98 0  41 1  39 1 1
66 80 0  48 1  32 1 1
67 54 1  45 1  55 1 1
68 43 1  25 1  50 0 1
69 64 1  35 1  40 1 2
70 43 1  76 1  66 1 2
71 107 0  82 0  39 1 3
72 74 0  33 1  52 1 2
73 55 1  50 1  72 1 1
74 88 1  83 1  74 1 1
75 40 1  46 1  71 1 1
76 50 0  35 1  23 1 3
77 51 1  33 1  37 1 2
78 106 0  29 1  34 1 1
79 102 0  33 1  43 1 2
80 110 1  83 1  56 1 1
81 40 1  34 1  32 1 1
82 42 1  73 0  26 1 2
83 57 1  100 1  52 1 1
84 92 1  93 1  76 1 1
85 84 0  41 1  74 1 1
86 114 1  86 1  60 1 1
87 42 1  34 1  48 1 1
88 62 1  99 0  32 1 2
89 58 1  74 0  30 1 3
90 66 0  48 0  22 1 2
91 30 1  44 1  38 1 1
92 57 0  28 1  39 1 1
93 69 1  39 1  65 1 1
94 56 1  37 1  34 1 2
95 79 0  36 1  56 1 1
96 80 0  52 1  33 1 2
97 54 1  66 0  33 1 2
98 42 1  81 0  36 1 2
99 59 1  82 1  70 1 2
100 101 0  51 1  35 1 2
(0,0,0) ; (40,88,74)
(40,0,0) ; (123,88,74)
(0,0,74) ; (60,87,158)
(60,0,74) ; (120,87,158)
(480,0,0) ; (587,82,39)
(480,0,39) ; (587,82,78)
(480,0,78) ; (587,82,117)
(480,0,117) ; (585,82,168)
(480,0,168) ; (585,82,219)
(0,91,0) ; (54,188,28)
(0,188,0) ; (54,233,55)
(0,91,28) ; (54,188,55)
(0,91,55) ; (54,162,100)
(0,162,55) ; (54,233,100)
(0,91,100) ; (54,161,136)
(0,161,100) ; (54,231,136)
(0,91,136) ; (52,165,169)
(0,165,136) ; (54,231,169)
(407,165,0) ; (467,233,80)
(467,165,0) ; (527,233,80)
(527,165,0) ; (587,233,80)
(407,165,80) ; (496,233,128)
(496,165,80) ; (585,233,128)
(407,165,128) ; (509,198,171)
(407,198,128) ; (509,231,171)
(509,165,128) ; (585,231,171)
(54,93,0) ; (136,163,59)
(54,163,0) ; (136,233,59)
(54,93,59) ; (133,149,95)
(54,149,59) ; (135,191,95)
(54,191,59) ; (135,233,95)
(477,82,0) ; (587,165,56)
(477,82,56) ; (532,163,142)
(532,82,56) ; (587,163,142)
(383,0,0) ; (480,76,114)
(383,0,114) ; (476,76,206)
(123,0,0) ; (238,45,63)
(123,45,0) ; (238,90,63)
(123,0,63) ; (236,90,89)
(123,0,89) ; (236,90,115)
(136,134,0) ; (203,231,31)
(203,134,0) ; (305,231,62)
(305,134,0) ; (337,233,62)
(337,134,0) ; (369,233,62)
(136,134,31) ; (203,231,62)
(409,77,0) ; (477,165,89)
(369,135,0) ; (407,233,75)
(239,0,0) ; (293,37,58)
(239,37,0) ; (293,74,58)
(293,0,0) ; (323,74,58)
(323,0,0) ; (353,74,58)
(353,0,0) ; (383,74,58)
(239,0,58) ; (299,36,129)
(239,36,58) ; (299,72,129)
(299,0,58) ; (341,71,129)
(341,0,58) ; (383,71,129)
(136,90,0) ; (235,133,77)
(357,76,0) ; (409,133,100)
(239,74,0) ; (357,133,21)
(239,74,21) ; (328,133,60)
(328,74,21) ; (356,131,60)
(241,74,60) ; (274,129,124)
(274,74,60) ; (356,129,124)
(136,135,62) ; (250,231,104)
(250,178,62) ; (369,231,155)
(250,178,155) ; (287,229,188)
(287,178,155) ; (367,230,188)
(251,138,62) ; (369,178,97)
(369,136,75) ; (407,233,105)
(369,136,105) ; (406,231,126)
(136,90,77) ; (234,131,116)
(410,81,89) ; (477,165,150)
(54,137,95) ; (132,233,156)
(54,137,156) ; (132,233,217)
(54,93,95) ; (130,136,161)
(54,93,161) ; (127,135,187)
(259,139,97) ; (314,178,142)
(314,139,97) ; (369,178,142)
(357,76,100) ; (409,133,123)
(357,76,123) ; (409,133,146)
(136,171,104) ; (250,231,190)
(136,171,190) ; (193,230,220)
(193,171,190) ; (250,230,220)
(136,136,104) ; (188,171,162)
(188,136,104) ; (240,171,162)
(136,136,162) ; (237,171,213)
(123,0,115) ; (158,67,181)
(158,0,115) ; (193,67,181)
(123,0,181) ; (192,65,220)
(123,67,115) ; (173,90,150)
(193,0,115) ; (233,88,189)
(136,90,116) ; (200,130,151)
(200,90,116) ; (233,127,167)
(268,74,124) ; (356,126,219)
(241,74,124) ; (264,124,159)
(369,144,126) ; (406,231,179)
(335,0,129) ; (383,71,154)
(335,0,154) ; (383,71,179)
(335,0,179) ; (381,71,219)
(239,0,129) ; (332,67,168)
(516,82,142) ; (587,163,220)
(478,95,142) ; (516,163,166)
(268,143,142) ; (369,178,193)
(359,76,146) ; (409,131,218)
(412,118,150) ; (477,165,219)
(123,67,150) ; (173,90,185)
(411,81,150) ; (477,116,217)
(136,90,151) ; (200,130,186)
(0,0,158) ; (71,36,218)
(0,36,158) ; (55,81,218)
(71,0,158) ; (117,44,208)
(55,44,158) ; (118,86,186)
(483,97,166) ; (516,163,220)
(200,90,167) ; (232,124,207)
(239,0,168) ; (320,65,218)
(0,151,169) ; (52,231,213)
(0,92,169) ; (27,151,206)
(27,101,169) ; (52,151,212)
(491,165,171) ; (538,200,214)
(538,165,171) ; (585,200,214)
(491,200,171) ; (583,231,214)
(446,166,171) ; (491,231,220)
(407,177,171) ; (446,231,219)
(373,148,179) ; (406,231,220)
(55,44,186) ; (111,81,220)
(136,90,186) ; (192,127,220)
(54,93,187) ; (127,135,213)
(296,179,188) ; (367,229,219)
(250,185,188) ; (288,229,218)
(193,0,189) ; (227,81,220)
(277,144,193) ; (369,178,217)
