0.1049
34 3401
587 233 220
100
1 86 0  36 1  37 1 1
2 72 1  82 1  53 1 2
3 86 0  31 1  47 1 1
4 51 1  67 1  45 1 2
5 90 0  39 1  59 1 3
6 114 0  76 0  21 1 1
7 37 1  27 1  79 0 2
8 48 1  90 1  78 1 2
9 89 0  85 0  20 1 1
10 110 0  90 0  27 1 2
11 69 1  77 1  48 1 1
12 43 1  40 1  51 1 2
13 48 1  27 1  61 0 2
14 33 1  57 1  79 0 1
15 34 1  61 0  24 1 1
16 43 1  54 1  43 1 1
17 72 1  89 1  55 1 1
18 52 1  81 1  59 1 1
19 61 1  31 1  76 0 1
20 52 0  25 1  58 0 2
21 62 1  61 1  65 1 1
22 47 1  34 1  75 0 1
23 46 1  83 0  41 1 1
24 107 0  48 1  37 1 1
25 112 0  65 0  25 1 1
26 95 0  44 1  29 1 1
27 55 1  74 1  65 1 1
28 50 0  77 0  21 1 1
29 106 0  39 1  51 1 2
30 120 0  30 1  58 1 1
31 38 1  49 0  24 1 1
32 44 1  30 1  30 1 2
33 53 1  62 1  48 1 2
34 30 1  76 0  46 1 1
35 104 0  54 1  51 1 1
36 100 0  87 0  39 1 1
37 118 0  45 1  76 1 1
38 112 0  52 1  36 1 1
39 63 1  37 1  41 1 2
40 86 0  91 0  29 1 1
41 77 0  36 1  72 0 2
42 77 1  92 1  78 1 1
43 99 1  80 1  77 1 1
44 86 1  60 1  50 1 2
45 80 1  66 1  60 1 2
46 83 1  89 1  51 1 1
47 36 1  83 0  46 1 1
48 70 0  96 0  21 1 1
49 64 1  64 1  77 1 1
50 119 0  70 0  27 1 1
51 58 1  38 1  31 1 2
52 77 1  95 1  71 1 1
53 46 1  40 1  24 1 1
54 37 1  83 0  35 1 1
55 90 1  78 1  55 1 1
56 104 0  81 0  35 1 1
57 54 1  68 1  43 1 1
58 73 1  72 1  65 1 1
59 37 1  68 1  39 1 1
60 76 1  43 1  65 1 3
61 98 0  30 1  54 1 1
62 74 0  26 1  77 0 2
63 110 0  96 0  24 1 1
64 46 1  48 1  44 1 1
65 120 0  87 1  44 1 2
66 96 0  30 1  57 1 1
67 98 0  31 1  43 1 1
68 69 1  95 1  61 1 2
69 108 0  36 1  65 1 1
70 30 1  52 1  78 0 1
71 72 1  99 1  50 1 1
72 100 0  86 0  35 1 1
73 87 0  79 0  31 1 1
74 49 1  41 1  34 1 1
75 59 1  41 1  78 1 1
76 59 1  42 1  77 1 1
77 83 0  34 1  68 0 2
78 82 1  73 1  78 1 1
79 97 0  36 1  47 1 1
80 34 1  97 0  35 1 1
81 36 1  90 0  51 1 2
82 77 1  44 1  42 1 1
83 77 1  45 1  64 1 1
84 69 0  34 1  62 1 1
85 98 1  67 1  52 1 1
86 58 1  63 1  69 1 2
87 114 1  77 1  68 1 2
88 109 0  33 1  74 0 2
89 86 1  98 1  70 1 1
90 70 1  59 1  77 1 1
91 89 0  70 0  20 1 2
92 48 1  92 1  55 1 1
93 45 1  96 0  57 1 1
94 106 0  31 1  31 1 1
95 46 1  74 1  64 1 4
96 82 1  59 1  57 1 1
97 117 0  68 1  51 1 2
98 111 0  46 1  69 1 1
99 84 0  81 0  32 1 2
100 96 0  31 1  46 1 2
(0,0,0) ; (90,48,78)
(0,48,0) ; (90,96,78)
(0,96,0) ; (90,151,78)
(0,0,78) ; (45,67,129)
(45,0,78) ; (90,67,129)
(0,67,78) ; (89,150,129)
(0,0,129) ; (89,70,149)
(0,70,129) ; (89,140,149)
(470,0,0) ; (587,68,51)
(470,68,0) ; (587,136,51)
(470,0,51) ; (584,68,128)
(470,68,51) ; (584,136,128)
(525,137,0) ; (556,233,46)
(556,137,0) ; (587,233,46)
(525,137,46) ; (586,185,73)
(525,185,46) ; (586,233,73)
(525,137,73) ; (586,232,142)
(525,137,142) ; (586,232,211)
(0,153,0) ; (66,233,60)
(66,153,0) ; (132,233,60)
(0,153,60) ; (90,192,119)
(0,192,60) ; (90,231,119)
(90,153,60) ; (131,231,119)
(448,138,0) ; (525,233,71)
(448,138,71) ; (525,230,149)
(90,0,0) ; (167,64,64)
(90,64,0) ; (167,109,64)
(90,109,0) ; (166,152,65)
(90,0,64) ; (164,109,97)
(90,109,65) ; (166,152,130)
(90,0,97) ; (164,109,130)
(286,0,0) ; (332,74,64)
(332,0,0) ; (378,74,64)
(378,0,0) ; (424,74,64)
(424,0,0) ; (470,74,64)
(286,0,64) ; (339,72,146)
(339,0,64) ; (392,72,146)
(392,0,64) ; (470,73,146)
(132,152,0) ; (216,233,32)
(132,152,32) ; (216,233,64)
(328,146,0) ; (448,233,44)
(328,146,44) ; (448,233,88)
(328,146,88) ; (388,232,138)
(388,146,88) ; (448,232,138)
(167,0,0) ; (225,69,63)
(225,0,0) ; (283,69,63)
(167,0,63) ; (278,69,109)
(374,74,0) ; (422,136,53)
(422,74,0) ; (470,136,53)
(374,74,53) ; (398,135,87)
(398,74,53) ; (467,136,87)
(216,151,0) ; (268,232,59)
(268,151,0) ; (325,233,59)
(167,69,0) ; (204,148,27)
(204,69,0) ; (241,148,27)
(167,69,27) ; (241,146,53)
(167,69,53) ; (241,146,79)
(275,74,0) ; (374,146,50)
(241,69,0) ; (274,148,57)
(276,74,50) ; (374,144,136)
(276,74,136) ; (374,141,188)
(241,69,57) ; (271,147,109)
(216,196,59) ; (324,232,124)
(216,151,59) ; (312,196,116)
(132,156,64) ; (215,197,110)
(132,197,64) ; (215,233,110)
(167,69,79) ; (239,146,115)
(375,74,87) ; (467,129,135)
(167,0,109) ; (273,39,160)
(167,0,160) ; (273,39,211)
(167,39,109) ; (265,69,163)
(167,39,163) ; (263,69,220)
(241,69,109) ; (271,145,155)
(132,163,110) ; (209,233,169)
(132,163,169) ; (209,232,217)
(167,69,115) ; (232,145,158)
(216,152,116) ; (311,196,145)
(0,154,119) ; (80,231,218)
(80,154,119) ; (124,231,161)
(216,196,124) ; (313,232,171)
(473,0,128) ; (583,90,155)
(473,90,128) ; (516,133,182)
(516,90,128) ; (584,133,182)
(473,0,155) ; (583,90,182)
(90,0,130) ; (162,55,219)
(90,55,130) ; (160,151,151)
(381,74,135) ; (424,125,175)
(424,74,135) ; (467,125,175)
(330,156,138) ; (448,232,183)
(216,155,145) ; (279,196,182)
(216,155,182) ; (279,196,219)
(280,158,145) ; (311,196,203)
(351,0,146) ; (470,70,173)
(286,0,146) ; (351,72,219)
(0,0,149) ; (86,37,185)
(0,0,185) ; (83,37,220)
(0,37,149) ; (87,137,188)
(474,140,149) ; (525,230,185)
(450,181,149) ; (474,230,187)
(450,141,149) ; (474,181,195)
(90,55,151) ; (158,138,185)
(90,55,185) ; (158,138,219)
(241,69,155) ; (271,113,185)
(241,115,155) ; (271,145,199)
(167,69,158) ; (232,143,213)
(80,154,161) ; (122,231,220)
(216,197,171) ; (313,232,205)
(384,0,173) ; (470,31,220)
(395,31,173) ; (470,65,220)
(353,0,173) ; (384,58,211)
(421,74,175) ; (467,122,219)
(387,74,175) ; (421,123,216)
(476,0,182) ; (583,48,219)
(479,48,182) ; (583,129,217)
(371,160,183) ; (448,232,219)
(332,164,183) ; (371,232,220)
(475,153,185) ; (525,230,206)
(0,37,188) ; (86,128,217)
(298,74,188) ; (374,135,219)
