0.1025
46 4601
587 233 220
100
1 88 1  54 1  77 1 1
2 30 1  82 0  48 1 1
3 94 1  87 1  48 1 1
4 41 1  67 1  66 1 1
5 119 0  34 1  32 1 1
6 31 1  96 0  36 1 1
7 80 1  63 1  80 1 1
8 101 0  53 0  22 1 1
9 60 1  89 1  65 1 2
10 68 1  71 1  79 1 1
11 89 0  47 1  35 1 1
12 105 0  39 1  59 1 1
13 59 1  52 1  34 1 1
14 81 0  43 0  20 1 1
15 117 0  39 1  50 1 1
16 102 0  48 1  67 1 1
17 74 1  89 1  79 1 2
18 114 1  61 1  63 1 1
19 64 1  90 1  78 1 1
20 108 0  74 0  33 1 1
21 68 1  37 1  53 1 2
22 80 0  68 0  22 1 2
23 112 1  58 1  58 1 1
24 86 1  93 1  71 1 1
25 96 1  88 1  69 1 1
26 90 1  75 1  47 1 1
27 51 1  83 1  52 1 1
28 107 1  62 1  78 1 1
29 46 1  53 1  75 1 1
30 39 1  66 1  63 1 1
31 44 1  61 1  74 1 1
32 80 1  98 0  46 1 1
33 112 1  66 1  68 1 1
34 112 0  61 1  48 1 2
35 91 0  47 1  33 1 1
36 102 0  95 0  36 1 1
37 109 1  80 1  75 1 1
38 72 0  41 1  28 1 1
39 115 0  65 0  23 1 3
40 51 1  96 0  43 1 1
41 63 0  45 1  25 1 1
42 118 0  70 1  51 1 1
43 110 0  32 1  35 1 1
44 31 1  67 0  51 1 1
45 115 0  57 1  44 1 1
46 102 0  62 1  44 1 1
47 47 1  59 1  35 1 1
48 103 0  54 0  23 1 1
49 80 1  67 1  45 1 1
50 31 1  58 1  44 1 1
51 71 0  62 1  32 1 1
52 109 0  31 1  42 1 1
53 106 1  100 1  80 1 1
54 106 1  75 1  62 1 1
55 75 1  99 0  40 1 1
56 42 1  25 1  62 0 1
57 105 0  69 1  37 1 1
58 120 0  79 1  58 1 1
59 72 0  32 1  60 1 1
60 33 1  47 1  43 1 1
61 102 0  75 1  48 1 1
62 111 0  48 1  72 1 1
63 75 0  98 0  21 1 1
64 91 1  55 1  62 1 1
65 44 1  31 1  42 1 1
66 48 1  96 0  36 1 1
67 85 1  62 1  60 1 1
68 106 0  91 1  48 1 1
69 117 1  63 1  71 1 1
70 58 1  79 1  71 1 2
71 96 1  90 1  70 1 1
72 44 0  41 0  20 1 1
73 118 1  68 1  70 1 1
74 52 0  26 1  54 0 1
75 83 1  50 1  66 1 1
76 61 1  36 1  70 1 1
77 111 0  65 0  28 1 1
78 33 1  68 0  21 1 2
79 82 1  57 1  50 1 1
80 34 1  92 0  24 1 1
81 37 1  69 0  24 1 1
82 41 1  86 0  68 1 1
83 104 0  29 1  56 1 1
84 105 0  51 1  47 1 1
85 44 1  48 1  25 1 1
86 113 1  96 1  71 1 2
87 50 1  59 1  44 1 1
88 76 0  40 1  24 1 1
89 45 1  51 1  47 1 1
90 107 0  99 0  36 1 1
91 30 1  69 0  74 0 1
92 31 1  73 0  71 0 1
93 99 1  74 1  77 1 1
94 99 0  68 1  35 1 1
95 54 1  85 1  48 1 1
96 106 1  88 1  78 1 1
97 109 0  40 1  80 0 1
98 64 0  26 1  37 1 1
99 63 1  80 0  37 1 1
100 104 1  61 1  72 1 1
(114,61,159) ; (0,0,0)
(79,71,215) ; (508,0,0)
(109,80,215) ; (0,153,0)
(113,71,220) ; (474,162,0)
(127,89,148) ; (0,61,0)
(78,90,170) ; (509,71,0)
(78,62,213) ; (430,0,0)
(66,68,213) ; (109,165,0)
(178,70,96) ; (296,163,0)
(89,60,130) ; (114,0,0)
(77,99,135) ; (431,62,0)
(118,70,119) ; (312,0,0)
(83,51,175) ; (175,182,0)
(48,102,142) ; (127,60,0)
(106,48,142) ; (203,0,0)
(71,86,134) ; (360,70,0)
(58,120,79) ; (175,62,0)
(37,68,106) ; (258,165,0)
(65,115,69) ; (233,48,0)
(62,91,55) ; (298,70,0)
(62,85,60) ; (298,70,55)
(57,115,44) ; (233,48,69)
(58,112,58) ; (175,70,79)
(105,67,45) ; (369,165,96)
(72,32,122) ; (297,200,96)
(70,36,61) ; (299,164,96)
(35,59,99) ; (258,174,106)
(56,104,29) ; (233,48,113)
(61,72,104) ; (299,70,115)
(117,63,71) ; (313,0,119)
(77,54,88) ; (114,0,130)
(68,80,44) ; (360,70,134)
(75,90,47) ; (431,62,135)
(46,98,80) ; (175,84,137)
(102,62,44) ; (372,166,141)
(48,96,36) ; (127,60,142)
(53,46,75) ; (203,0,142)
(51,47,45) ; (256,0,142)
(54,103,23) ; (233,48,142)
(111,48,72) ; (0,61,148)
(105,37,69) ; (0,109,148)
(67,31,51) ; (302,169,157)
(105,59,39) ; (0,0,159)
(53,101,22) ; (233,48,165)
(44,59,50) ; (543,71,170)
(72,28,41) ; (515,131,170)
(31,58,44) ; (512,71,170)
(44,48,25) ; (175,184,175)
(31,42,44) ; (219,190,175)
(47,89,35) ; (127,60,178)
(63,80,37) ; (365,70,178)
(69,24,37) ; (437,62,182)
(26,64,37) ; (480,88,182)
(42,62,25) ; (438,90,182)
(92,24,34) ; (382,204,185)
(96,36,31) ; (378,168,185)
(47,43,33) ; (256,0,187)
(47,91,33) ; (233,48,187)
(82,48,30) ; (348,0,190)
(81,43,20) ; (0,0,198)
(44,41,20) ; (175,191,200)
