0.091
64 6401
587 233 220
100
1 59 1  45 1  51 1 1
2 30 1  52 1  79 0 2
3 98 0  51 1  47 1 1
4 99 0  76 1  44 1 1
5 88 1  47 1  51 1 1
6 105 0  25 1  20 1 1
7 109 0  60 0  23 1 2
8 64 1  59 1  51 1 2
9 64 1  43 1  70 1 1
10 86 1  57 1  78 1 1
11 55 1  58 1  52 1 1
12 105 0  30 1  52 1 1
13 39 1  98 0  39 1 2
14 116 0  44 1  32 1 1
15 80 0  62 1  35 1 3
16 84 1  65 1  62 1 1
17 88 1  99 1  77 1 2
18 50 1  69 1  40 1 1
19 105 0  58 1  44 1 1
20 100 0  32 1  69 0 1
21 35 1  71 0  65 1 1
22 114 0  93 0  21 1 2
23 96 1  59 1  53 1 1
24 63 1  89 1  49 1 1
25 112 0  25 1  31 1 1
26 40 1  87 0  70 1 1
27 72 0  41 0  20 1 1
28 32 1  97 0  51 1 1
29 60 1  58 1  69 1 1
30 103 0  94 0  42 1 1
31 117 0  43 1  47 1 2
32 77 0  33 1  54 1 2
33 36 1  33 1  63 1 1
34 118 0  52 1  43 1 2
35 119 1  82 1  75 1 3
36 114 0  25 1  76 0 1
37 34 1  93 0  41 1 1
38 65 1  34 1  35 1 1
39 97 0  34 1  32 1 1
40 90 0  68 0  20 1 2
41 63 1  91 1  59 1 1
42 78 1  46 1  58 1 1
43 82 0  30 1  54 1 1
44 48 1  55 1  63 1 1
45 62 1  82 0  40 1 1
46 47 1  54 1  61 1 1
47 56 1  45 1  44 1 1
48 111 0  37 1  50 1 1
49 104 0  30 1  38 1 1
50 56 1  57 1  34 1 2
51 56 0  49 1  26 1 1
52 53 1  68 1  60 1 1
53 96 1  63 1  80 1 1
54 69 1  51 1  58 1 2
55 59 0  38 1  22 1 1
56 57 1  39 1  48 1 1
57 73 1  41 1  64 1 2
58 113 1  92 1  70 1 1
59 50 1  96 0  40 1 3
60 113 0  42 0  21 1 2
61 50 1  76 0  37 1 1
62 92 1  48 1  54 1 1
63 67 1  73 1  45 1 3
64 111 0  25 1  55 0 1
65 92 0  65 1  45 1 1
66 63 1  56 1  75 1 1
67 54 1  72 1  77 1 1
68 33 1  47 1  72 0 1
69 89 0  34 1  79 0 3
70 106 0  31 1  49 1 1
71 53 1  48 1  45 1 1
72 72 0  32 1  44 1 2
73 120 0  64 0  27 1 2
74 103 0  30 1  29 1 2
75 58 1  36 1  32 1 1
76 54 1  63 1  55 1 1
77 108 0  97 0  21 1 1
78 118 1  65 1  76 1 2
79 37 1  57 1  67 1 1
80 30 1  94 0  75 0 1
81 33 1  57 1  55 1 2
82 88 1  45 1  72 1 1
83 111 0  27 1  49 1 3
84 57 1  57 1  43 1 2
85 95 0  68 1  37 1 1
86 34 1  91 0  29 1 2
87 84 1  78 1  49 1 1
88 106 0  47 0  21 1 2
89 93 1  79 1  57 1 1
90 119 0  95 1  57 1 1
91 84 0  67 0  21 1 1
92 101 0  31 1  31 1 4
93 102 0  26 1  64 0 1
94 52 0  40 0  20 1 1
95 106 1  74 1  60 1 2
96 86 0  32 1  25 1 1
97 99 0  37 1  37 1 1
98 43 1  61 0  26 1 2
99 119 0  81 1  50 1 1
100 59 1  92 0  43 1 2
(57,119,177) ; (0,0,0)
(225,82,169) ; (362,0,0)
(99,77,220) ; (488,156,0)
(70,113,152) ; (0,120,0)
(118,52,219) ; (57,0,0)
(76,118,130) ; (70,115,0)
(106,74,178) ; (481,82,0)
(67,73,217) ; (421,160,0)
(56,63,129) ; (57,52,0)
(186,118,64) ; (146,115,0)
(96,63,80) ; (113,52,0)
(89,79,102) ; (332,154,0)
(186,51,47) ; (175,0,0)
(58,78,132) ; (423,82,0)
(88,72,109) ; (335,82,0)
(120,64,54) ; (209,51,0)
(63,49,144) ; (175,0,47)
(78,49,84) ; (283,0,47)
(45,51,59) ; (238,0,47)
(91,63,59) ; (209,51,54)
(26,61,43) ; (303,51,54)
(105,111,62) ; (146,118,64)
(81,111,49) ; (251,118,64)
(54,61,47) ; (113,52,80)
(37,57,67) ; (167,52,80)
(26,61,43) ; (303,51,97)
(57,79,93) ; (364,154,102)
(30,79,52) ; (334,154,102)
(45,48,53) ; (238,0,106)
(87,70,40) ; (335,82,109)
(47,106,21) ; (251,123,113)
(34,111,57) ; (298,118,113)
(84,62,105) ; (209,51,113)
(97,108,21) ; (146,121,126)
(54,48,92) ; (113,52,127)
(55,58,52) ; (57,52,129)
(76,114,25) ; (70,119,130)
(76,37,50) ; (285,0,131)
(54,77,33) ; (426,83,132)
(47,106,21) ; (251,123,134)
(22,59,38) ; (307,51,140)
(94,103,42) ; (146,126,147)
(34,56,57) ; (167,52,147)
(50,69,40) ; (372,83,149)
(35,65,34) ; (337,87,149)
(68,95,66) ; (0,136,152)
(30,79,52) ; (334,154,154)
(71,35,65) ; (70,198,155)
(72,77,54) ; (70,121,155)
(45,92,65) ; (251,137,155)
(45,44,56) ; (238,0,159)
(33,77,54) ; (447,83,165)
(111,37,50) ; (466,0,169)
(96,40,50) ; (481,37,169)
(97,32,51) ; (369,0,169)
(113,42,21) ; (368,37,169)
(31,106,49) ; (300,123,170)
(52,105,30) ; (0,0,177)
(93,34,41) ; (491,122,178)
(98,39,39) ; (486,82,178)
(48,57,39) ; (57,52,181)
(63,36,33) ; (298,0,181)
(32,58,36) ; (340,94,183)
(62,101,31) ; (146,128,189)
(32,86,25) ; (208,143,189)
(49,56,26) ; (373,96,189)
(104,38,30) ; (377,37,190)
(52,40,20) ; (175,0,191)
(41,72,20) ; (380,161,195)
