0.0976
13 1301
587 233 220
100
1 120 1  88 1  70 1 1
2 81 1  90 0  44 1 1
3 37 1  46 1  35 1 1
4 33 1  25 1  63 0 1
5 72 1  43 1  75 1 1
6 95 0  97 0  29 1 1
7 66 0  68 0  29 1 1
8 67 0  60 0  30 1 1
9 90 1  70 1  58 1 1
10 84 0  27 1  46 1 1
11 99 0  42 1  25 1 1
12 88 0  33 1  32 1 1
13 56 1  33 1  51 1 1
14 48 1  55 1  45 1 1
15 120 0  36 1  79 0 1
16 80 1  97 1  59 1 2
17 44 1  27 1  25 1 2
18 85 1  77 1  55 1 1
19 69 0  89 0  24 1 1
20 82 1  96 1  61 1 2
21 87 1  88 1  73 1 1
22 101 0  97 0  23 1 1
23 81 1  54 1  65 1 2
24 71 0  50 1  27 1 1
25 32 1  36 1  50 1 1
26 120 0  95 0  41 1 1
27 70 1  44 1  47 1 1
28 52 1  39 1  51 1 1
29 39 1  50 1  48 1 2
30 109 0  64 0  20 1 1
31 114 0  67 1  36 1 1
32 53 0  63 0  26 1 2
33 48 1  41 1  76 1 1
34 91 0  99 0  20 1 1
35 109 0  84 0  26 1 1
36 109 0  48 0  24 1 1
37 100 0  62 0  27 1 1
38 46 1  94 0  44 1 2
39 112 0  27 1  27 1 1
40 102 0  30 1  73 0 2
41 70 0  73 0  30 1 2
42 85 0  53 0  24 1 1
43 95 1  54 1  71 1 2
44 108 0  25 1  77 0 2
45 70 1  72 1  71 1 1
46 34 1  69 0  50 1 1
47 33 1  72 0  59 1 2
48 98 0  41 1  38 1 2
49 66 0  42 1  26 1 1
50 103 0  49 1  27 1 1
51 98 0  71 0  25 1 1
52 107 1  97 1  71 1 2
53 73 1  46 1  51 1 1
54 48 1  39 1  70 1 1
55 90 0  27 1  76 0 1
56 57 1  95 0  38 1 2
57 55 0  27 1  39 1 1
58 35 1  68 1  48 1 1
59 71 0  82 0  33 1 1
60 46 1  50 0  25 1 1
61 91 0  86 0  28 1 2
62 110 0  97 1  55 1 1
63 70 1  45 1  56 1 1
64 62 0  56 0  26 1 1
65 56 0  34 1  27 1 3
66 39 1  56 1  69 1 1
67 55 1  85 0  31 1 1
68 45 1  81 1  46 1 1
69 63 1  53 1  75 1 2
70 117 1  80 1  69 1 2
71 45 1  91 0  80 1 1
72 68 0  29 1  61 0 1
73 77 1  42 1  79 1 1
74 83 0  25 1  62 0 1
75 90 0  25 1  69 0 1
76 103 0  57 0  28 1 1
77 34 1  46 1  36 1 1
78 106 1  99 1  69 1 1
79 94 0  36 1  24 1 2
80 35 1  87 0  30 1 2
81 93 0  79 0  37 1 3
82 80 0  27 1  50 1 2
83 73 0  35 1  62 1 1
84 116 0  64 1  44 1 1
85 61 1  52 1  47 1 1
86 44 1  78 1  68 1 1
87 109 1  92 1  64 1 2
88 44 1  96 0  56 1 1
89 92 1  58 1  72 1 1
90 111 0  50 1  67 1 1
91 43 1  99 0  49 1 1
92 42 1  52 0  22 1 1
93 41 1  43 1  27 1 2
94 62 1  47 1  39 1 1
95 83 1  79 1  62 1 2
96 56 1  90 1  48 1 2
97 119 0  94 0  44 1 2
98 40 1  91 0  65 1 1
99 53 1  94 1  75 1 1
100 118 0  39 1  68 1 1
(0,0,0) ; (61,96,82)
(61,0,0) ; (122,96,82)
(0,0,82) ; (120,95,123)
(516,0,0) ; (587,97,107)
(516,97,0) ; (587,194,107)
(516,0,107) ; (587,95,161)
(516,95,107) ; (587,190,161)
(516,0,161) ; (587,98,186)
(516,98,161) ; (585,188,186)
(0,169,0) ; (92,233,109)
(0,169,109) ; (92,233,218)
(539,194,0) ; (587,233,50)
(539,194,50) ; (587,233,100)
(539,194,100) ; (586,233,162)
(441,195,0) ; (539,233,41)
(441,195,41) ; (539,233,82)
(441,195,82) ; (536,233,139)
(441,195,139) ; (536,233,196)
(0,96,0) ; (87,169,88)
(87,96,0) ; (120,168,59)
(87,96,59) ; (120,168,118)
(0,96,88) ; (87,131,118)
(0,131,88) ; (87,166,118)
(351,0,0) ; (397,94,44)
(351,94,0) ; (397,188,44)
(397,0,0) ; (516,94,44)
(397,94,0) ; (516,188,44)
(92,171,0) ; (175,233,25)
(92,171,25) ; (175,233,104)
(92,171,104) ; (175,233,183)
(92,171,183) ; (165,233,218)
(122,0,0) ; (242,70,88)
(122,0,88) ; (240,68,127)
(350,188,0) ; (441,233,80)
(350,188,80) ; (440,232,161)
(175,164,0) ; (292,233,80)
(175,164,80) ; (292,233,160)
(175,164,160) ; (289,231,196)
(120,96,0) ; (173,171,63)
(120,96,63) ; (173,171,126)
(120,96,126) ; (173,171,220)
(122,70,0) ; (172,95,46)
(252,0,0) ; (351,106,69)
(292,161,0) ; (350,233,92)
(292,161,92) ; (350,231,182)
(173,71,0) ; (252,164,37)
(173,71,37) ; (252,164,74)
(173,71,74) ; (252,164,111)
(173,71,111) ; (249,161,138)
(266,106,0) ; (351,161,77)
(419,0,44) ; (516,80,103)
(419,0,103) ; (516,80,162)
(435,80,44) ; (516,134,109)
(435,134,44) ; (516,188,109)
(435,80,109) ; (512,188,134)
(352,0,44) ; (419,111,94)
(352,0,94) ; (416,109,114)
(352,140,44) ; (396,187,114)
(396,140,44) ; (435,188,114)
(351,113,44) ; (435,140,90)
(122,70,46) ; (166,95,73)
(122,70,73) ; (166,95,100)
(254,0,69) ; (351,101,92)
(266,106,77) ; (351,161,108)
(353,113,90) ; (394,140,133)
(394,113,90) ; (435,140,133)
(255,0,92) ; (303,56,182)
(303,0,92) ; (351,56,182)
(255,56,92) ; (351,100,148)
(266,108,108) ; (351,161,132)
(353,0,114) ; (416,53,140)
(353,53,114) ; (415,109,140)
(354,141,114) ; (435,187,159)
(0,98,118) ; (44,166,196)
(44,96,118) ; (117,166,148)
(44,96,148) ; (116,166,219)
(0,0,123) ; (110,55,220)
(0,55,123) ; (69,94,179)
(69,55,123) ; (120,94,175)
(122,0,127) ; (238,64,171)
(271,111,132) ; (351,161,159)
(379,113,133) ; (435,140,167)
(435,80,134) ; (512,188,159)
(173,71,138) ; (215,148,217)
(215,71,138) ; (248,159,170)
(353,0,140) ; (415,100,167)
(260,56,148) ; (351,96,213)
(439,86,159) ; (512,188,189)
(439,86,189) ; (512,188,219)
(362,141,159) ; (435,187,210)
(280,111,159) ; (351,161,186)
(280,111,186) ; (349,161,220)
(364,191,161) ; (440,232,209)
(540,196,162) ; (586,233,197)
(446,0,162) ; (516,45,218)
(465,45,162) ; (516,78,218)
(419,0,162) ; (446,56,196)
(354,0,167) ; (415,47,219)
(360,47,167) ; (415,95,212)
(380,113,167) ; (435,140,206)
(215,71,170) ; (242,151,220)
(122,0,171) ; (190,35,219)
(122,35,171) ; (225,62,220)
(190,0,171) ; (226,34,217)
(69,55,175) ; (119,91,207)
(0,55,179) ; (63,88,204)
(295,0,182) ; (351,27,216)
(297,168,182) ; (350,231,208)
(257,27,182) ; (351,51,218)
(517,0,186) ; (585,66,215)
(517,66,186) ; (585,127,215)
(518,128,186) ; (585,188,216)
(442,197,196) ; (536,233,220)
(0,114,196) ; (42,166,218)
(175,183,196) ; (284,231,220)
