0.0977
92 9201
587 233 220
100
1 63 1  43 1  55 1 1
2 107 0  75 1  47 1 2
3 35 1  50 1  52 1 1
4 79 0  34 1  22 1 2
5 56 0  79 0  25 1 1
6 32 1  79 0  30 1 1
7 78 1  99 1  77 1 1
8 78 0  95 0  26 1 1
9 66 1  96 1  68 1 1
10 105 0  96 0  30 1 1
11 104 1  89 1  78 1 1
12 73 1  80 1  44 1 1
13 53 1  64 1  62 1 1
14 94 0  78 0  38 1 1
15 94 1  82 1  52 1 1
16 48 1  77 1  43 1 1
17 74 1  63 1  55 1 1
18 86 0  42 1  69 1 2
19 114 0  38 1  56 1 3
20 72 0  68 0  20 1 2
21 103 0  68 1  41 1 2
22 54 0  90 0  25 1 1
23 35 1  56 1  68 1 2
24 112 1  63 1  68 1 1
25 92 1  51 1  77 1 1
26 45 1  41 1  26 1 1
27 69 0  27 1  47 1 1
28 91 0  35 1  49 1 2
29 103 1  69 1  63 1 1
30 85 1  53 1  49 1 3
31 50 1  79 1  77 1 1
32 68 1  72 1  65 1 1
33 50 1  39 1  38 1 1
34 38 1  81 0  31 1 1
35 100 0  73 1  45 1 1
36 79 0  68 0  26 1 2
37 69 1  61 1  49 1 1
38 44 1  50 1  46 1 1
39 52 0  61 0  23 1 1
40 38 1  57 1  36 1 2
41 40 1  83 0  31 1 2
42 95 1  94 1  69 1 1
43 66 0  26 1  56 0 1
44 82 0  86 0  32 1 1
45 64 1  84 1  79 1 1
46 93 0  33 1  44 1 1
47 41 1  77 1  78 1 1
48 99 0  86 0  29 1 1
49 104 0  33 1  72 0 1
50 104 1  83 1  61 1 1
51 49 1  67 1  56 1 1
52 30 1  89 0  20 1 2
53 54 1  93 1  78 1 1
54 106 0  34 1  40 1 1
55 69 1  88 1  74 1 1
56 78 1  100 1  58 1 1
57 38 1  54 1  59 1 1
58 61 1  62 1  45 1 2
59 115 0  56 1  47 1 1
60 93 0  98 0  45 1 1
61 49 1  48 1  70 1 1
62 112 1  84 1  60 1 1
63 84 1  69 1  59 1 2
64 39 1  33 1  28 1 1
65 76 1  65 1  40 1 2
66 47 1  60 1  61 1 2
67 38 1  77 0  35 1 1
68 50 1  77 1  57 1 1
69 114 0  85 0  27 1 1
70 54 1  76 1  76 1 1
71 77 0  99 0  35 1 1
72 84 0  44 1  39 1 1
73 67 1  72 1  78 1 1
74 116 0  48 1  64 1 1
75 101 0  49 1  75 1 1
76 112 0  44 1  45 1 1
77 119 0  56 1  65 1 1
78 98 1  78 1  69 1 1
79 118 0  35 1  69 1 1
80 89 1  89 1  57 1 1
81 84 1  85 1  74 1 1
82 85 0  66 1  38 1 1
83 93 1  52 1  67 1 1
84 95 0  35 1  42 1 1
85 38 1  100 0  44 1 1
86 53 1  83 1  65 1 1
87 60 0  91 0  25 1 1
88 67 0  60 0  24 1 1
89 32 1  61 0  27 1 1
90 77 1  48 1  62 1 1
91 46 1  95 0  33 1 2
92 103 1  73 1  53 1 3
93 94 0  59 1  40 1 1
94 36 1  36 1  33 1 1
95 66 1  73 1  46 1 1
96 66 1  90 0  38 1 1
97 52 1  30 1  49 1 2
98 71 1  53 1  37 1 1
99 67 1  45 1  40 1 1
100 89 1  96 1  65 1 1
(60,84,181) ; (0,0,0)
(140,77,163) ; (447,0,0)
(69,145,156) ; (0,88,0)
(106,156,73) ; (481,77,0)
(115,85,136) ; (60,0,0)
(98,69,172) ; (69,164,0)
(88,153,74) ; (393,80,0)
(89,78,135) ; (69,86,0)
(94,78,143) ; (353,0,0)
(159,69,145) ; (167,164,0)
(96,89,105) ; (175,0,0)
(66,68,96) ; (327,165,0)
(107,75,127) ; (158,89,0)
(79,68,74) ; (274,0,0)
(62,48,77) ; (331,117,0)
(57,38,72) ; (336,78,0)
(65,40,76) ; (271,68,0)
(63,55,74) ; (268,109,0)
(54,38,59) ; (339,78,72)
(100,45,111) ; (484,188,73)
(96,61,146) ; (488,127,73)
(101,49,75) ; (483,77,73)
(83,104,61) ; (395,129,74)
(85,49,53) ; (393,80,74)
(79,64,84) ; (274,0,74)
(63,55,43) ; (268,109,74)
(65,40,76) ; (271,68,76)
(62,45,61) ; (331,120,77)
(63,68,112) ; (330,165,96)
(89,89,57) ; (175,0,105)
(61,52,23) ; (270,112,117)
(85,49,53) ; (393,80,127)
(52,67,93) ; (158,94,127)
(49,70,48) ; (210,91,127)
(50,38,39) ; (343,78,131)
(82,94,52) ; (396,139,135)
(80,73,44) ; (69,91,135)
(100,78,84) ; (60,0,136)
(62,45,61) ; (331,120,138)
(43,48,77) ; (288,116,140)
(54,76,76) ; (391,0,143)
(37,71,53) ; (354,0,143)
(85,66,38) ; (167,164,145)
(46,66,73) ; (252,164,145)
(27,61,32) ; (299,169,145)
(91,49,70) ; (493,77,148)
(45,40,67) ; (291,68,152)
(66,90,38) ; (0,141,156)
(64,53,62) ; (0,88,156)
(79,56,25) ; (274,0,158)
(86,82,32) ; (175,0,162)
(114,76,56) ; (469,0,163)
(39,33,28) ; (354,78,170)
(95,66,46) ; (69,167,172)
(46,50,44) ; (210,111,175)
(26,45,41) ; (300,185,177)
(72,68,40) ; (69,96,179)
(84,44,39) ; (394,80,180)
(52,50,35) ; (0,0,181)
(36,33,36) ; (0,50,181)
(83,40,31) ; (167,190,183)
(69,47,27) ; (284,0,183)
(95,42,35) ; (489,190,184)
(44,93,33) ; (434,140,187)
(30,79,32) ; (404,154,187)
(54,90,25) ; (0,141,194)
(67,60,24) ; (175,0,194)
