0.1033
25 2501
587 233 220
100
1 37 1  43 1  34 1 1
2 31 1  98 0  27 1 1
3 49 0  83 0  22 1 1
4 116 0  32 1  66 0 2
5 91 0  100 0  32 1 1
6 82 1  45 1  69 1 1
7 102 1  77 1  54 1 1
8 91 0  50 1  42 1 1
9 37 1  87 0  24 1 1
10 42 1  68 1  70 1 1
11 32 1  77 0  76 0 1
12 79 1  75 1  72 1 1
13 44 1  62 1  56 1 2
14 110 1  73 1  77 1 3
15 119 0  94 0  28 1 2
16 100 0  35 1  54 1 1
17 43 1  64 1  41 1 1
18 53 0  31 1  26 1 1
19 57 1  87 1  47 1 1
20 69 1  79 0  37 1 2
21 69 1  95 1  67 1 2
22 116 0  74 0  20 1 2
23 80 0  94 0  34 1 1
24 73 0  27 1  39 1 1
25 33 1  54 1  31 1 1
26 58 1  37 1  71 1 1
27 96 0  26 1  80 0 1
28 104 0  63 1  43 1 2
29 94 0  39 1  39 1 1
30 47 1  44 1  50 1 1
31 63 1  86 1  46 1 3
32 74 1  91 0  43 1 3
33 119 0  89 1  49 1 1
34 89 0  29 1  65 0 3
35 34 1  28 1  78 0 2
36 69 1  99 0  42 1 2
37 64 1  96 1  69 1 1
38 54 0  25 1  66 0 1
39 63 1  65 1  62 1 1
40 45 1  66 1  61 1 1
41 82 1  54 1  56 1 2
42 33 1  70 0  40 1 1
43 90 1  56 1  69 1 2
44 87 1  65 1  57 1 1
45 67 0  27 1  62 0 2
46 83 0  85 0  29 1 2
47 113 0  83 1  56 1 1
48 81 0  30 1  46 1 2
49 64 1  70 1  63 1 1
50 89 1  52 1  79 1 1
51 105 0  46 1  50 1 1
52 39 1  47 0  23 1 1
53 51 1  28 1  59 0 1
54 119 0  73 1  53 1 2
55 86 0  34 1  23 1 2
56 118 0  47 1  41 1 1
57 44 1  92 0  39 1 1
58 77 0  36 1  79 0 4
59 88 1  83 1  61 1 1
60 33 1  97 0  66 0 2
61 93 0  36 1  69 1 2
62 63 1  38 1  35 1 1
63 97 1  49 1  49 1 1
64 46 0  58 0  20 1 3
65 116 0  37 1  51 1 1
66 38 1  53 0  25 1 1
67 88 0  57 0  22 1 1
68 43 1  75 0  31 1 1
69 57 1  32 1  41 1 1
70 35 1  60 1  34 1 1
71 46 1  33 1  51 1 2
72 52 1  88 1  71 1 1
73 72 0  25 1  54 0 1
74 113 0  43 1  48 1 1
75 50 1  48 1  33 1 1
76 67 1  56 1  49 1 1
77 33 1  97 0  48 1 2
78 33 1  65 1  64 1 3
79 81 1  84 1  66 1 1
80 67 1  81 0  35 1 2
81 66 0  37 1  31 1 1
82 101 0  35 1  27 1 2
83 88 0  97 0  28 1 1
84 30 1  90 0  74 0 1
85 53 1  63 1  75 1 1
86 30 1  40 1  40 1 2
87 66 1  43 1  49 1 1
88 32 1  81 0  61 1 1
89 118 1  71 1  74 1 1
90 74 0  29 1  71 0 1
91 47 1  27 1  39 1 1
92 83 0  91 0  24 1 1
93 106 0  98 0  45 1 1
94 90 1  74 1  72 1 1
95 90 0  67 1  42 1 2
96 64 0  30 1  53 1 1
97 112 0  67 1  48 1 1
98 72 0  43 1  28 1 1
99 103 0  40 1  67 1 1
100 87 1  64 1  68 1 1
(0,0,0) ; (86,23,34)
(0,23,0) ; (86,46,34)
(0,0,34) ; (86,46,97)
(0,0,97) ; (86,46,160)
(0,0,160) ; (81,46,190)
(0,0,190) ; (81,46,220)
(477,0,0) ; (587,77,73)
(477,77,0) ; (587,154,73)
(477,154,0) ; (587,231,73)
(0,52,0) ; (33,149,48)
(33,52,0) ; (66,149,48)
(0,149,0) ; (66,233,81)
(0,52,48) ; (66,149,81)
(0,52,81) ; (66,168,113)
(0,168,81) ; (33,233,145)
(33,168,81) ; (66,233,145)
(0,52,113) ; (66,168,145)
(0,52,145) ; (65,141,174)
(0,141,145) ; (65,230,174)
(66,142,0) ; (109,233,74)
(109,142,0) ; (152,233,74)
(152,142,0) ; (195,233,74)
(195,142,0) ; (267,232,74)
(66,142,74) ; (128,186,130)
(66,186,74) ; (128,230,130)
(128,142,74) ; (197,232,130)
(197,142,74) ; (266,232,130)
(86,0,0) ; (163,79,36)
(86,0,36) ; (163,79,72)
(86,0,72) ; (163,79,108)
(86,0,108) ; (163,79,144)
(86,0,144) ; (161,79,216)
(366,0,0) ; (435,95,67)
(366,95,0) ; (435,190,67)
(435,0,0) ; (477,90,67)
(435,90,0) ; (477,180,67)
(378,191,0) ; (477,233,69)
(66,79,0) ; (131,142,62)
(66,79,62) ; (130,142,132)
(163,0,0) ; (242,69,37)
(242,0,0) ; (360,71,74)
(163,0,37) ; (242,69,74)
(274,190,0) ; (378,233,63)
(274,190,63) ; (378,233,126)
(131,79,0) ; (214,140,88)
(131,79,88) ; (212,140,120)
(272,71,0) ; (366,190,28)
(272,71,28) ; (366,190,56)
(214,71,0) ; (272,142,37)
(214,71,37) ; (266,142,125)
(277,71,56) ; (366,190,105)
(371,0,67) ; (477,98,112)
(369,98,67) ; (423,180,123)
(423,98,67) ; (477,180,123)
(378,191,69) ; (477,233,138)
(534,0,73) ; (587,119,146)
(534,0,146) ; (587,119,219)
(530,119,73) ; (587,166,160)
(530,166,73) ; (587,231,160)
(530,119,160) ; (583,157,185)
(530,157,160) ; (584,229,185)
(480,0,73) ; (534,102,150)
(480,0,150) ; (507,101,185)
(507,0,150) ; (534,101,185)
(480,0,185) ; (534,100,220)
(479,115,73) ; (530,231,110)
(163,0,74) ; (244,67,109)
(244,0,74) ; (286,68,144)
(163,0,109) ; (244,67,144)
(292,0,74) ; (360,64,161)
(292,0,161) ; (359,62,188)
(292,0,188) ; (359,62,215)
(279,153,105) ; (366,190,129)
(277,71,105) ; (366,150,157)
(482,118,110) ; (530,231,153)
(482,118,153) ; (530,230,220)
(377,0,112) ; (441,96,181)
(441,0,112) ; (477,93,181)
(131,79,120) ; (180,128,217)
(180,79,120) ; (212,136,161)
(408,98,123) ; (477,180,168)
(369,107,123) ; (408,180,150)
(214,71,125) ; (265,104,171)
(214,104,125) ; (265,137,171)
(275,193,126) ; (378,233,193)
(288,156,129) ; (366,190,157)
(66,147,130) ; (179,230,186)
(179,147,130) ; (264,230,159)
(179,147,159) ; (264,230,188)
(66,79,132) ; (129,132,207)
(386,191,138) ; (477,233,188)
(163,0,144) ; (219,67,193)
(163,0,193) ; (217,66,218)
(219,0,144) ; (283,65,177)
(371,114,150) ; (408,180,181)
(288,156,157) ; (366,190,185)
(321,71,157) ; (366,137,218)
(278,71,157) ; (321,146,188)
(278,71,188) ; (321,143,216)
(180,79,161) ; (211,133,194)
(180,79,194) ; (211,132,220)
(411,131,168) ; (477,180,211)
(429,98,168) ; (477,131,218)
(214,71,171) ; (265,130,199)
(0,138,174) ; (58,184,194)
(0,184,174) ; (58,230,194)
(0,52,174) ; (63,138,220)
(219,0,177) ; (283,41,220)
(219,41,177) ; (266,64,216)
(383,0,181) ; (477,39,220)
(383,39,181) ; (475,83,220)
(373,117,181) ; (408,180,219)
(530,165,185) ; (583,229,215)
(540,128,185) ; (583,165,219)
(306,156,185) ; (366,190,220)
(66,150,186) ; (160,230,220)
(430,194,188) ; (477,233,215)
(390,193,188) ; (430,233,218)
(179,154,188) ; (256,230,220)
(280,202,193) ; (378,233,220)
(0,142,194) ; (57,230,216)
(214,71,199) ; (260,129,219)
