0.0996
2 201
587 233 220
100
1 84 1  48 1  66 1 1
2 107 1  67 1  55 1 1
3 78 1  65 1  78 1 1
4 118 1  70 1  61 1 1
5 47 1  53 1  73 1 1
6 74 1  81 1  57 1 1
7 65 1  43 1  59 1 1
8 100 1  72 1  73 1 1
9 82 0  76 0  33 1 1
10 101 1  74 1  59 1 2
11 62 1  59 1  38 1 1
12 81 1  57 1  65 1 1
13 91 1  91 1  64 1 2
14 58 0  84 0  24 1 1
15 37 1  93 0  23 1 1
16 64 1  63 1  52 1 1
17 68 1  99 1  78 1 1
18 66 1  54 1  38 1 1
19 107 0  44 1  31 1 1
20 43 1  57 1  43 1 1
21 84 0  46 1  28 1 1
22 84 1  76 1  67 1 1
23 108 1  97 1  79 1 1
24 58 0  38 1  21 1 3
25 46 1  30 1  76 0 1
26 37 1  70 1  45 1 1
27 36 1  79 0  59 1 1
28 40 1  88 0  30 1 1
29 112 0  36 1  32 1 2
30 38 1  32 1  40 1 2
31 71 1  89 1  51 1 1
32 85 1  48 1  49 1 1
33 120 1  73 1  73 1 1
34 97 0  38 1  59 1 1
35 103 0  96 1  51 1 2
36 83 0  30 1  41 1 2
37 64 1  65 1  65 1 1
38 99 0  99 0  46 1 1
39 75 0  29 1  32 1 1
40 120 0  57 1  41 1 1
41 65 1  80 1  51 1 1
42 71 0  74 0  22 1 2
43 61 1  69 1  58 1 1
44 42 1  73 0  23 1 1
45 59 1  85 1  43 1 1
46 67 1  96 1  62 1 1
47 116 0  86 1  53 1 1
48 116 0  52 1  75 1 1
49 67 0  99 0  25 1 1
50 83 0  35 1  35 1 2
51 66 1  60 1  69 1 2
52 54 0  27 1  77 0 1
53 117 0  95 0  47 1 1
54 116 0  48 1  37 1 1
55 116 0  36 1  50 1 1
56 58 0  79 0  24 1 2
57 79 0  27 1  44 1 1
58 55 1  86 0  28 1 1
59 89 1  93 1  51 1 1
60 61 1  73 1  64 1 1
61 53 1  35 1  28 1 2
62 70 1  58 1  37 1 1
63 38 1  89 0  57 1 1
64 49 0  42 0  21 1 1
65 79 0  65 0  30 1 1
66 109 0  49 1  57 1 1
67 103 0  44 1  62 1 2
68 75 0  46 1  31 1 2
69 77 1  68 1  52 1 1
70 44 1  40 1  76 1 1
71 48 1  84 1  66 1 1
72 104 0  89 1  52 1 1
73 72 1  44 1  40 1 1
74 111 1  68 1  67 1 2
75 104 0  31 1  77 0 1
76 81 0  37 1  33 1 2
77 96 0  96 0  41 1 1
78 90 1  75 1  75 1 1
79 38 1  75 1  68 1 1
80 53 1  96 0  28 1 1
81 113 0  88 0  31 1 1
82 110 1  87 1  65 1 1
83 85 1  94 1  68 1 2
84 88 1  45 1  69 1 1
85 62 0  39 1  26 1 1
86 71 0  27 1  31 1 1
87 37 1  79 0  29 1 2
88 80 1  45 1  45 1 1
89 116 0  79 0  28 1 1
90 41 1  52 1  69 1 1
91 105 0  73 0  33 1 1
92 39 1  32 1  49 1 1
93 47 1  98 0  75 1 1
94 118 0  79 0  30 1 1
95 89 0  97 0  33 1 1
96 101 0  28 1  37 1 1
97 88 1  75 1  77 1 1
98 104 1  79 1  77 1 1
99 48 1  77 1  49 1 1
100 60 0  95 0  24 1 2
(0,0,0) ; (101,74,59)
(0,74,0) ; (101,148,59)
(514,0,0) ; (587,73,120)
(514,0,120) ; (586,73,220)
(502,165,0) ; (587,233,94)
(502,165,94) ; (587,233,188)
(502,165,188) ; (581,230,218)
(0,149,0) ; (66,233,48)
(0,149,48) ; (66,233,96)
(0,149,96) ; (65,230,153)
(66,154,0) ; (170,233,77)
(170,154,0) ; (267,233,108)
(66,154,77) ; (170,231,108)
(536,76,0) ; (587,165,71)
(536,76,71) ; (587,165,164)
(536,76,164) ; (585,161,212)
(403,0,0) ; (514,68,67)
(403,0,67) ; (514,68,134)
(403,0,134) ; (510,67,189)
(312,172,0) ; (370,233,69)
(370,172,0) ; (436,232,69)
(436,172,0) ; (502,232,69)
(312,172,69) ; (407,232,93)
(407,172,69) ; (502,232,93)
(101,0,0) ; (191,75,75)
(101,75,0) ; (189,152,75)
(472,74,0) ; (536,165,91)
(472,74,91) ; (536,165,182)
(370,69,0) ; (421,172,96)
(421,69,0) ; (472,172,96)
(304,0,0) ; (403,68,78)
(304,0,78) ; (400,67,140)
(191,0,0) ; (243,69,41)
(243,0,0) ; (304,70,118)
(191,0,41) ; (243,68,118)
(191,70,0) ; (224,151,37)
(224,70,0) ; (281,151,74)
(281,70,0) ; (310,149,37)
(191,70,37) ; (224,151,74)
(281,70,37) ; (310,149,74)
(191,70,74) ; (309,149,104)
(267,153,0) ; (312,233,45)
(267,153,45) ; (311,232,72)
(318,68,0) ; (370,172,89)
(0,0,59) ; (95,117,106)
(0,118,59) ; (88,148,99)
(267,192,72) ; (311,232,148)
(267,192,148) ; (311,232,220)
(267,154,72) ; (307,192,104)
(101,0,75) ; (188,110,140)
(101,111,75) ; (184,152,105)
(101,111,105) ; (184,152,135)
(326,69,89) ; (370,172,151)
(316,173,93) ; (413,232,131)
(413,173,93) ; (502,230,131)
(373,73,96) ; (472,172,142)
(0,118,99) ; (76,148,145)
(0,118,145) ; (75,147,177)
(191,70,104) ; (307,149,132)
(267,154,104) ; (307,192,136)
(0,0,106) ; (52,116,181)
(0,0,181) ; (50,116,217)
(52,0,106) ; (95,59,171)
(52,0,171) ; (95,57,214)
(52,59,106) ; (90,117,127)
(52,59,127) ; (90,117,148)
(52,59,148) ; (89,117,218)
(66,156,108) ; (119,229,155)
(119,156,108) ; (217,231,155)
(217,154,108) ; (266,231,156)
(191,0,118) ; (303,36,150)
(191,0,150) ; (303,36,182)
(191,36,118) ; (298,67,162)
(386,177,131) ; (502,230,217)
(317,185,131) ; (386,230,219)
(191,70,132) ; (249,149,156)
(249,70,132) ; (307,149,156)
(101,113,135) ; (163,152,161)
(101,113,161) ; (163,151,220)
(267,160,136) ; (306,192,185)
(101,0,140) ; (179,65,218)
(101,65,140) ; (186,108,199)
(316,0,140) ; (400,67,216)
(376,76,142) ; (472,172,183)
(326,69,151) ; (370,172,213)
(0,150,153) ; (51,230,218)
(66,164,155) ; (118,227,219)
(118,164,155) ; (183,229,219)
(183,158,155) ; (214,229,182)
(217,156,156) ; (263,231,187)
(217,156,187) ; (263,231,218)
(191,70,156) ; (252,143,220)
(252,70,156) ; (306,147,183)
(191,36,162) ; (275,64,208)
(0,124,177) ; (73,147,219)
(482,99,182) ; (536,165,220)
(478,74,182) ; (536,95,220)
(183,176,182) ; (211,229,217)
(191,0,182) ; (292,28,219)
(389,102,183) ; (472,137,218)
(389,137,183) ; (472,172,218)
(379,76,183) ; (472,99,220)
(252,70,183) ; (297,140,220)
(411,0,189) ; (510,67,214)
(101,65,199) ; (150,107,220)
