0.0937
87 8701
587 233 220
100
1 44 1  43 1  68 1 1
2 115 0  76 0  30 1 1
3 88 0  67 0  20 1 1
4 61 1  90 0  42 1 1
5 59 1  31 1  59 1 1
6 55 1  51 1  29 1 1
7 62 1  91 1  79 1 1
8 112 0  39 1  43 1 1
9 75 0  26 1  80 0 2
10 93 0  46 1  41 1 1
11 68 1  62 1  35 1 1
12 34 1  93 0  48 1 1
13 75 1  79 1  65 1 1
14 73 0  68 0  30 1 1
15 120 0  74 0  34 1 1
16 92 0  35 1  67 1 2
17 39 1  53 1  49 1 1
18 115 0  38 1  28 1 1
19 71 1  82 1  44 1 1
20 93 1  83 1  59 1 1
21 82 0  71 0  31 1 1
22 98 1  93 1  51 1 1
23 42 1  79 0  33 1 1
24 65 1  78 1  53 1 2
25 49 0  50 0  21 1 2
26 77 0  25 1  61 0 1
27 76 1  96 1  71 1 1
28 42 1  58 1  79 1 2
29 88 1  53 1  77 1 1
30 71 1  68 1  55 1 1
31 95 1  98 1  52 1 3
32 84 1  84 1  59 1 1
33 85 0  94 0  28 1 1
34 103 1  78 1  79 1 1
35 95 1  57 1  53 1 1
36 36 1  53 1  55 1 1
37 61 0  34 1  28 1 1
38 55 1  48 1  35 1 1
39 102 0  67 1  39 1 1
40 45 1  90 0  41 1 1
41 74 1  64 1  61 1 1
42 63 1  41 1  57 1 1
43 53 1  90 1  55 1 1
44 71 1  69 1  43 1 1
45 50 1  81 0  31 1 1
46 99 0  55 1  34 1 1
47 97 0  62 1  43 1 1
48 107 0  86 0  22 1 1
49 87 0  47 1  43 1 2
50 78 1  96 1  69 1 2
51 53 1  79 1  79 1 3
52 80 0  74 0  24 1 1
53 47 1  42 1  59 1 1
54 92 1  52 1  73 1 1
55 87 0  81 0  40 1 1
56 103 0  35 1  26 1 1
57 81 0  34 1  72 0 1
58 101 0  30 1  47 1 1
59 68 1  55 1  73 1 1
60 93 0  47 1  26 1 1
61 37 1  80 0  63 1 1
62 73 0  75 0  35 1 1
63 73 1  92 0  43 1 1
64 55 1  64 1  35 1 1
65 38 1  27 1  72 0 1
66 104 1  61 1  69 1 1
67 78 1  44 1  55 1 1
68 44 1  75 1  46 1 1
69 119 0  87 1  55 1 2
70 119 0  78 1  43 1 2
71 43 1  52 1  32 1 1
72 97 1  50 1  63 1 1
73 77 1  86 1  55 1 1
74 98 0  75 1  44 1 1
75 36 1  59 1  54 1 1
76 93 0  52 1  35 1 1
77 66 1  51 1  65 1 2
78 76 1  66 1  45 1 2
79 71 1  66 1  39 1 1
80 110 1  73 1  68 1 1
81 113 1  100 1  65 1 1
82 103 0  64 0  25 1 2
83 57 1  75 1  80 1 1
84 119 0  90 0  22 1 1
85 42 1  44 1  30 1 1
86 65 1  41 1  62 1 1
87 96 1  77 1  66 1 1
88 97 0  84 0  33 1 1
89 47 1  39 1  49 1 1
90 75 1  94 1  49 1 1
91 118 0  73 1  40 1 1
92 54 1  49 1  65 1 1
93 109 1  55 1  80 1 1
94 107 0  99 0  49 1 1
95 75 1  68 1  50 1 2
96 74 1  56 1  75 1 1
97 51 1  39 1  54 1 1
98 91 0  37 1  80 0 2
99 43 1  56 1  65 1 1
100 50 1  67 1  41 1 1
(156,96,167) ; (0,0,0)
(196,55,174) ; (391,0,0)
(182,80,128) ; (0,153,0)
(59,84,219) ; (528,149,0)
(73,92,162) ; (514,55,0)
(68,73,220) ; (460,160,0)
(80,57,75) ; (0,96,0)
(158,79,132) ; (302,154,0)
(77,96,137) ; (437,55,0)
(113,100,140) ; (156,0,0)
(156,53,120) ; (80,100,0)
(119,78,116) ; (182,155,0)
(75,49,138) ; (316,0,0)
(51,98,93) ; (386,55,0)
(69,104,100) ; (317,49,0)
(47,87,86) ; (269,0,0)
(39,54,100) ; (236,101,0)
(41,67,112) ; (276,87,0)
(80,55,109) ; (0,98,75)
(45,76,132) ; (269,0,86)
(50,97,63) ; (387,55,93)
(66,102,65) ; (318,49,100)
(32,52,43) ; (236,102,100)
(41,63,57) ; (276,89,112)
(115,69,43) ; (182,162,116)
(65,49,54) ; (80,102,120)
(81,50,31) ; (145,101,120)
(75,74,91) ; (0,158,128)
(95,53,92) ; (75,179,128)
(103,26,35) ; (75,153,128)
(120,74,74) ; (338,158,132)
(35,68,62) ; (303,164,132)
(75,80,26) ; (438,55,137)
(71,44,82) ; (320,0,138)
(65,56,78) ; (156,0,140)
(112,39,43) ; (156,56,140)
(44,55,78) ; (221,0,140)
(30,44,42) ; (236,110,143)
(71,39,66) ; (145,112,151)
(43,97,62) ; (394,55,156)
(31,59,59) ; (182,171,159)
(74,64,61) ; (213,166,159)
(67,88,20) ; (517,55,162)
(74,80,24) ; (439,55,163)
(93,26,47) ; (75,153,163)
(34,99,55) ; (350,49,165)
(30,101,47) ; (320,49,165)
(41,93,46) ; (0,0,167)
(103,64,50) ; (41,0,167)
(115,28,38) ; (41,64,167)
(35,55,48) ; (282,97,169)
(90,41,45) ; (497,0,174)
(59,47,42) ; (438,0,174)
(47,49,39) ; (391,0,174)
(50,49,21) ; (80,102,174)
(63,80,37) ; (521,55,182)
(72,38,27) ; (156,56,183)
(59,54,36) ; (0,99,184)
(73,68,30) ; (440,55,187)
(50,49,21) ; (80,102,195)
