0.0996
2 201
587 233 220
100
1 84 1  48 1  66 1 1
2 107 1  67 1  55 1 1
3 78 1  65 1  78 1 1
4 118 1  70 1  61 1 1
5 47 1  53 1  73 1 1
6 74 1  81 1  57 1 1
7 65 1  43 1  59 1 1
8 100 1  72 1  73 1 1
9 82 0  76 0  33 1 1
10 101 1  74 1  59 1 2
11 62 1  59 1  38 1 1
12 81 1  57 1  65 1 1
13 91 1  91 1  64 1 2
14 58 0  84 0  24 1 1
15 37 1  93 0  23 1 1
16 64 1  63 1  52 1 1
17 68 1  99 1  78 1 1
18 66 1  54 1  38 1 1
19 107 0  44 1  31 1 1
20 43 1  57 1  43 1 1
21 84 0  46 1  28 1 1
22 84 1  76 1  67 1 1
23 108 1  97 1  79 1 1
24 58 0  38 1  21 1 3
25 46 1  30 1  76 0 1
26 37 1  70 1  45 1 1
27 36 1  79 0  59 1 1
28 40 1  88 0  30 1 1
29 112 0  36 1  32 1 2
30 38 1  32 1  40 1 2
31 71 1  89 1  51 1 1
32 85 1  48 1  49 1 1
33 120 1  73 1  73 1 1
34 97 0  38 1  59 1 1
35 103 0  96 1  51 1 2
36 83 0  30 1  41 1 2
37 64 1  65 1  65 1 1
38 99 0  99 0  46 1 1
39 75 0  29 1  32 1 1
40 120 0  57 1  41 1 1
41 65 1  80 1  51 1 1
42 71 0  74 0  22 1 2
43 61 1  69 1  58 1 1
44 42 1  73 0  23 1 1
45 59 1  85 1  43 1 1
46 67 1  96 1  62 1 1
47 116 0  86 1  53 1 1
48 116 0  52 1  75 1 1
49 67 0  99 0  25 1 1
50 83 0  35 1  35 1 2
51 66 1  60 1  69 1 2
52 54 0  27 1  77 0 1
53 117 0  95 0  47 1 1
54 116 0  48 1  37 1 1
55 116 0  36 1  50 1 1
56 58 0  79 0  24 1 2
57 79 0  27 1  44 1 1
58 55 1  86 0  28 1 1
59 89 1  93 1  51 1 1
60 61 1  73 1  64 1 1
61 53 1  35 1  28 1 2
62 70 1  58 1  37 1 1
63 38 1  89 0  57 1 1
64 49 0  42 0  21 1 1
65 79 0  65 0  30 1 1
66 109 0  49 1  57 1 1
67 103 0  44 1  62 1 2
68 75 0  46 1  31 1 2
69 77 1  68 1  52 1 1
70 44 1  40 1  76 1 1
71 48 1  84 1  66 1 1
72 104 0  89 1  52 1 1
73 72 1  44 1  40 1 1
74 111 1  68 1  67 1 2
75 104 0  31 1  77 0 1
76 81 0  37 1  33 1 2
77 96 0  96 0  41 1 1
78 90 1  75 1  75 1 1
79 38 1  75 1  68 1 1
80 53 1  96 0  28 1 1
81 113 0  88 0  31 1 1
82 110 1  87 1  65 1 1
83 85 1  94 1  68 1 2
84 88 1  45 1  69 1 1
85 62 0  39 1  26 1 1
86 71 0  27 1  31 1 1
87 37 1  79 0  29 1 2
88 80 1  45 1  45 1 1
89 116 0  79 0  28 1 1
90 41 1  52 1  69 1 1
91 105 0  73 0  33 1 1
92 39 1  32 1  49 1 1
93 47 1  98 0  75 1 1
94 118 0  79 0  30 1 1
95 89 0  97 0  33 1 1
96 101 0  28 1  37 1 1
97 88 1  75 1  77 1 1
98 104 1  79 1  77 1 1
99 48 1  77 1  49 1 1
100 60 0  95 0  24 1 2
(101,148,59) ; (0,0,0)
(73,73,220) ; (514,0,0)
(85,68,218) ; (502,165,0)
(66,84,153) ; (0,149,0)
(201,79,108) ; (66,154,0)
(51,89,212) ; (536,76,0)
(111,68,189) ; (403,0,0)
(190,61,93) ; (312,172,0)
(90,152,75) ; (101,0,0)
(64,91,182) ; (472,74,0)
(102,103,96) ; (370,69,0)
(99,68,140) ; (304,0,0)
(113,70,118) ; (191,0,0)
(119,81,104) ; (191,70,0)
(45,80,72) ; (267,153,0)
(52,104,89) ; (318,68,0)
(95,117,47) ; (0,0,59)
(88,30,40) ; (0,118,59)
(44,40,148) ; (267,192,72)
(40,38,32) ; (267,154,72)
(87,110,65) ; (101,0,75)
(83,41,60) ; (101,111,75)
(44,103,62) ; (326,69,89)
(186,59,38) ; (316,173,93)
(99,99,46) ; (373,73,96)
(76,30,78) ; (0,118,99)
(116,79,28) ; (191,70,104)
(40,38,32) ; (267,154,104)
(52,116,111) ; (0,0,106)
(43,59,108) ; (52,0,106)
(38,58,112) ; (52,59,106)
(151,75,47) ; (66,156,108)
(49,77,48) ; (217,154,108)
(112,36,64) ; (191,0,118)
(107,31,44) ; (191,36,118)
(116,53,86) ; (386,177,131)
(69,45,88) ; (317,185,131)
(116,79,24) ; (191,70,132)
(62,39,85) ; (101,113,135)
(39,32,49) ; (267,160,136)
(78,65,78) ; (101,0,140)
(85,43,59) ; (101,65,140)
(84,67,76) ; (316,0,140)
(96,96,41) ; (376,76,142)
(44,103,62) ; (326,69,151)
(51,80,65) ; (0,150,153)
(117,65,64) ; (66,164,155)
(31,71,27) ; (183,158,155)
(46,75,62) ; (217,156,156)
(61,73,64) ; (191,70,156)
(54,77,27) ; (252,70,156)
(84,28,46) ; (191,36,162)
(73,23,42) ; (0,124,177)
(54,66,38) ; (482,99,182)
(58,21,38) ; (478,74,182)
(28,53,35) ; (183,176,182)
(101,28,37) ; (191,0,182)
(83,70,35) ; (389,102,183)
(93,23,37) ; (379,76,183)
(45,70,37) ; (252,70,183)
(99,67,25) ; (411,0,189)
(49,42,21) ; (101,65,199)
