0.0881
65 6501
587 233 220
100
1 84 1  67 1  76 1 1
2 77 0  37 1  48 1 1
3 117 0  31 1  21 1 1
4 73 0  29 1  28 1 1
5 99 0  36 1  53 1 1
6 36 1  78 0  57 1 1
7 32 1  27 1  69 0 1
8 63 0  29 1  31 1 2
9 118 0  66 1  55 1 1
10 70 1  66 1  80 1 1
11 105 0  84 1  50 1 2
12 101 0  52 1  37 1 1
13 41 1  61 1  56 1 1
14 118 0  31 1  34 1 2
15 31 1  76 0  53 1 1
16 90 0  90 0  40 1 2
17 54 1  38 1  44 1 2
18 98 1  93 1  50 1 2
19 41 1  44 1  67 1 2
20 87 1  100 0  45 1 1
21 118 0  30 1  77 0 2
22 109 0  37 1  36 1 1
23 61 0  50 0  21 1 2
24 94 1  87 1  62 1 1
25 38 1  92 0  28 1 2
26 56 1  85 1  43 1 2
27 81 0  36 1  24 1 3
28 59 1  33 1  66 0 2
29 120 0  99 0  46 1 1
30 107 0  89 0  30 1 1
31 62 1  51 1  55 1 2
32 39 1  27 1  54 0 1
33 31 1  29 1  58 0 2
34 90 1  63 1  67 1 1
35 39 1  74 0  32 1 2
36 55 1  72 1  45 1 1
37 92 0  50 0  25 1 1
38 59 0  28 1  21 1 2
39 99 0  85 1  44 1 1
40 64 1  51 1  72 1 1
41 101 0  27 1  40 1 1
42 105 0  28 1  45 1 3
43 55 1  81 0  37 1 1
44 54 1  87 1  56 1 1
45 116 0  36 1  58 1 1
46 97 1  72 1  73 1 1
47 111 0  47 1  62 1 2
48 92 1  66 1  54 1 1
49 34 1  31 1  75 0 1
50 112 0  68 1  56 1 1
51 55 1  100 1  77 1 1
52 79 1  57 1  79 1 1
53 43 1  43 1  77 1 1
54 69 1  83 1  73 1 2
55 94 0  43 1  48 1 3
56 35 1  34 1  72 0 1
57 100 1  73 1  51 1 1
58 31 1  62 0  48 1 3
59 38 1  59 1  51 1 1
60 85 0  62 0  27 1 2
61 65 1  74 1  50 1 1
62 66 0  31 1  34 1 1
63 95 0  43 1  74 1 1
64 101 0  83 0  27 1 1
65 70 1  84 1  64 1 1
66 64 1  65 1  73 1 1
67 92 0  27 1  22 1 1
68 51 1  57 1  38 1 2
69 61 1  38 1  60 1 2
70 65 0  29 1  55 1 2
71 95 1  56 1  77 1 1
72 96 0  62 0  21 1 1
73 52 1  50 1  42 1 3
74 78 0  31 1  28 1 1
75 70 0  69 0  21 1 1
76 78 1  99 1  60 1 1
77 61 1  32 1  74 0 1
78 79 1  42 1  45 1 1
79 105 1  95 1  74 1 1
80 52 1  44 1  31 1 1
81 92 0  40 1  79 1 1
82 87 0  52 1  28 1 1
83 86 1  67 1  63 1 1
84 101 1  72 1  62 1 1
85 44 1  97 0  73 1 2
86 70 1  70 1  69 1 2
87 95 0  91 0  37 1 1
88 60 1  56 1  75 1 2
89 111 0  96 0  23 1 1
90 76 1  92 0  39 1 1
91 116 0  37 1  69 1 1
92 49 1  58 0  26 1 2
93 39 1  84 0  44 1 1
94 76 1  90 1  57 1 1
95 105 0  42 1  71 1 1
96 112 0  31 1  72 0 2
97 110 0  66 1  53 1 1
98 107 0  29 1  77 0 2
99 88 0  29 1  45 1 2
100 101 1  78 1  60 1 1
(0,0,0) ; (56,77,95)
(56,0,0) ; (116,78,99)
(0,0,95) ; (56,75,155)
(56,0,99) ; (116,75,155)
(482,0,0) ; (587,45,28)
(482,45,0) ; (587,95,84)
(482,95,0) ; (533,157,55)
(533,95,0) ; (584,157,55)
(482,0,28) ; (587,45,56)
(482,95,55) ; (583,157,127)
(482,0,56) ; (587,45,84)
(482,0,84) ; (587,95,158)
(482,95,127) ; (530,157,158)
(530,95,127) ; (578,157,158)
(0,166,0) ; (92,194,38)
(0,194,0) ; (92,233,76)
(92,166,0) ; (176,233,76)
(0,166,38) ; (92,194,76)
(0,166,76) ; (90,233,139)
(90,166,76) ; (176,233,139)
(0,166,139) ; (118,232,194)
(118,166,139) ; (147,231,194)
(147,166,139) ; (176,231,194)
(486,159,0) ; (518,233,61)
(518,159,0) ; (587,232,83)
(486,159,61) ; (518,233,100)
(518,159,83) ; (587,232,166)
(486,159,100) ; (518,233,139)
(486,159,139) ; (518,228,166)
(0,78,0) ; (54,122,38)
(0,122,0) ; (54,166,38)
(54,78,0) ; (116,165,94)
(0,78,38) ; (54,165,94)
(325,160,0) ; (389,233,65)
(389,160,0) ; (486,233,72)
(325,160,65) ; (389,232,116)
(389,160,72) ; (486,233,116)
(384,0,0) ; (482,93,50)
(384,0,50) ; (482,93,100)
(384,0,100) ; (479,91,137)
(116,0,0) ; (234,77,30)
(234,0,0) ; (335,78,60)
(116,0,30) ; (234,77,60)
(116,0,60) ; (223,77,89)
(223,0,60) ; (330,77,89)
(176,164,0) ; (246,233,70)
(176,164,70) ; (246,233,140)
(176,164,140) ; (246,230,220)
(432,95,0) ; (482,160,74)
(432,95,74) ; (482,156,95)
(116,80,0) ; (172,123,85)
(116,123,0) ; (172,166,85)
(339,0,0) ; (384,100,87)
(339,0,87) ; (383,99,172)
(320,100,0) ; (371,159,38)
(371,100,0) ; (432,160,38)
(320,100,38) ; (371,157,76)
(371,100,38) ; (432,160,76)
(172,80,0) ; (277,164,50)
(172,80,50) ; (273,163,77)
(246,176,0) ; (325,233,79)
(246,176,79) ; (324,233,115)
(277,81,0) ; (320,175,48)
(277,81,48) ; (320,175,96)
(277,81,96) ; (320,176,170)
(277,81,170) ; (320,175,218)
(320,101,76) ; (432,157,144)
(172,123,77) ; (273,163,104)
(172,80,77) ; (224,122,127)
(224,80,77) ; (268,121,144)
(116,89,85) ; (171,166,185)
(116,89,185) ; (169,165,216)
(116,0,89) ; (213,44,162)
(116,44,89) ; (179,75,118)
(179,44,89) ; (237,75,118)
(116,44,118) ; (179,75,147)
(179,44,118) ; (237,75,147)
(213,0,89) ; (329,37,158)
(213,0,158) ; (329,36,216)
(237,37,89) ; (321,76,133)
(0,111,94) ; (66,165,186)
(0,78,94) ; (66,111,153)
(66,81,94) ; (116,123,146)
(66,123,94) ; (116,165,146)
(432,95,95) ; (482,156,116)
(172,123,104) ; (264,163,183)
(246,176,115) ; (322,233,205)
(374,160,116) ; (486,232,147)
(374,160,147) ; (486,232,178)
(437,101,116) ; (482,156,188)
(325,174,116) ; (374,232,142)
(325,174,142) ; (374,232,168)
(172,80,127) ; (217,122,206)
(237,37,133) ; (318,74,188)
(389,0,137) ; (479,90,177)
(389,0,177) ; (479,90,217)
(322,104,144) ; (432,157,210)
(224,80,144) ; (268,121,211)
(66,88,146) ; (114,165,183)
(116,44,147) ; (234,75,181)
(0,78,153) ; (66,111,212)
(0,0,155) ; (84,70,219)
(84,0,155) ; (115,75,189)
(484,0,158) ; (531,111,220)
(531,0,158) ; (578,111,220)
(490,112,158) ; (578,157,187)
(490,112,187) ; (578,157,216)
(116,0,162) ; (177,41,218)
(177,0,162) ; (208,44,214)
(488,192,166) ; (587,228,219)
(500,164,166) ; (587,192,218)
(336,175,168) ; (374,232,219)
(340,0,172) ; (383,77,215)
(381,161,178) ; (486,232,220)
(116,44,181) ; (234,75,215)
(66,103,183) ; (114,165,214)
(172,128,183) ; (244,163,217)
(0,134,186) ; (66,165,220)
(0,113,186) ; (59,134,214)
(443,102,188) ; (482,156,215)
(237,37,188) ; (315,65,219)
(84,0,189) ; (113,73,217)
(0,195,194) ; (81,231,218)
(81,195,194) ; (162,231,218)
(0,168,194) ; (92,195,216)
(92,167,194) ; (151,195,215)
