0.091
64 6401
587 233 220
100
1 59 1  45 1  51 1 1
2 30 1  52 1  79 0 2
3 98 0  51 1  47 1 1
4 99 0  76 1  44 1 1
5 88 1  47 1  51 1 1
6 105 0  25 1  20 1 1
7 109 0  60 0  23 1 2
8 64 1  59 1  51 1 2
9 64 1  43 1  70 1 1
10 86 1  57 1  78 1 1
11 55 1  58 1  52 1 1
12 105 0  30 1  52 1 1
13 39 1  98 0  39 1 2
14 116 0  44 1  32 1 1
15 80 0  62 1  35 1 3
16 84 1  65 1  62 1 1
17 88 1  99 1  77 1 2
18 50 1  69 1  40 1 1
19 105 0  58 1  44 1 1
20 100 0  32 1  69 0 1
21 35 1  71 0  65 1 1
22 114 0  93 0  21 1 2
23 96 1  59 1  53 1 1
24 63 1  89 1  49 1 1
25 112 0  25 1  31 1 1
26 40 1  87 0  70 1 1
27 72 0  41 0  20 1 1
28 32 1  97 0  51 1 1
29 60 1  58 1  69 1 1
30 103 0  94 0  42 1 1
31 117 0  43 1  47 1 2
32 77 0  33 1  54 1 2
33 36 1  33 1  63 1 1
34 118 0  52 1  43 1 2
35 119 1  82 1  75 1 3
36 114 0  25 1  76 0 1
37 34 1  93 0  41 1 1
38 65 1  34 1  35 1 1
39 97 0  34 1  32 1 1
40 90 0  68 0  20 1 2
41 63 1  91 1  59 1 1
42 78 1  46 1  58 1 1
43 82 0  30 1  54 1 1
44 48 1  55 1  63 1 1
45 62 1  82 0  40 1 1
46 47 1  54 1  61 1 1
47 56 1  45 1  44 1 1
48 111 0  37 1  50 1 1
49 104 0  30 1  38 1 1
50 56 1  57 1  34 1 2
51 56 0  49 1  26 1 1
52 53 1  68 1  60 1 1
53 96 1  63 1  80 1 1
54 69 1  51 1  58 1 2
55 59 0  38 1  22 1 1
56 57 1  39 1  48 1 1
57 73 1  41 1  64 1 2
58 113 1  92 1  70 1 1
59 50 1  96 0  40 1 3
60 113 0  42 0  21 1 2
61 50 1  76 0  37 1 1
62 92 1  48 1  54 1 1
63 67 1  73 1  45 1 3
64 111 0  25 1  55 0 1
65 92 0  65 1  45 1 1
66 63 1  56 1  75 1 1
67 54 1  72 1  77 1 1
68 33 1  47 1  72 0 1
69 89 0  34 1  79 0 3
70 106 0  31 1  49 1 1
71 53 1  48 1  45 1 1
72 72 0  32 1  44 1 2
73 120 0  64 0  27 1 2
74 103 0  30 1  29 1 2
75 58 1  36 1  32 1 1
76 54 1  63 1  55 1 1
77 108 0  97 0  21 1 1
78 118 1  65 1  76 1 2
79 37 1  57 1  67 1 1
80 30 1  94 0  75 0 1
81 33 1  57 1  55 1 2
82 88 1  45 1  72 1 1
83 111 0  27 1  49 1 3
84 57 1  57 1  43 1 2
85 95 0  68 1  37 1 1
86 34 1  91 0  29 1 2
87 84 1  78 1  49 1 1
88 106 0  47 0  21 1 2
89 93 1  79 1  57 1 1
90 119 0  95 1  57 1 1
91 84 0  67 0  21 1 1
92 101 0  31 1  31 1 4
93 102 0  26 1  64 0 1
94 52 0  40 0  20 1 1
95 106 1  74 1  60 1 2
96 86 0  32 1  25 1 1
97 99 0  37 1  37 1 1
98 43 1  61 0  26 1 2
99 119 0  81 1  50 1 1
100 59 1  92 0  43 1 2
(0,0,0) ; (57,119,95)
(0,0,95) ; (55,33,152)
(0,33,95) ; (57,76,152)
(0,76,95) ; (57,119,152)
(0,0,152) ; (55,111,177)
(362,0,0) ; (437,82,119)
(437,0,0) ; (512,82,119)
(512,0,0) ; (587,82,119)
(362,0,119) ; (458,40,169)
(362,40,119) ; (458,80,169)
(458,0,119) ; (577,81,169)
(488,156,0) ; (587,233,88)
(488,156,88) ; (587,233,176)
(488,156,176) ; (587,232,220)
(0,120,0) ; (70,233,92)
(0,120,92) ; (69,178,152)
(0,178,92) ; (68,231,152)
(57,0,0) ; (175,52,43)
(57,0,43) ; (175,52,86)
(57,0,86) ; (116,51,150)
(116,0,86) ; (175,51,150)
(57,0,150) ; (115,51,219)
(115,0,150) ; (173,51,219)
(70,115,0) ; (146,233,65)
(70,115,65) ; (146,233,130)
(481,82,0) ; (587,156,60)
(481,82,60) ; (587,156,120)
(481,82,120) ; (584,112,149)
(481,112,120) ; (586,156,178)
(481,82,149) ; (584,112,178)
(421,160,0) ; (488,233,45)
(421,160,45) ; (488,233,90)
(421,160,90) ; (488,233,135)
(421,160,135) ; (485,233,176)
(421,160,176) ; (485,233,217)
(57,52,0) ; (113,115,75)
(57,52,75) ; (112,115,129)
(146,115,0) ; (193,232,43)
(193,115,0) ; (240,232,43)
(240,115,0) ; (332,174,43)
(240,174,0) ; (332,233,43)
(146,115,43) ; (239,229,64)
(239,115,43) ; (332,229,64)
(113,52,0) ; (209,115,80)
(332,154,0) ; (421,233,34)
(332,154,34) ; (421,233,68)
(332,154,68) ; (421,233,102)
(175,0,0) ; (273,51,47)
(273,0,0) ; (361,51,47)
(423,82,0) ; (481,160,46)
(423,82,46) ; (480,160,132)
(335,82,0) ; (423,154,45)
(335,82,45) ; (379,154,77)
(379,82,45) ; (422,152,109)
(335,82,77) ; (379,154,109)
(209,51,0) ; (329,115,27)
(209,51,27) ; (329,115,54)
(175,0,47) ; (238,49,136)
(175,0,136) ; (238,48,191)
(283,0,47) ; (361,49,131)
(238,0,47) ; (283,51,106)
(209,51,54) ; (300,114,113)
(303,51,54) ; (329,112,97)
(146,118,64) ; (181,198,126)
(181,118,64) ; (216,198,126)
(216,118,64) ; (251,198,126)
(146,198,64) ; (247,229,95)
(146,198,95) ; (247,229,126)
(251,118,64) ; (278,229,113)
(278,118,64) ; (305,229,113)
(305,118,64) ; (332,229,113)
(113,52,80) ; (167,113,127)
(167,52,80) ; (204,109,147)
(303,51,97) ; (329,112,140)
(364,154,102) ; (421,233,195)
(334,154,102) ; (364,233,154)
(238,0,106) ; (283,48,159)
(335,82,109) ; (422,152,149)
(251,123,113) ; (298,229,134)
(298,118,113) ; (332,174,170)
(298,174,113) ; (331,229,170)
(209,51,113) ; (293,113,178)
(209,51,178) ; (291,113,218)
(146,121,126) ; (243,229,147)
(113,52,127) ; (167,100,219)
(57,52,129) ; (112,110,181)
(70,119,130) ; (146,233,155)
(285,0,131) ; (361,37,181)
(426,83,132) ; (480,160,165)
(251,123,134) ; (298,229,155)
(307,51,140) ; (329,110,178)
(146,126,147) ; (240,229,189)
(167,52,147) ; (201,108,204)
(372,83,149) ; (422,152,189)
(337,87,149) ; (372,152,183)
(0,136,152) ; (68,231,189)
(0,136,189) ; (34,227,218)
(34,136,189) ; (68,227,218)
(334,154,154) ; (364,233,206)
(70,198,155) ; (141,233,220)
(70,121,155) ; (142,198,209)
(251,137,155) ; (296,229,220)
(238,0,159) ; (283,44,215)
(447,83,165) ; (480,160,219)
(466,0,169) ; (577,37,219)
(481,37,169) ; (577,77,219)
(369,0,169) ; (466,32,220)
(368,37,169) ; (481,79,190)
(300,123,170) ; (331,229,219)
(0,0,177) ; (52,105,207)
(491,122,178) ; (584,156,219)
(486,82,178) ; (584,121,217)
(57,52,181) ; (105,109,220)
(298,0,181) ; (361,36,214)
(340,94,183) ; (372,152,219)
(146,128,189) ; (177,229,220)
(177,128,189) ; (208,229,220)
(208,143,189) ; (240,229,214)
(373,96,189) ; (422,152,215)
(377,37,190) ; (481,75,220)
(175,0,191) ; (227,40,211)
(380,161,195) ; (421,233,215)
