0.0979
69 6901
587 233 220
100
1 59 1  61 1  58 1 1
2 32 1  31 1  66 0 1
3 109 0  32 1  79 0 1
4 94 0  78 0  37 1 1
5 30 1  93 0  40 1 1
6 54 1  99 0  41 1 1
7 117 0  30 1  59 1 1
8 118 0  62 1  50 1 1
9 33 1  35 1  67 0 1
10 80 0  93 0  29 1 1
11 100 0  47 1  45 1 2
12 53 1  89 1  58 1 1
13 41 0  58 0  20 1 2
14 56 1  62 1  52 1 1
15 64 1  55 1  78 1 2
16 82 0  71 0  23 1 1
17 103 0  57 1  41 1 1
18 39 1  97 0  70 1 2
19 72 1  74 1  78 1 1
20 108 0  40 1  39 1 2
21 103 0  87 0  41 1 1
22 82 0  36 1  49 1 1
23 37 1  46 1  60 1 2
24 86 0  32 1  69 0 1
25 89 1  87 1  50 1 1
26 36 1  77 0  21 1 1
27 106 1  75 1  68 1 1
28 107 0  91 0  28 1 1
29 90 0  76 0  37 1 1
30 82 0  33 1  64 1 1
31 112 0  54 1  59 1 2
32 103 1  99 1  56 1 2
33 36 1  37 1  43 1 1
34 82 0  59 0  20 1 1
35 32 1  35 1  64 0 2
36 68 1  97 1  76 1 1
37 34 1  59 1  79 0 1
38 32 1  34 1  50 1 1
39 98 0  60 0  25 1 1
40 105 0  70 1  48 1 1
41 68 1  72 1  70 1 3
42 57 1  89 1  57 1 2
43 96 1  65 1  49 1 2
44 67 1  93 1  47 1 1
45 89 0  30 1  23 1 1
46 51 1  27 1  37 1 1
47 76 0  85 0  31 1 1
48 93 0  84 0  26 1 1
49 36 1  53 1  75 0 2
50 40 1  85 0  56 1 2
51 54 1  90 0  45 1 1
52 97 1  100 1  69 1 1
53 58 1  81 0  31 1 1
54 33 1  54 1  38 1 1
55 117 0  28 1  76 0 1
56 76 1  95 1  55 1 1
57 43 1  81 0  39 1 1
58 94 1  67 1  79 1 1
59 51 1  27 1  60 0 1
60 65 1  45 1  64 1 2
61 60 1  37 1  74 0 1
62 119 0  49 1  67 1 2
63 95 0  62 0  23 1 1
64 48 0  44 1  24 1 1
65 68 0  31 1  73 0 1
66 120 0  48 1  35 1 1
67 113 0  76 0  24 1 2
68 53 1  29 1  39 1 1
69 32 1  70 0  53 1 1
70 44 1  64 1  71 1 1
71 112 1  90 1  62 1 1
72 108 1  86 1  76 1 1
73 43 1  89 0  32 1 3
74 108 0  47 1  80 1 1
75 50 1  62 1  69 1 1
76 38 1  46 1  62 1 1
77 55 1  77 1  80 1 2
78 94 1  96 1  73 1 2
79 90 1  70 1  48 1 1
80 66 0  28 1  62 0 3
81 70 0  61 0  30 1 3
82 35 1  67 1  39 1 1
83 44 1  61 1  75 1 1
84 73 0  99 0  31 1 1
85 87 1  74 1  46 1 1
86 83 1  66 1  56 1 1
87 33 1  69 0  38 1 2
88 78 1  79 1  71 1 1
89 117 0  78 0  37 1 1
90 45 1  85 0  32 1 1
91 61 0  27 1  46 1 1
92 85 0  26 1  70 0 1
93 61 0  30 1  29 1 1
94 71 1  59 1  52 1 1
95 42 0  29 1  21 1 1
96 105 0  66 1  52 1 2
97 75 1  89 0  38 1 1
98 108 0  57 1  48 1 2
99 82 0  66 1  36 1 1
100 52 1  86 0  41 1 1
(55,77,175) ; (0,0,0)
(198,103,97) ; (389,0,0)
(108,86,212) ; (0,147,0)
(96,73,220) ; (491,160,0)
(216,68,168) ; (55,0,0)
(108,57,96) ; (479,103,0)
(109,70,138) ; (0,77,0)
(97,70,215) ; (394,163,0)
(211,78,92) ; (108,155,0)
(89,87,82) ; (109,68,0)
(89,58,110) ; (390,105,0)
(75,68,172) ; (319,165,0)
(62,112,90) ; (327,0,0)
(54,112,118) ; (273,0,0)
(71,52,59) ; (319,113,0)
(74,87,46) ; (198,68,0)
(46,38,122) ; (273,117,0)
(72,78,74) ; (198,68,46)
(62,52,56) ; (328,113,59)
(52,86,41) ; (109,68,82)
(36,82,49) ; (161,68,82)
(62,66,130) ; (327,0,90)
(61,44,75) ; (328,66,90)
(113,76,48) ; (108,156,92)
(94,67,126) ; (221,165,92)
(105,52,66) ; (482,108,96)
(154,94,45) ; (433,0,97)
(40,93,30) ; (393,0,97)
(89,57,57) ; (390,105,110)
(62,50,69) ; (328,115,115)
(52,105,66) ; (275,0,118)
(72,75,53) ; (198,68,120)
(43,37,36) ; (276,117,122)
(45,85,32) ; (109,68,123)
(33,82,64) ; (400,0,127)
(36,82,87) ; (161,68,131)
(97,70,39) ; (0,77,138)
(79,71,78) ; (108,161,140)
(33,69,76) ; (187,163,140)
(76,90,75) ; (511,0,142)
(76,85,31) ; (435,0,142)
(45,65,64) ; (109,68,155)
(39,29,53) ; (280,125,158)
(85,40,56) ; (502,120,162)
(33,38,54) ; (356,66,165)
(27,37,51) ; (329,66,165)
(89,32,43) ; (390,130,167)
(89,23,30) ; (390,107,167)
(118,62,50) ; (55,0,168)
(82,59,51) ; (173,0,168)
(64,65,45) ; (327,167,172)
(70,85,26) ; (441,0,173)
(64,71,44) ; (198,68,173)
(53,70,32) ; (0,0,175)
(86,69,32) ; (0,77,177)
(51,60,27) ; (276,0,184)
(34,50,32) ; (356,115,184)
(21,42,29) ; (335,123,184)
(48,44,24) ; (279,60,184)
(30,61,29) ; (403,0,191)
(58,82,20) ; (453,0,199)
