0.0985
91 9101
587 233 220
100
1 56 0  95 0  24 1 1
2 85 0  67 1  36 1 2
3 44 0  78 0  22 1 3
4 89 0  77 0  20 1 1
5 55 1  48 1  73 1 2
6 69 0  40 1  25 1 2
7 75 1  39 1  61 1 3
8 87 1  92 1  54 1 1
9 53 1  56 1  50 1 1
10 64 1  96 1  77 1 1
11 52 1  63 1  61 1 1
12 66 1  35 1  73 0 2
13 81 0  37 1  80 0 2
14 86 0  67 0  25 1 1
15 70 0  58 0  28 1 1
16 76 1  58 1  48 1 1
17 42 1  63 1  54 1 1
18 75 1  78 0  39 1 1
19 40 1  70 1  71 1 2
20 68 0  27 1  37 1 1
21 80 1  92 0  44 1 1
22 112 0  97 0  24 1 1
23 111 1  100 1  63 1 2
24 110 0  91 0  43 1 2
25 31 1  52 1  69 0 1
26 87 0  100 0  24 1 1
27 106 1  56 1  74 1 1
28 109 0  28 1  78 0 1
29 68 1  78 1  41 1 2
30 61 1  85 1  68 1 1
31 80 0  51 1  30 1 1
32 96 0  47 1  52 1 1
33 74 0  39 1  33 1 1
34 99 0  80 0  34 1 1
35 31 1  27 1  60 0 2
36 40 1  55 1  41 1 2
37 74 1  58 1  47 1 1
38 50 1  36 1  56 1 3
39 43 1  71 1  45 1 3
40 59 1  42 1  45 1 2
41 57 1  37 1  51 1 2
42 98 0  94 1  49 1 1
43 89 0  87 0  29 1 1
44 81 1  44 1  53 1 2
45 94 1  67 1  71 1 1
46 77 0  53 0  25 1 1
47 113 0  35 1  69 1 2
48 49 1  68 1  55 1 1
49 76 1  52 1  65 1 2
50 58 1  50 1  31 1 1
51 51 1  48 1  30 1 1
52 68 0  68 0  29 1 2
53 100 0  91 0  32 1 2
54 63 0  72 0  23 1 2
55 111 0  63 0  25 1 2
56 44 1  45 1  30 1 2
57 101 0  95 0  42 1 2
58 32 1  90 0  56 1 1
59 114 0  35 1  69 1 2
60 60 1  59 1  40 1 1
61 82 0  26 1  23 1 1
62 102 0  98 0  26 1 2
63 96 0  25 1  24 1 1
64 71 0  33 1  29 1 1
65 95 0  42 1  58 1 2
66 41 1  53 1  27 1 1
67 48 1  98 0  25 1 1
68 32 1  73 0  75 0 2
69 103 0  65 1  33 1 3
70 111 0  29 1  44 1 2
71 68 1  74 1  76 1 1
72 71 1  77 0  36 1 2
73 82 1  62 1  79 1 1
74 84 0  77 0  31 1 3
75 93 0  97 0  46 1 1
76 119 0  89 1  57 1 1
77 82 1  64 1  68 1 2
78 64 1  66 1  69 1 1
79 103 0  78 0  35 1 1
80 100 0  50 1  73 1 1
81 45 1  25 1  76 0 2
82 50 1  26 1  51 1 1
83 117 1  95 1  68 1 1
84 43 0  26 1  21 1 1
85 59 1  80 0  33 1 1
86 48 1  97 0  50 1 2
87 58 0  83 0  25 1 1
88 54 1  64 1  38 1 2
89 53 1  28 1  72 0 1
90 104 0  47 1  50 1 1
91 38 1  51 1  58 1 1
92 68 1  86 0  36 1 1
93 68 0  28 1  55 1 2
94 67 1  47 1  59 1 1
95 33 1  75 0  56 1 1
96 68 0  69 0  23 1 1
97 54 1  58 1  34 1 1
98 65 0  70 0  32 1 2
99 103 1  61 1  72 1 1
100 58 0  29 1  49 1 1
(0,0,0) ; (86,67,25)
(0,67,0) ; (86,135,36)
(0,0,25) ; (85,67,61)
(0,67,36) ; (85,135,97)
(0,0,61) ; (85,67,97)
(461,0,0) ; (524,100,111)
(524,0,0) ; (587,100,111)
(461,0,111) ; (500,61,186)
(500,0,111) ; (539,61,186)
(461,61,111) ; (539,100,186)
(539,0,111) ; (587,98,136)
(539,0,136) ; (587,97,186)
(509,101,0) ; (587,145,22)
(509,145,0) ; (587,189,22)
(509,189,0) ; (587,233,22)
(509,101,22) ; (587,169,63)
(509,169,22) ; (586,233,118)
(509,101,63) ; (558,169,118)
(558,101,63) ; (586,169,118)
(509,101,118) ; (585,166,170)
(509,166,118) ; (585,231,170)
(0,138,0) ; (101,233,42)
(101,138,0) ; (159,233,42)
(0,138,42) ; (101,233,84)
(101,138,42) ; (159,233,84)
(427,169,0) ; (509,233,68)
(427,169,68) ; (509,233,136)
(427,169,136) ; (509,231,215)
(86,0,0) ; (200,69,35)
(86,69,0) ; (200,138,35)
(86,0,35) ; (199,69,70)
(86,69,35) ; (199,138,70)
(358,0,0) ; (461,33,65)
(358,33,0) ; (461,66,65)
(358,66,0) ; (461,99,65)
(358,0,65) ; (460,98,91)
(358,0,91) ; (460,98,117)
(414,101,0) ; (509,169,117)
(414,101,117) ; (508,168,188)
(159,139,0) ; (257,233,49)
(159,139,49) ; (256,232,95)
(258,176,0) ; (308,232,53)
(308,176,0) ; (427,233,89)
(258,176,53) ; (308,232,89)
(200,0,0) ; (240,70,71)
(240,0,0) ; (280,70,71)
(280,0,0) ; (357,36,71)
(280,36,0) ; (357,72,71)
(340,100,0) ; (414,176,68)
(340,100,68) ; (413,175,100)
(200,72,0) ; (270,137,32)
(270,72,0) ; (339,138,64)
(200,72,32) ; (270,137,64)
(260,143,0) ; (340,176,59)
(260,146,59) ; (340,176,110)
(200,72,64) ; (311,135,89)
(312,72,64) ; (339,132,95)
(86,0,70) ; (196,91,113)
(86,91,70) ; (190,138,120)
(200,0,71) ; (251,57,108)
(251,0,71) ; (357,56,145)
(200,0,108) ; (251,57,145)
(0,172,84) ; (72,233,187)
(0,172,187) ; (70,230,215)
(0,139,84) ; (75,172,140)
(0,139,140) ; (71,172,169)
(72,179,84) ; (159,233,176)
(75,138,84) ; (153,179,152)
(341,187,89) ; (384,232,160)
(384,187,89) ; (427,232,160)
(341,187,160) ; (383,232,219)
(383,187,160) ; (425,232,219)
(268,177,89) ; (341,232,137)
(268,177,137) ; (341,232,185)
(200,72,89) ; (311,135,114)
(159,184,95) ; (256,232,145)
(159,184,145) ; (255,231,197)
(159,140,95) ; (251,184,175)
(312,72,95) ; (339,132,126)
(0,0,97) ; (84,77,128)
(0,0,128) ; (84,77,159)
(0,77,97) ; (47,135,171)
(47,77,97) ; (85,135,148)
(340,105,100) ; (413,140,166)
(340,140,100) ; (413,175,166)
(268,148,110) ; (340,176,163)
(86,0,113) ; (196,91,156)
(200,72,114) ; (311,101,158)
(200,101,114) ; (311,130,158)
(360,0,117) ; (460,91,149)
(360,0,149) ; (460,91,181)
(86,91,120) ; (153,138,179)
(153,91,120) ; (183,136,164)
(312,72,126) ; (339,125,167)
(200,0,145) ; (300,50,218)
(301,0,145) ; (357,50,181)
(301,0,181) ; (357,50,217)
(47,77,148) ; (85,131,212)
(75,140,152) ; (150,179,213)
(86,0,156) ; (147,52,219)
(86,52,156) ; (140,90,220)
(147,0,156) ; (189,54,219)
(140,54,156) ; (194,88,214)
(200,72,158) ; (250,130,189)
(200,72,189) ; (249,130,218)
(250,72,158) ; (309,112,218)
(0,0,159) ; (84,77,190)
(272,148,163) ; (340,176,218)
(153,91,164) ; (183,136,208)
(345,106,166) ; (413,175,189)
(345,106,189) ; (413,174,218)
(313,72,167) ; (339,122,218)
(0,142,169) ; (48,172,220)
(509,173,170) ; (585,231,218)
(509,128,170) ; (585,173,195)
(509,128,195) ; (585,173,220)
(516,101,170) ; (585,126,210)
(0,77,171) ; (41,132,211)
(159,141,175) ; (230,184,220)
(230,141,175) ; (251,184,201)
(72,180,176) ; (153,233,220)
(86,91,179) ; (141,132,219)
(387,0,181) ; (460,75,213)
(360,0,181) ; (387,68,218)
(272,180,185) ; (341,232,216)
(488,0,186) ; (587,80,220)
(463,0,186) ; (488,96,210)
(418,112,188) ; (508,168,220)
(0,0,190) ; (68,68,219)
(159,205,197) ; (241,231,220)
