0.0985
91 9101
587 233 220
100
1 56 0  95 0  24 1 1
2 85 0  67 1  36 1 2
3 44 0  78 0  22 1 3
4 89 0  77 0  20 1 1
5 55 1  48 1  73 1 2
6 69 0  40 1  25 1 2
7 75 1  39 1  61 1 3
8 87 1  92 1  54 1 1
9 53 1  56 1  50 1 1
10 64 1  96 1  77 1 1
11 52 1  63 1  61 1 1
12 66 1  35 1  73 0 2
13 81 0  37 1  80 0 2
14 86 0  67 0  25 1 1
15 70 0  58 0  28 1 1
16 76 1  58 1  48 1 1
17 42 1  63 1  54 1 1
18 75 1  78 0  39 1 1
19 40 1  70 1  71 1 2
20 68 0  27 1  37 1 1
21 80 1  92 0  44 1 1
22 112 0  97 0  24 1 1
23 111 1  100 1  63 1 2
24 110 0  91 0  43 1 2
25 31 1  52 1  69 0 1
26 87 0  100 0  24 1 1
27 106 1  56 1  74 1 1
28 109 0  28 1  78 0 1
29 68 1  78 1  41 1 2
30 61 1  85 1  68 1 1
31 80 0  51 1  30 1 1
32 96 0  47 1  52 1 1
33 74 0  39 1  33 1 1
34 99 0  80 0  34 1 1
35 31 1  27 1  60 0 2
36 40 1  55 1  41 1 2
37 74 1  58 1  47 1 1
38 50 1  36 1  56 1 3
39 43 1  71 1  45 1 3
40 59 1  42 1  45 1 2
41 57 1  37 1  51 1 2
42 98 0  94 1  49 1 1
43 89 0  87 0  29 1 1
44 81 1  44 1  53 1 2
45 94 1  67 1  71 1 1
46 77 0  53 0  25 1 1
47 113 0  35 1  69 1 2
48 49 1  68 1  55 1 1
49 76 1  52 1  65 1 2
50 58 1  50 1  31 1 1
51 51 1  48 1  30 1 1
52 68 0  68 0  29 1 2
53 100 0  91 0  32 1 2
54 63 0  72 0  23 1 2
55 111 0  63 0  25 1 2
56 44 1  45 1  30 1 2
57 101 0  95 0  42 1 2
58 32 1  90 0  56 1 1
59 114 0  35 1  69 1 2
60 60 1  59 1  40 1 1
61 82 0  26 1  23 1 1
62 102 0  98 0  26 1 2
63 96 0  25 1  24 1 1
64 71 0  33 1  29 1 1
65 95 0  42 1  58 1 2
66 41 1  53 1  27 1 1
67 48 1  98 0  25 1 1
68 32 1  73 0  75 0 2
69 103 0  65 1  33 1 3
70 111 0  29 1  44 1 2
71 68 1  74 1  76 1 1
72 71 1  77 0  36 1 2
73 82 1  62 1  79 1 1
74 84 0  77 0  31 1 3
75 93 0  97 0  46 1 1
76 119 0  89 1  57 1 1
77 82 1  64 1  68 1 2
78 64 1  66 1  69 1 1
79 103 0  78 0  35 1 1
80 100 0  50 1  73 1 1
81 45 1  25 1  76 0 2
82 50 1  26 1  51 1 1
83 117 1  95 1  68 1 1
84 43 0  26 1  21 1 1
85 59 1  80 0  33 1 1
86 48 1  97 0  50 1 2
87 58 0  83 0  25 1 1
88 54 1  64 1  38 1 2
89 53 1  28 1  72 0 1
90 104 0  47 1  50 1 1
91 38 1  51 1  58 1 1
92 68 1  86 0  36 1 1
93 68 0  28 1  55 1 2
94 67 1  47 1  59 1 1
95 33 1  75 0  56 1 1
96 68 0  69 0  23 1 1
97 54 1  58 1  34 1 1
98 65 0  70 0  32 1 2
99 103 1  61 1  72 1 1
100 58 0  29 1  49 1 1
(86,135,97) ; (0,0,0)
(126,100,186) ; (461,0,0)
(78,132,170) ; (509,101,0)
(159,95,84) ; (0,138,0)
(82,64,215) ; (427,169,0)
(114,138,70) ; (86,0,0)
(103,99,117) ; (358,0,0)
(95,68,188) ; (414,101,0)
(98,94,95) ; (159,139,0)
(169,57,89) ; (258,176,0)
(157,72,71) ; (200,0,0)
(74,76,100) ; (340,100,0)
(139,66,64) ; (200,72,0)
(80,33,59) ; (260,143,0)
(80,30,51) ; (260,146,59)
(111,63,25) ; (200,72,64)
(27,60,31) ; (312,72,64)
(110,91,43) ; (86,0,70)
(104,47,50) ; (86,91,70)
(157,57,74) ; (200,0,71)
(72,61,131) ; (0,172,84)
(75,33,85) ; (0,139,84)
(87,54,92) ; (72,179,84)
(78,41,68) ; (75,138,84)
(86,45,130) ; (341,187,89)
(73,55,96) ; (268,177,89)
(111,63,25) ; (200,72,89)
(97,48,102) ; (159,184,95)
(92,44,80) ; (159,140,95)
(27,60,31) ; (312,72,95)
(84,77,62) ; (0,0,97)
(47,58,74) ; (0,77,97)
(38,58,51) ; (47,77,97)
(73,70,66) ; (340,105,100)
(72,28,53) ; (268,148,110)
(110,91,43) ; (86,0,113)
(111,58,44) ; (200,72,114)
(100,91,64) ; (360,0,117)
(67,47,59) ; (86,91,120)
(30,45,44) ; (153,91,120)
(27,53,41) ; (312,72,126)
(100,50,73) ; (200,0,145)
(56,50,72) ; (301,0,145)
(38,54,64) ; (47,77,148)
(75,39,61) ; (75,140,152)
(61,52,63) ; (86,0,156)
(54,38,64) ; (86,52,156)
(42,54,63) ; (147,0,156)
(54,34,58) ; (140,54,156)
(50,58,60) ; (200,72,158)
(59,40,60) ; (250,72,158)
(84,77,31) ; (0,0,159)
(68,28,55) ; (272,148,163)
(30,45,44) ; (153,91,164)
(68,69,52) ; (345,106,166)
(26,50,51) ; (313,72,167)
(48,30,51) ; (0,142,169)
(76,58,48) ; (509,173,170)
(76,45,50) ; (509,128,170)
(69,25,40) ; (516,101,170)
(41,55,40) ; (0,77,171)
(71,43,45) ; (159,141,175)
(21,43,26) ; (230,141,175)
(81,53,44) ; (72,180,176)
(55,41,40) ; (86,91,179)
(73,75,32) ; (387,0,181)
(27,68,37) ; (360,0,181)
(69,52,31) ; (272,180,185)
(99,80,34) ; (488,0,186)
(25,96,24) ; (463,0,186)
(90,56,32) ; (418,112,188)
(68,68,29) ; (0,0,190)
(82,26,23) ; (159,205,197)
