0.1041
12 1201
587 233 220
100
1 30 1  65 0  67 0 2
2 39 1  61 1  53 1 1
3 89 0  40 1  50 1 1
4 88 0  78 0  25 1 1
5 61 0  25 1  68 0 1
6 90 1  81 1  56 1 2
7 66 1  84 1  78 1 1
8 36 1  90 0  32 1 1
9 73 1  88 1  76 1 1
10 110 0  78 1  55 1 1
11 47 1  90 1  51 1 1
12 116 1  89 1  74 1 1
13 90 1  74 1  63 1 1
14 67 0  29 1  49 1 1
15 56 1  90 1  50 1 1
16 71 0  25 1  80 0 1
17 42 1  33 1  41 1 1
18 43 1  63 1  50 1 1
19 115 0  41 1  72 1 2
20 78 0  43 0  20 1 1
21 57 1  95 0  35 1 1
22 86 1  80 1  49 1 1
23 54 1  100 1  80 1 1
24 88 0  42 1  34 1 1
25 44 1  83 1  55 1 2
26 94 0  63 1  44 1 1
27 100 0  29 1  20 1 1
28 53 1  71 1  65 1 2
29 109 1  59 1  72 1 1
30 60 0  45 1  28 1 1
31 99 0  69 0  29 1 1
32 98 1  51 1  63 1 1
33 65 1  45 1  43 1 1
34 115 1  81 1  63 1 1
35 85 1  60 1  64 1 1
36 45 1  75 0  37 1 2
37 109 0  46 1  79 1 1
38 76 0  33 1  68 0 1
39 60 1  56 1  77 1 1
40 106 0  86 0  41 1 1
41 73 1  74 1  60 1 1
42 108 0  68 1  42 1 1
43 39 1  88 0  46 1 2
44 56 1  76 1  53 1 2
45 104 0  84 0  33 1 1
46 44 0  68 0  20 1 1
47 47 1  62 1  70 1 1
48 50 1  90 0  27 1 2
49 104 0  99 0  41 1 1
50 92 0  60 1  45 1 1
51 101 0  51 1  38 1 1
52 65 1  83 0  38 1 1
53 96 1  91 1  76 1 1
54 36 1  57 1  31 1 1
55 51 1  75 1  40 1 1
56 102 1  67 1  73 1 1
57 70 1  88 0  40 1 1
58 42 1  82 1  61 1 1
59 43 1  95 0  59 1 1
60 96 0  26 1  31 1 2
61 68 0  30 1  47 1 3
62 119 0  31 1  56 1 1
63 98 0  41 1  44 1 1
64 41 1  34 1  34 1 1
65 86 1  52 1  71 1 1
66 107 1  69 1  80 1 1
67 82 1  76 1  73 1 1
68 37 1  94 0  56 1 1
69 89 1  56 1  75 1 1
70 105 1  85 1  67 1 1
71 52 1  73 1  57 1 1
72 100 0  27 1  23 1 1
73 108 0  64 1  49 1 2
74 50 1  81 1  41 1 1
75 78 0  25 1  35 1 1
76 66 1  75 1  44 1 1
77 64 1  79 1  70 1 1
78 52 1  89 0  42 1 1
79 88 0  96 0  31 1 1
80 44 1  38 1  58 1 1
81 55 0  25 1  26 1 1
82 120 1  84 1  78 1 1
83 54 1  45 1  47 1 3
84 89 1  99 1  56 1 1
85 120 0  78 1  53 1 2
86 116 1  79 1  62 1 2
87 73 1  37 1  72 1 1
88 70 1  63 1  48 1 2
89 81 0  32 1  29 1 1
90 45 1  61 1  59 1 1
91 104 0  75 0  26 1 1
92 39 1  80 0  24 1 1
93 31 1  82 0  26 1 1
94 74 1  97 1  60 1 1
95 35 1  91 0  78 0 1
96 78 1  74 1  77 1 1
97 43 1  30 1  52 1 1
98 37 1  27 1  58 0 1
99 67 1  74 1  73 1 1
100 65 0  51 1  30 1 1
(0,0,0) ; (76,73,88)
(0,73,0) ; (74,133,73)
(0,73,73) ; (74,133,170)
(0,0,88) ; (76,73,170)
(508,0,0) ; (587,116,62)
(508,116,0) ; (587,232,62)
(508,0,62) ; (584,56,115)
(508,56,62) ; (584,112,115)
(508,112,62) ; (586,232,115)
(0,134,0) ; (56,233,89)
(0,134,89) ; (56,228,126)
(56,142,0) ; (96,231,50)
(96,142,0) ; (152,232,50)
(152,142,0) ; (208,232,81)
(208,142,0) ; (286,233,35)
(286,142,0) ; (342,232,81)
(208,142,35) ; (247,230,81)
(247,142,35) ; (286,230,81)
(56,142,50) ; (152,230,81)
(76,0,0) ; (182,86,41)
(76,0,41) ; (181,85,108)
(76,0,108) ; (180,84,141)
(388,0,0) ; (508,84,78)
(388,84,0) ; (508,137,78)
(400,137,0) ; (445,184,54)
(400,184,0) ; (445,231,54)
(445,137,0) ; (508,185,70)
(445,185,0) ; (508,233,70)
(400,137,54) ; (445,229,114)
(445,137,70) ; (508,231,114)
(76,86,0) ; (186,141,78)
(182,0,0) ; (227,75,37)
(227,0,0) ; (272,75,37)
(182,0,37) ; (272,74,100)
(182,0,100) ; (271,74,216)
(344,144,0) ; (400,233,75)
(273,0,0) ; (388,41,72)
(273,41,0) ; (388,82,72)
(273,0,72) ; (388,81,135)
(186,75,0) ; (260,142,73)
(186,75,73) ; (259,142,175)
(316,82,0) ; (388,141,109)
(260,82,0) ; (316,142,77)
(348,144,75) ; (400,233,117)
(260,82,77) ; (305,142,105)
(260,82,105) ; (305,141,166)
(389,0,78) ; (457,30,125)
(389,30,78) ; (457,60,125)
(389,60,78) ; (457,90,125)
(457,0,78) ; (508,90,125)
(76,86,78) ; (184,135,142)
(454,90,78) ; (508,137,123)
(392,90,78) ; (454,137,148)
(56,142,81) ; (126,230,121)
(126,142,81) ; (204,230,106)
(204,142,81) ; (287,186,136)
(204,186,81) ; (287,230,136)
(288,150,81) ; (342,230,181)
(126,146,106) ; (204,230,172)
(321,82,109) ; (388,131,138)
(408,140,114) ; (508,160,143)
(408,160,114) ; (507,229,143)
(514,0,115) ; (584,64,194)
(514,0,194) ; (582,61,219)
(508,141,115) ; (584,232,211)
(510,64,115) ; (584,141,193)
(348,147,117) ; (400,233,188)
(56,155,121) ; (122,230,165)
(456,90,123) ; (508,133,153)
(401,0,125) ; (508,80,194)
(401,0,194) ; (472,80,219)
(472,0,194) ; (507,78,219)
(0,138,126) ; (27,228,176)
(27,138,126) ; (54,228,176)
(279,0,135) ; (388,79,181)
(204,144,136) ; (253,230,216)
(253,142,136) ; (287,230,178)
(327,82,138) ; (388,124,220)
(76,0,141) ; (171,43,200)
(76,43,141) ; (174,84,185)
(76,86,142) ; (184,135,206)
(409,166,143) ; (507,229,194)
(409,166,194) ; (505,197,220)
(409,197,194) ; (505,228,220)
(425,140,143) ; (507,166,174)
(396,90,148) ; (454,128,192)
(396,90,192) ; (454,127,219)
(463,90,153) ; (508,133,218)
(56,159,165) ; (121,230,218)
(260,82,166) ; (296,139,197)
(0,0,170) ; (41,81,220)
(41,0,170) ; (73,81,199)
(0,81,170) ; (63,124,220)
(126,147,172) ; (191,230,210)
(427,142,174) ; (507,166,213)
(186,75,175) ; (251,142,205)
(0,153,176) ; (51,228,216)
(253,154,178) ; (286,196,219)
(253,196,178) ; (287,230,219)
(287,0,181) ; (388,51,219)
(289,169,181) ; (342,230,220)
(288,51,181) ; (388,78,204)
(76,43,185) ; (166,79,217)
(349,168,188) ; (400,233,218)
(529,64,193) ; (584,89,219)
(516,89,193) ; (584,133,213)
(76,0,200) ; (154,43,220)
