0.0946
70 7001
587 233 220
100
1 73 0  29 1  65 0 1
2 60 1  77 1  45 1 1
3 98 0  55 0  27 1 1
4 113 0  47 1  35 1 1
5 49 1  80 1  63 1 1
6 48 1  80 1  72 1 1
7 94 0  98 0  32 1 1
8 101 0  45 1  69 1 1
9 92 1  88 1  56 1 2
10 76 0  32 1  26 1 1
11 60 1  57 1  44 1 2
12 46 1  52 1  44 1 1
13 37 1  38 1  60 1 3
14 104 0  92 0  38 1 1
15 75 1  56 1  43 1 2
16 37 1  54 0  27 1 1
17 51 1  87 1  62 1 1
18 102 0  70 1  42 1 1
19 106 0  31 1  76 0 2
20 40 1  42 1  72 1 1
21 92 1  86 1  47 1 2
22 113 1  96 1  60 1 1
23 81 1  65 1  62 1 1
24 78 1  91 1  56 1 1
25 102 0  91 0  30 1 1
26 69 0  73 0  22 1 1
27 74 0  28 1  41 1 1
28 49 1  100 0  80 1 1
29 95 1  76 1  77 1 2
30 31 1  31 1  60 1 1
31 117 0  98 0  35 1 1
32 32 1  87 0  42 1 1
33 42 1  33 1  53 1 1
34 70 1  91 1  74 1 1
35 72 1  99 1  58 1 2
36 83 1  69 1  54 1 2
37 32 1  56 1  51 1 1
38 110 0  42 1  65 1 1
39 41 1  94 0  25 1 1
40 71 0  33 1  27 1 1
41 62 0  32 1  20 1 2
42 100 0  33 1  27 1 1
43 93 1  93 1  76 1 1
44 118 0  91 0  24 1 1
45 68 1  77 1  77 1 2
46 62 1  82 1  74 1 1
47 50 0  32 1  24 1 2
48 37 1  33 1  31 1 2
49 95 0  27 1  58 0 3
50 43 1  95 0  38 1 3
51 111 0  42 1  27 1 2
52 88 1  83 1  53 1 2
53 76 0  76 0  34 1 1
54 70 1  78 1  74 1 2
55 46 1  79 0  28 1 1
56 75 0  85 0  31 1 3
57 68 0  68 0  23 1 2
58 70 0  49 1  29 1 2
59 63 1  42 1  49 1 2
60 113 0  39 1  80 0 1
61 55 1  30 1  46 1 2
62 106 0  44 0  20 1 1
63 66 0  52 1  30 1 1
64 113 0  94 0  46 1 2
65 30 1  67 0  63 0 1
66 80 1  94 1  62 1 1
67 113 0  51 1  74 1 1
68 114 1  63 1  74 1 1
69 90 1  85 1  47 1 1
70 69 1  52 1  59 1 1
71 38 1  32 1  58 1 2
72 84 1  47 1  48 1 1
73 57 1  31 1  34 1 1
74 113 1  83 1  75 1 1
75 82 0  25 1  56 0 1
76 78 0  62 1  36 1 1
77 74 1  71 1  67 1 1
78 112 0  88 0  38 1 2
79 88 0  92 0  21 1 1
80 104 1  87 1  53 1 2
81 45 1  97 0  36 1 1
82 46 1  33 1  36 1 1
83 75 0  77 0  26 1 1
84 49 0  95 0  23 1 1
85 100 0  96 0  20 1 1
86 116 0  59 0  29 1 1
87 51 1  44 1  59 1 1
88 88 0  33 1  56 1 1
89 33 1  52 1  29 1 1
90 117 0  56 1  67 1 1
91 42 1  77 1  49 1 1
92 34 1  26 1  66 0 2
93 40 1  32 1  56 1 2
94 80 0  46 1  30 1 1
95 35 1  61 1  79 0 1
96 33 1  43 1  63 1 3
97 34 1  77 0  27 1 1
98 47 0  70 0  23 1 1
99 64 0  27 1  49 1 1
100 56 1  57 1  69 1 1
(95,76,197) ; (0,0,0)
(182,113,130) ; (405,0,0)
(74,70,220) ; (0,163,0)
(98,117,62) ; (489,116,0)
(75,86,149) ; (0,77,0)
(82,63,219) ; (74,170,0)
(187,88,106) ; (95,0,0)
(99,116,72) ; (390,117,0)
(114,81,99) ; (75,89,0)
(74,63,114) ; (156,170,0)
(75,113,134) ; (330,0,0)
(154,68,77) ; (236,165,0)
(46,80,58) ; (189,90,0)
(47,86,184) ; (283,0,0)
(62,51,87) ; (328,114,0)
(93,76,93) ; (235,89,0)
(45,77,60) ; (189,92,58)
(92,111,98) ; (492,121,62)
(96,113,60) ; (393,120,72)
(117,67,56) ; (273,166,77)
(36,33,46) ; (236,200,77)
(31,34,57) ; (236,166,77)
(59,51,44) ; (331,114,87)
(93,69,52) ; (235,96,93)
(100,80,49) ; (75,89,99)
(84,49,110) ; (95,0,106)
(79,35,61) ; (95,49,106)
(102,42,70) ; (179,0,106)
(101,45,69) ; (179,42,106)
(70,58,105) ; (156,175,114)
(41,74,28) ; (189,95,118)
(29,33,52) ; (236,200,123)
(107,77,88) ; (474,0,130)
(113,35,47) ; (468,77,130)
(67,74,71) ; (407,0,130)
(58,38,64) ; (410,74,130)
(55,46,30) ; (335,119,131)
(90,47,85) ; (399,186,132)
(94,62,80) ; (395,124,132)
(115,67,30) ; (275,166,133)
(69,108,83) ; (335,0,134)
(31,31,60) ; (236,169,134)
(86,63,33) ; (235,99,145)
(40,42,72) ; (189,127,146)
(40,32,56) ; (189,95,146)
(48,80,72) ; (75,89,148)
(49,77,42) ; (123,92,148)
(74,78,70) ; (0,84,149)
(91,102,30) ; (492,129,160)
(55,46,30) ; (335,119,161)
(88,33,56) ; (302,199,163)
(87,32,42) ; (303,167,163)
(27,64,49) ; (275,168,163)
(42,33,53) ; (95,49,167)
(97,36,45) ; (179,42,175)
(95,38,43) ; (179,0,176)
(111,27,42) ; (470,77,177)
(78,62,36) ; (235,100,178)
(27,77,34) ; (303,0,184)
(20,62,32) ; (283,0,184)
(58,95,27) ; (525,136,190)
(33,100,27) ; (492,131,190)
(47,70,23) ; (123,99,190)
(54,37,27) ; (336,128,191)
(50,32,24) ; (418,74,194)
(95,49,23) ; (0,0,197)
