0.0928
14 1401
587 233 220
100
1 64 1  69 1  39 1 1
2 66 1  64 1  47 1 1
3 66 0  31 1  30 1 1
4 97 1  64 1  53 1 2
5 70 0  50 0  21 1 1
6 34 1  97 0  41 1 2
7 77 0  27 1  76 0 3
8 87 0  26 1  77 0 3
9 55 1  35 1  70 0 1
10 72 1  42 1  52 1 1
11 75 1  83 1  51 1 1
12 49 0  34 1  22 1 1
13 61 0  92 0  20 1 1
14 39 1  90 0  48 1 1
15 62 0  58 0  22 1 1
16 90 1  56 1  60 1 1
17 98 0  85 0  24 1 1
18 34 1  88 0  25 1 1
19 54 1  64 1  38 1 2
20 94 0  30 1  33 1 1
21 94 0  87 0  39 1 1
22 47 1  39 1  38 1 1
23 101 0  47 1  54 1 2
24 47 1  33 1  74 0 1
25 111 0  40 1  67 1 2
26 73 1  42 1  50 1 1
27 72 1  71 1  59 1 1
28 81 0  49 1  26 1 1
29 54 1  67 1  46 1 2
30 74 1  44 1  51 1 1
31 119 0  29 1  31 1 1
32 77 1  81 1  67 1 1
33 92 1  72 1  68 1 1
34 73 1  100 0  41 1 2
35 33 1  69 0  22 1 1
36 67 1  96 1  77 1 1
37 87 0  100 0  42 1 2
38 67 1  69 1  36 1 2
39 47 1  50 1  58 1 2
40 32 1  99 0  37 1 2
41 101 0  36 1  66 1 2
42 43 1  88 0  54 1 1
43 98 0  36 1  68 1 1
44 76 0  25 1  44 1 1
45 79 1  58 1  76 1 2
46 65 1  94 0  46 1 3
47 39 1  28 1  55 1 4
48 88 1  72 1  47 1 1
49 106 0  77 0  27 1 2
50 45 1  66 1  77 1 1
51 97 0  44 1  27 1 1
52 69 1  90 1  79 1 2
53 54 1  81 1  73 1 1
54 47 1  83 0  38 1 1
55 67 0  62 1  32 1 2
56 104 0  92 0  45 1 2
57 72 1  70 1  44 1 1
58 106 0  43 1  68 1 1
59 75 1  51 1  64 1 2
60 112 1  59 1  62 1 2
61 78 0  88 0  26 1 1
62 101 0  82 0  36 1 1
63 61 1  96 1  78 1 1
64 113 0  57 0  20 1 1
65 81 1  42 1  63 1 1
66 97 0  34 1  31 1 1
67 106 0  28 1  42 1 1
68 91 0  41 1  57 1 1
69 90 0  55 1  36 1 1
70 120 1  81 1  76 1 1
71 91 1  89 1  76 1 1
72 37 1  57 0  22 1 1
73 64 1  96 1  69 1 1
74 56 0  51 0  21 1 2
75 61 1  72 0  31 1 1
76 91 0  58 1  31 1 1
77 107 0  94 1  52 1 2
78 65 0  32 1  65 0 1
79 76 1  70 1  40 1 1
80 35 1  66 1  49 1 1
81 65 0  45 1  26 1 1
82 52 1  43 1  42 1 2
83 35 1  48 1  34 1 1
84 92 1  72 1  58 1 1
85 59 1  67 1  71 1 1
86 43 1  100 0  27 1 1
87 103 1  88 1  73 1 1
88 115 0  91 1  51 1 1
89 65 1  68 1  72 1 1
90 89 1  61 1  60 1 1
91 51 1  88 1  57 1 1
92 36 1  78 0  73 0 1
93 95 0  26 1  65 0 2
94 61 1  65 0  31 1 2
95 87 0  30 1  33 1 2
96 81 1  90 1  51 1 1
97 73 1  43 1  40 1 1
98 84 0  44 0  20 1 1
99 65 0  33 1  28 1 2
100 113 0  73 0  25 1 2
(0,0,0) ; (103,73,88)
(0,0,88) ; (52,72,130)
(52,0,88) ; (102,73,130)
(0,0,130) ; (101,36,196)
(0,36,130) ; (101,72,196)
(373,0,0) ; (480,94,52)
(480,0,0) ; (587,94,52)
(373,0,52) ; (474,47,106)
(373,47,52) ; (474,94,106)
(474,0,52) ; (517,88,106)
(517,0,52) ; (584,46,106)
(517,46,52) ; (584,92,106)
(0,156,0) ; (81,233,67)
(0,156,67) ; (81,232,187)
(0,156,187) ; (77,232,214)
(497,154,0) ; (587,233,69)
(497,154,69) ; (587,233,138)
(497,154,138) ; (585,232,164)
(497,154,164) ; (584,231,190)
(497,154,190) ; (584,231,216)
(0,73,0) ; (101,155,36)
(0,73,36) ; (100,114,109)
(0,114,36) ; (100,155,109)
(0,73,109) ; (97,114,143)
(0,114,109) ; (97,155,143)
(463,95,0) ; (525,154,112)
(525,95,0) ; (587,154,112)
(81,157,0) ; (139,233,79)
(139,157,0) ; (197,233,79)
(81,157,79) ; (151,233,119)
(151,157,79) ; (194,230,119)
(369,155,0) ; (436,232,96)
(436,155,0) ; (497,233,96)
(369,155,96) ; (433,230,147)
(433,155,96) ; (497,230,147)
(103,0,0) ; (202,32,37)
(103,32,0) ; (202,64,37)
(103,0,37) ; (200,64,90)
(103,0,90) ; (200,64,143)
(103,0,143) ; (199,64,212)
(103,64,0) ; (207,156,45)
(103,64,45) ; (207,156,90)
(103,64,90) ; (134,155,148)
(134,64,90) ; (206,156,148)
(197,162,0) ; (256,233,72)
(256,162,0) ; (300,232,72)
(300,162,0) ; (367,231,36)
(300,162,36) ; (367,231,72)
(373,95,0) ; (463,155,56)
(373,95,56) ; (462,155,117)
(202,0,0) ; (296,46,65)
(202,0,65) ; (296,46,130)
(202,0,130) ; (296,46,195)
(202,0,195) ; (286,44,215)
(301,0,0) ; (373,92,68)
(301,0,68) ; (373,88,115)
(207,46,0) ; (298,161,51)
(304,94,0) ; (369,162,72)
(207,46,51) ; (298,122,140)
(207,122,51) ; (297,161,99)
(197,164,72) ; (308,231,112)
(197,164,112) ; (308,231,152)
(197,164,152) ; (259,231,184)
(259,164,152) ; (306,230,216)
(197,164,184) ; (259,231,216)
(308,164,72) ; (367,231,143)
(304,96,72) ; (369,129,100)
(304,129,72) ; (369,162,100)
(207,123,99) ; (290,161,146)
(304,97,100) ; (369,162,132)
(484,0,106) ; (584,87,148)
(484,0,148) ; (584,87,190)
(484,0,190) ; (581,44,217)
(484,44,190) ; (584,87,217)
(378,0,106) ; (484,43,174)
(378,0,174) ; (430,42,217)
(430,0,174) ; (482,42,217)
(428,43,106) ; (456,82,161)
(456,43,106) ; (484,82,161)
(428,43,161) ; (483,82,189)
(428,43,189) ; (483,82,217)
(377,43,106) ; (428,87,180)
(514,100,112) ; (587,154,193)
(463,97,112) ; (514,154,200)
(310,0,115) ; (373,42,196)
(307,42,115) ; (373,87,192)
(307,42,192) ; (372,87,218)
(379,104,117) ; (462,155,192)
(379,104,192) ; (460,153,218)
(81,157,119) ; (194,230,144)
(81,157,144) ; (194,230,169)
(304,101,132) ; (369,162,163)
(207,46,140) ; (298,87,197)
(207,87,140) ; (273,122,189)
(0,73,143) ; (90,154,194)
(313,167,143) ; (367,231,181)
(313,167,181) ; (367,231,219)
(207,130,146) ; (279,161,207)
(419,157,147) ; (497,230,183)
(369,172,147) ; (419,230,194)
(103,64,148) ; (201,100,216)
(103,100,148) ; (193,155,184)
(304,101,163) ; (369,162,194)
(81,172,169) ; (128,230,219)
(128,161,169) ; (192,230,208)
(381,43,180) ; (428,81,219)
(475,173,183) ; (497,230,220)
(420,160,183) ; (475,230,218)
(103,125,184) ; (190,155,217)
(103,100,184) ; (191,125,218)
(207,87,189) ; (273,118,219)
(531,103,193) ; (587,154,214)
(0,73,194) ; (87,150,220)
(385,181,194) ; (419,230,216)
(307,104,194) ; (369,162,216)
(0,0,196) ; (50,70,217)
(50,0,196) ; (101,56,217)
(207,46,197) ; (276,79,219)
