0.0894
72 7201
587 233 220
100
1 117 1  72 1  79 1 1
2 60 1  46 1  42 1 1
3 82 1  68 1  67 1 1
4 60 1  45 1  64 1 2
5 52 1  83 0  36 1 1
6 56 1  79 1  51 1 1
7 106 0  96 0  42 1 1
8 54 1  29 1  48 1 1
9 118 1  88 1  80 1 1
10 116 0  28 1  43 1 1
11 74 0  90 0  22 1 1
12 64 1  33 1  80 0 1
13 88 0  36 1  53 1 1
14 34 1  59 1  74 0 1
15 120 1  88 1  80 1 1
16 77 1  88 1  74 1 1
17 113 0  55 0  24 1 1
18 38 1  46 1  24 1 1
19 61 1  84 1  50 1 1
20 108 0  94 0  38 1 1
21 32 1  29 1  76 0 1
22 48 1  62 1  49 1 1
23 68 0  76 0  29 1 1
24 107 0  78 1  44 1 1
25 90 1  56 1  69 1 1
26 51 0  83 0  25 1 1
27 69 0  40 1  27 1 1
28 40 1  38 1  59 1 1
29 80 0  89 0  35 1 1
30 104 1  56 1  56 1 2
31 62 0  25 1  43 1 1
32 41 1  43 1  59 1 1
33 35 1  71 0  65 1 2
34 95 1  61 1  49 1 1
35 34 1  48 1  54 1 1
36 93 0  46 1  39 1 1
37 43 1  79 0  31 1 2
38 87 1  96 1  58 1 1
39 67 0  43 1  24 1 1
40 89 1  57 1  54 1 1
41 94 1  67 1  51 1 1
42 88 1  92 1  76 1 1
43 51 1  66 1  71 1 1
44 60 1  60 1  67 1 1
45 118 1  63 1  61 1 1
46 42 1  80 1  53 1 1
47 62 1  81 0  37 1 1
48 42 1  37 1  78 0 1
49 97 1  61 1  59 1 1
50 59 1  46 1  75 1 1
51 115 1  76 1  80 1 1
52 31 1  36 1  69 0 1
53 60 1  83 1  77 1 1
54 58 1  89 1  51 1 1
55 67 1  91 1  76 1 1
56 91 1  61 1  80 1 1
57 79 1  72 1  72 1 1
58 70 1  49 1  57 1 1
59 112 0  97 0  20 1 1
60 89 0  53 1  32 1 2
61 77 1  55 1  73 1 1
62 71 1  89 0  44 1 1
63 46 1  97 0  47 1 1
64 97 1  82 1  70 1 1
65 71 1  63 1  79 1 1
66 100 1  95 1  51 1 1
67 30 1  49 1  66 0 1
68 108 1  69 1  75 1 1
69 120 0  76 1  59 1 1
70 102 1  88 1  80 1 1
71 77 1  92 1  52 1 1
72 109 1  56 1  71 1 1
73 74 1  46 1  71 1 1
74 47 1  60 1  44 1 1
75 59 1  41 1  35 1 2
76 70 0  43 1  31 1 1
77 54 1  62 1  64 1 1
78 119 0  78 0  29 1 1
79 75 0  26 1  49 1 1
80 79 1  51 1  42 1 1
81 107 1  98 1  61 1 2
82 79 1  82 1  49 1 1
83 34 1  74 0  53 1 1
84 73 1  88 1  71 1 1
85 78 1  54 1  77 1 1
86 51 1  37 1  65 1 2
87 106 0  89 0  33 1 1
88 111 0  47 1  37 1 1
89 32 1  70 0  55 1 1
90 43 1  35 1  26 1 1
91 75 0  62 0  23 1 1
92 85 0  89 0  42 1 2
93 76 1  46 1  48 1 2
94 120 1  80 1  67 1 1
95 63 0  36 1  30 1 1
96 76 1  61 1  60 1 1
97 100 1  57 1  62 1 1
98 98 0  80 0  26 1 1
99 59 1  99 1  70 1 1
100 71 1  88 1  50 1 1
(0,0,0) ; (120,80,88)
(0,0,88) ; (119,78,117)
(489,0,0) ; (587,61,107)
(489,0,107) ; (587,61,214)
(0,161,0) ; (79,233,117)
(0,161,117) ; (79,233,189)
(0,161,189) ; (36,230,220)
(36,161,189) ; (79,231,220)
(421,156,0) ; (495,233,88)
(495,156,0) ; (587,232,88)
(421,156,88) ; (467,231,147)
(467,156,88) ; (587,232,147)
(510,61,0) ; (587,153,52)
(510,61,52) ; (586,107,100)
(510,107,52) ; (586,153,100)
(510,61,100) ; (586,152,167)
(510,61,167) ; (584,151,189)
(0,81,0) ; (120,161,67)
(0,81,67) ; (118,161,155)
(79,162,0) ; (168,233,44)
(79,162,44) ; (167,233,117)
(79,162,117) ; (167,233,167)
(377,0,0) ; (433,56,104)
(433,0,0) ; (489,56,104)
(377,0,104) ; (486,56,175)
(120,0,0) ; (169,61,95)
(120,61,0) ; (171,161,95)
(459,61,0) ; (510,155,67)
(319,153,0) ; (421,233,88)
(319,153,88) ; (375,232,139)
(375,153,88) ; (417,232,139)
(168,178,0) ; (241,233,77)
(241,178,0) ; (319,232,77)
(168,178,77) ; (257,231,109)
(257,178,77) ; (319,232,141)
(168,178,109) ; (257,231,141)
(171,0,0) ; (253,97,70)
(253,0,0) ; (312,99,70)
(400,56,0) ; (459,153,61)
(400,56,61) ; (458,152,148)
(314,0,0) ; (377,61,118)
(171,99,0) ; (253,178,49)
(315,61,0) ; (400,150,42)
(315,61,42) ; (400,150,84)
(315,61,84) ; (395,150,119)
(253,101,0) ; (313,178,83)
(171,102,49) ; (251,178,164)
(459,61,67) ; (510,150,125)
(171,0,70) ; (242,65,105)
(171,0,105) ; (242,65,140)
(171,0,140) ; (242,63,219)
(171,65,70) ; (241,97,125)
(242,0,70) ; (309,60,130)
(242,0,130) ; (306,60,175)
(242,60,70) ; (307,97,121)
(242,60,121) ; (307,97,172)
(253,102,83) ; (313,178,144)
(120,0,95) ; (166,97,142)
(120,99,95) ; (169,161,143)
(0,0,117) ; (107,78,161)
(315,0,118) ; (377,57,218)
(316,61,119) ; (395,104,150)
(316,104,119) ; (395,147,150)
(460,61,125) ; (510,145,186)
(171,65,125) ; (240,92,165)
(327,163,139) ; (417,232,195)
(168,178,141) ; (256,231,177)
(256,190,141) ; (315,231,184)
(256,190,184) ; (315,231,219)
(120,0,142) ; (166,93,181)
(120,104,143) ; (169,161,213)
(253,104,144) ; (312,178,178)
(479,156,147) ; (587,231,216)
(433,157,147) ; (479,231,218)
(407,56,148) ; (458,122,219)
(404,123,148) ; (458,152,196)
(328,61,150) ; (395,143,218)
(0,81,155) ; (91,161,216)
(91,86,155) ; (117,161,204)
(0,0,161) ; (89,54,218)
(0,54,161) ; (67,78,204)
(67,54,161) ; (105,78,207)
(171,114,164) ; (251,178,197)
(171,65,165) ; (233,90,208)
(79,191,167) ; (159,233,220)
(79,162,167) ; (155,191,199)
(242,60,172) ; (305,96,202)
(426,0,175) ; (486,47,219)
(378,0,175) ; (426,54,209)
(242,0,175) ; (306,60,220)
(168,179,177) ; (251,231,213)
(253,143,178) ; (312,178,219)
(253,105,178) ; (312,143,218)
(120,0,181) ; (162,78,218)
(461,61,186) ; (510,127,216)
(516,61,189) ; (584,137,218)
(334,181,195) ; (417,232,220)
(171,116,197) ; (246,178,220)
