0.1009
63 6301
587 233 220
100
1 31 1  93 0  55 1 1
2 61 1  85 1  68 1 1
3 90 1  89 1  70 1 1
4 57 1  93 1  69 1 1
5 73 0  36 1  26 1 1
6 39 1  58 0  20 1 1
7 103 0  51 1  27 1 1
8 36 1  68 1  44 1 2
9 108 0  39 1  45 1 1
10 33 1  39 1  31 1 1
11 120 0  48 1  43 1 1
12 100 0  96 1  49 1 1
13 82 0  41 1  47 1 1
14 75 1  42 1  56 1 1
15 34 1  94 0  24 1 1
16 56 1  88 1  70 1 1
17 101 0  27 1  64 0 2
18 59 1  70 1  64 1 1
19 31 1  54 1  42 1 1
20 73 0  43 1  35 1 1
21 98 1  75 1  75 1 1
22 34 1  43 1  77 0 1
23 43 1  72 1  45 1 1
24 92 0  41 1  32 1 2
25 117 0  32 1  48 1 1
26 56 1  31 1  48 1 1
27 56 1  100 1  67 1 1
28 80 1  63 1  58 1 1
29 72 1  44 1  70 1 1
30 110 0  41 1  70 1 1
31 96 0  47 1  33 1 1
32 68 1  37 1  58 1 1
33 111 0  29 1  69 0 1
34 103 1  69 1  59 1 1
35 34 1  91 0  78 0 1
36 92 0  28 1  71 0 1
37 104 0  99 0  42 1 1
38 107 1  85 1  57 1 1
39 70 0  62 0  22 1 1
40 70 0  60 0  21 1 1
41 110 1  93 1  69 1 2
42 99 0  32 1  67 0 1
43 33 1  100 0  43 1 1
44 39 1  25 1  28 1 1
45 33 1  68 0  57 1 1
46 74 1  70 1  77 1 2
47 60 1  94 1  76 1 1
48 100 0  68 1  36 1 1
49 58 1  84 1  68 1 1
50 116 1  80 1  72 1 1
51 44 1  30 1  63 0 1
52 94 0  46 1  37 1 1
53 50 1  84 1  53 1 1
54 108 1  57 1  75 1 2
55 74 1  73 1  54 1 1
56 74 0  47 0  22 1 1
57 42 1  34 1  68 0 1
58 113 1  76 1  57 1 2
59 64 0  61 0  29 1 1
60 65 1  56 1  34 1 2
61 85 1  62 1  62 1 1
62 82 0  40 1  66 1 1
63 74 0  95 0  23 1 2
64 88 1  95 0  47 1 1
65 69 1  100 1  51 1 2
66 75 0  85 0  36 1 1
67 77 1  69 1  52 1 1
68 112 1  82 1  62 1 1
69 40 1  32 1  46 1 1
70 81 0  32 1  67 0 1
71 58 1  57 1  65 1 1
72 104 0  39 1  30 1 1
73 107 0  45 1  72 1 1
74 70 0  30 1  31 1 1
75 94 0  70 1  38 1 1
76 108 1  72 1  70 1 1
77 101 1  65 1  66 1 1
78 30 1  75 0  80 0 1
79 56 1  52 1  69 1 1
80 80 0  87 0  20 1 2
81 97 1  84 1  50 1 1
82 120 0  48 1  76 1 1
83 87 1  92 1  60 1 1
84 107 0  64 0  31 1 1
85 41 1  39 1  50 1 1
86 60 0  39 1  25 1 1
87 43 1  54 0  25 1 2
88 94 0  65 1  36 1 1
89 114 0  92 0  37 1 1
90 62 1  50 1  39 1 1
91 64 1  64 1  58 1 1
92 85 1  63 1  75 1 1
93 49 1  33 1  77 0 1
94 53 1  28 1  68 0 1
95 118 1  91 1  77 1 2
96 102 1  97 1  76 1 1
97 67 0  79 0  20 1 1
98 96 1  64 1  65 1 1
99 53 1  67 1  73 1 1
100 93 1  95 1  70 1 1
(98,75,121) ; (0,0,0)
(118,154,163) ; (469,0,0)
(70,154,167) ; (0,79,0)
(113,76,171) ; (474,157,0)
(110,69,217) ; (70,164,0)
(103,69,215) ; (98,0,0)
(58,68,212) ; (416,165,0)
(97,162,76) ; (372,0,0)
(70,89,146) ; (70,75,0)
(59,64,214) ; (357,169,0)
(108,57,160) ; (180,176,0)
(85,63,205) ; (201,0,0)
(47,95,88) ; (140,69,0)
(84,50,150) ; (288,0,0)
(68,65,157) ; (289,168,0)
(99,104,42) ; (187,72,0)
(80,116,72) ; (292,50,0)
(96,100,65) ; (187,76,42)
(78,91,34) ; (294,50,72)
(60,25,39) ; (312,141,72)
(94,160,37) ; (372,0,76)
(41,92,64) ; (140,69,88)
(75,85,36) ; (297,50,106)
(82,62,112) ; (187,114,107)
(94,38,70) ; (187,76,107)
(54,25,43) ; (318,141,111)
(92,87,60) ; (372,0,113)
(92,71,28) ; (372,89,113)
(54,74,73) ; (0,0,121)
(36,73,69) ; (54,0,121)
(52,69,77) ; (412,91,141)
(39,62,50) ; (373,98,141)
(42,56,75) ; (330,50,142)
(31,56,48) ; (299,50,142)
(68,28,53) ; (304,107,142)
(67,53,73) ; (70,110,146)
(68,34,42) ; (70,75,146)
(77,49,33) ; (295,0,150)
(40,82,66) ; (140,69,152)
(54,25,43) ; (318,141,154)
(64,61,29) ; (291,172,157)
(103,51,27) ; (180,182,160)
(111,69,29) ; (473,0,163)
(104,39,30) ; (480,69,163)
(82,41,47) ; (502,109,163)
(31,42,54) ; (471,108,163)
(69,56,52) ; (0,175,167)
(67,81,52) ; (0,94,167)
(68,36,44) ; (514,196,171)
(108,39,45) ; (474,157,171)
(40,32,46) ; (474,200,171)
(87,80,20) ; (377,0,173)
(77,34,43) ; (187,76,177)
(68,44,36) ; (304,0,183)
(63,44,30) ; (292,189,186)
(96,47,33) ; (180,186,187)
(39,33,31) ; (70,75,188)
(31,70,30) ; (54,0,190)
(28,39,25) ; (302,50,190)
(39,58,20) ; (373,102,191)
(101,64,27) ; (483,0,192)
(94,34,24) ; (490,69,193)
(87,80,20) ; (377,0,193)
(47,74,22) ; (0,0,194)
