0.1035
32 3201
587 233 220
100
1 60 0  44 0  20 1 3
2 33 1  87 0  66 0 1
3 30 1  46 1  40 1 1
4 35 1  84 0  46 1 1
5 81 1  58 1  67 1 2
6 35 1  30 1  46 1 1
7 42 1  40 1  35 1 2
8 44 1  69 1  66 1 1
9 83 0  40 1  71 1 2
10 96 1  51 1  59 1 1
11 67 0  26 1  41 1 1
12 112 0  94 0  40 1 1
13 78 0  37 1  65 1 1
14 61 1  33 1  68 0 1
15 114 0  94 0  27 1 1
16 71 1  61 1  61 1 1
17 70 1  49 1  79 1 1
18 49 1  41 1  45 1 1
19 113 0  45 1  24 1 1
20 75 1  39 1  51 1 1
21 94 0  47 1  56 1 1
22 41 1  75 1  62 1 2
23 103 1  63 1  52 1 1
24 96 1  64 1  58 1 2
25 67 1  56 1  44 1 1
26 113 0  46 1  75 1 1
27 50 1  97 1  59 1 3
28 45 1  47 1  27 1 2
29 95 1  68 1  59 1 1
30 113 0  28 1  47 1 1
31 118 1  89 1  70 1 2
32 49 1  86 1  69 1 1
33 54 1  54 1  31 1 1
34 96 0  74 1  39 1 2
35 37 1  68 1  58 1 1
36 34 1  87 0  75 0 1
37 57 1  44 1  60 1 1
38 63 0  46 1  26 1 1
39 46 0  61 0  22 1 1
40 44 1  44 1  40 1 2
41 102 1  53 1  58 1 1
42 59 1  57 1  39 1 1
43 105 1  81 1  63 1 1
44 107 0  46 1  57 1 1
45 76 1  51 1  73 1 1
46 78 1  89 1  54 1 1
47 118 0  45 1  45 1 2
48 71 0  35 1  44 1 1
49 30 1  76 0  80 0 1
50 60 1  51 1  31 1 2
51 59 1  51 1  54 1 1
52 110 0  38 1  63 1 1
53 78 0  78 0  39 1 1
54 90 1  75 1  78 1 1
55 86 0  67 1  36 1 1
56 48 1  86 1  61 1 1
57 76 0  93 0  25 1 1
58 83 0  84 0  30 1 1
59 64 0  81 0  26 1 1
60 120 0  68 1  50 1 2
61 115 1  64 1  70 1 2
62 101 0  40 1  75 1 1
63 43 1  74 1  54 1 1
64 72 1  59 1  80 1 1
65 73 1  45 1  53 1 1
66 53 1  75 1  68 1 1
67 87 1  60 1  62 1 2
68 41 1  34 1  75 0 1
69 110 0  96 1  54 1 2
70 73 1  38 1  64 1 1
71 91 1  80 1  65 1 1
72 52 1  81 0  33 1 1
73 41 1  31 1  52 1 1
74 115 0  46 1  43 1 1
75 59 1  43 1  45 1 1
76 47 1  92 1  50 1 1
77 90 0  94 0  33 1 1
78 94 0  96 0  21 1 1
79 100 0  82 0  39 1 2
80 108 0  71 0  27 1 2
81 75 1  44 1  56 1 1
82 67 1  87 0  38 1 3
83 36 1  62 1  79 0 1
84 67 1  38 1  78 0 2
85 56 1  65 1  34 1 1
86 58 0  33 1  24 1 1
87 54 1  95 0  30 1 1
88 55 1  75 1  57 1 2
89 113 0  48 1  59 1 1
90 43 1  87 0  40 1 2
91 118 0  82 0  30 1 1
92 39 1  30 1  23 1 1
93 43 1  80 1  71 1 1
94 105 0  71 0  29 1 1
95 48 1  68 1  77 1 1
96 98 1  60 1  71 1 1
97 59 1  53 1  55 1 1
98 78 1  83 1  75 1 1
99 40 1  67 1  66 1 1
100 116 1  93 1  62 1 1
(116,64,189) ; (0,0,0)
(59,97,218) ; (528,0,0)
(242,118,70) ; (0,115,0)
(81,134,96) ; (506,99,0)
(110,96,155) ; (418,0,0)
(120,51,167) ; (0,64,0)
(87,137,120) ; (419,96,0)
(75,55,182) ; (116,0,0)
(175,83,78) ; (244,150,0)
(166,71,89) ; (252,0,0)
(98,60,122) ; (120,55,0)
(59,55,104) ; (191,0,0)
(75,78,90) ; (343,71,0)
(24,58,33) ; (218,55,0)
(101,75,40) ; (242,71,0)
(23,30,39) ; (218,55,33)
(96,75,41) ; (242,71,40)
(181,114,67) ; (0,116,70)
(59,113,48) ; (181,117,70)
(118,82,30) ; (301,150,78)
(56,44,142) ; (244,188,78)
(56,34,65) ; (244,154,78)
(96,74,39) ; (242,71,81)
(80,65,128) ; (337,0,89)
(81,64,131) ; (256,0,89)
(73,76,51) ; (345,71,90)
(78,132,54) ; (506,101,96)
(58,53,102) ; (191,0,104)
(118,45,69) ; (301,187,108)
(86,36,67) ; (333,151,108)
(30,35,46) ; (303,152,108)
(57,107,46) ; (181,123,118)
(77,68,48) ; (426,165,120)
(84,69,66) ; (419,96,120)
(96,74,39) ; (242,71,120)
(60,57,44) ; (120,55,122)
(31,54,95) ; (180,55,122)
(71,108,83) ; (0,120,137)
(72,102,80) ; (71,126,137)
(38,110,63) ; (143,118,137)
(62,75,41) ; (356,71,141)
(46,30,40) ; (244,158,143)
(64,115,70) ; (516,118,150)
(103,52,63) ; (421,0,155)
(59,39,57) ; (465,52,155)
(44,40,44) ; (421,52,155)
(94,71,61) ; (242,71,159)
(30,95,54) ; (181,135,164)
(27,90,47) ; (211,140,164)
(60,44,20) ; (120,55,166)
(73,45,53) ; (0,64,167)
(45,49,41) ; (73,64,167)
(75,39,51) ; (428,194,168)
(63,26,46) ; (440,168,168)
(71,35,44) ; (348,152,175)
(59,45,43) ; (355,187,177)
(44,44,40) ; (311,188,177)
(67,41,26) ; (116,0,182)
(58,68,37) ; (360,71,182)
(81,52,33) ; (422,111,186)
(60,44,20) ; (120,55,186)
(113,47,28) ; (0,0,189)
