0.0955
85 8501
587 233 220
100
1 89 0  70 0  34 1 3
2 64 1  54 1  34 1 2
3 105 0  31 1  37 1 1
4 104 0  44 1  45 1 1
5 89 1  80 1  76 1 1
6 49 1  62 1  72 1 2
7 82 0  30 1  50 1 1
8 84 0  26 1  43 1 1
9 46 1  42 1  51 1 2
10 99 0  32 1  20 1 1
11 31 1  51 1  27 1 1
12 119 0  72 1  59 1 1
13 59 0  28 1  75 0 1
14 70 1  70 1  45 1 1
15 48 1  84 1  48 1 2
16 116 0  27 1  40 1 2
17 64 1  93 1  73 1 2
18 93 0  38 1  36 1 2
19 61 0  28 1  80 0 1
20 54 1  61 1  57 1 2
21 77 1  83 1  48 1 1
22 101 1  81 1  56 1 1
23 64 0  39 1  23 1 1
24 37 1  69 1  59 1 1
25 112 0  71 1  52 1 1
26 43 1  70 1  48 1 4
27 95 0  90 0  23 1 1
28 44 1  99 0  39 1 1
29 50 1  40 1  33 1 1
30 89 0  61 0  20 1 2
31 64 1  62 1  48 1 1
32 89 0  44 1  66 1 2
33 107 0  37 1  33 1 2
34 101 0  62 0  27 1 2
35 72 1  63 1  72 1 3
36 116 0  51 1  44 1 1
37 87 1  47 1  58 1 1
38 39 1  57 0  22 1 1
39 116 0  98 0  23 1 2
40 115 0  51 1  31 1 1
41 33 1  32 1  48 1 1
42 88 0  50 0  22 1 2
43 61 1  94 1  50 1 1
44 70 0  31 1  72 0 2
45 120 0  58 1  50 1 2
46 46 1  82 1  75 1 2
47 116 0  30 1  49 1 1
48 110 0  61 0  27 1 3
49 36 1  53 0  25 1 1
50 107 0  53 1  42 1 1
51 92 1  70 1  53 1 1
52 38 1  70 0  29 1 2
53 106 0  32 1  69 0 1
54 75 1  94 1  54 1 2
55 43 1  57 0  25 1 1
56 55 1  59 1  77 1 1
57 33 1  86 0  53 1 1
58 59 0  50 0  23 1 2
59 94 0  42 1  65 1 1
60 30 1  93 0  73 0 1
61 53 1  89 1  48 1 4
62 33 1  66 0  79 0 4
63 66 0  60 1  33 1 2
64 65 1  99 0  48 1 1
65 47 1  68 1  69 1 1
66 70 0  37 1  30 1 1
67 38 1  76 0  76 0 1
68 64 0  27 1  67 0 1
69 101 1  60 1  66 1 1
70 72 1  95 1  76 1 1
71 61 1  99 1  52 1 1
72 34 1  95 0  24 1 1
73 88 1  48 1  51 1 1
74 50 1  29 1  47 1 1
75 53 1  75 1  60 1 1
76 42 1  52 1  63 1 1
77 86 1  49 1  50 1 1
78 90 1  56 1  53 1 1
79 60 1  65 1  78 1 1
80 76 0  27 1  72 0 1
81 50 1  47 1  59 1 1
82 46 1  50 1  72 1 2
83 70 1  82 1  59 1 1
84 109 1  90 1  74 1 2
85 78 0  66 0  29 1 1
86 83 1  60 1  51 1 1
87 56 1  62 1  76 1 2
88 56 0  25 1  77 0 2
89 111 0  38 1  61 1 2
90 30 1  86 0  75 0 1
91 69 1  42 1  52 1 1
92 86 0  45 0  21 1 1
93 84 0  60 1  40 1 2
94 62 1  63 1  69 1 1
95 57 1  36 1  71 1 1
96 84 0  69 1  37 1 1
97 57 1  82 0  38 1 2
98 74 1  51 1  69 1 1
99 41 1  86 0  57 1 2
100 68 1  54 1  48 1 2
(0,0,0) ; (61,111,38)
(61,0,0) ; (109,54,68)
(61,54,0) ; (109,108,68)
(0,0,38) ; (61,111,76)
(61,0,68) ; (109,53,157)
(61,53,68) ; (109,106,157)
(0,0,76) ; (61,110,103)
(0,0,103) ; (61,110,130)
(0,0,130) ; (61,110,157)
(369,0,0) ; (478,74,90)
(478,0,0) ; (587,74,90)
(369,0,90) ; (441,72,153)
(441,0,90) ; (513,72,153)
(513,0,90) ; (585,72,153)
(539,144,0) ; (587,233,53)
(539,144,53) ; (587,233,106)
(539,144,106) ; (587,232,157)
(539,144,157) ; (586,231,215)
(0,114,0) ; (72,184,31)
(0,184,0) ; (72,233,62)
(0,114,31) ; (72,184,62)
(0,114,62) ; (72,233,121)
(0,114,121) ; (69,151,180)
(0,151,121) ; (70,233,180)
(444,157,0) ; (539,233,72)
(444,157,72) ; (538,232,126)
(444,157,126) ; (538,232,180)
(72,160,0) ; (165,233,64)
(72,160,64) ; (165,233,128)
(72,160,128) ; (165,196,166)
(72,196,128) ; (165,232,166)
(72,160,166) ; (118,232,216)
(118,160,166) ; (164,232,216)
(495,74,0) ; (587,144,53)
(495,74,53) ; (584,144,87)
(495,74,87) ; (584,144,121)
(109,0,0) ; (193,60,40)
(193,0,0) ; (277,60,40)
(109,0,40) ; (175,60,73)
(175,0,40) ; (276,60,106)
(109,0,73) ; (175,60,106)
(109,0,106) ; (229,58,156)
(229,0,106) ; (276,59,156)
(306,156,0) ; (388,194,57)
(306,194,0) ; (388,232,57)
(388,156,0) ; (444,233,25)
(388,156,25) ; (444,232,87)
(306,156,57) ; (388,231,103)
(388,156,87) ; (444,232,149)
(306,156,103) ; (388,231,149)
(72,112,0) ; (115,160,70)
(115,112,0) ; (158,160,70)
(72,112,70) ; (115,160,140)
(115,112,70) ; (158,160,140)
(72,112,140) ; (155,160,217)
(165,176,0) ; (219,233,61)
(165,176,61) ; (219,233,122)
(165,176,122) ; (218,232,212)
(419,74,0) ; (495,154,89)
(419,74,89) ; (495,150,127)
(109,60,0) ; (151,112,69)
(151,60,0) ; (225,111,69)
(109,60,69) ; (225,111,113)
(109,60,113) ; (224,111,144)
(280,0,0) ; (369,66,44)
(280,0,44) ; (369,66,88)
(219,184,0) ; (305,233,50)
(165,113,0) ; (227,176,69)
(363,74,0) ; (419,155,101)
(363,74,101) ; (419,151,126)
(227,66,0) ; (302,119,60)
(227,119,0) ; (305,184,60)
(306,66,0) ; (363,152,41)
(306,66,41) ; (363,152,82)
(219,185,50) ; (303,233,98)
(219,185,98) ; (303,233,146)
(219,185,146) ; (261,231,197)
(261,185,146) ; (303,231,197)
(227,72,60) ; (298,184,112)
(165,126,69) ; (226,176,163)
(310,66,82) ; (363,152,115)
(290,0,88) ; (369,66,121)
(290,0,121) ; (369,66,154)
(290,0,154) ; (369,66,187)
(290,0,187) ; (369,66,220)
(227,76,112) ; (261,130,176)
(227,130,112) ; (261,184,176)
(261,76,112) ; (298,183,145)
(261,76,145) ; (298,181,176)
(312,66,115) ; (363,149,175)
(495,74,121) ; (584,144,155)
(364,74,126) ; (419,151,185)
(419,74,127) ; (495,146,154)
(109,60,144) ; (142,110,184)
(142,60,144) ; (204,109,216)
(109,60,184) ; (142,108,216)
(351,158,149) ; (444,231,179)
(306,161,149) ; (351,231,219)
(486,0,153) ; (585,48,218)
(490,48,153) ; (585,72,187)
(392,0,153) ; (486,42,218)
(370,42,153) ; (486,72,202)
(419,74,154) ; (457,144,183)
(457,74,154) ; (495,144,183)
(500,74,155) ; (584,143,192)
(109,0,156) ; (216,53,198)
(216,0,156) ; (275,50,179)
(0,0,157) ; (52,99,218)
(52,0,157) ; (100,64,219)
(52,64,157) ; (104,106,220)
(165,126,163) ; (224,176,186)
(313,66,175) ; (363,148,205)
(227,77,176) ; (272,181,220)
(272,97,176) ; (298,181,219)
(414,161,179) ; (444,231,216)
(357,160,179) ; (414,231,215)
(216,0,179) ; (273,22,218)
(216,22,179) ; (269,47,215)
(0,126,180) ; (33,233,217)
(33,117,180) ; (60,233,220)
(449,171,180) ; (538,232,200)
(449,171,200) ; (538,232,220)
(420,74,183) ; (495,133,211)
(372,74,185) ; (419,124,214)
(368,124,185) ; (419,151,216)
(165,133,186) ; (222,176,211)
(504,74,192) ; (584,135,220)
(219,192,197) ; (283,231,220)
(109,0,198) ; (197,50,220)
