0.1088
47 4701
587 233 220
100
1 101 0  28 1  59 0 1
2 80 1  81 1  75 1 1
3 115 0  29 1  79 0 1
4 89 0  75 0  36 1 1
5 119 0  46 1  28 1 1
6 47 1  40 1  75 1 1
7 62 1  64 1  53 1 2
8 92 0  66 0  23 1 1
9 94 1  49 1  54 1 1
10 105 0  63 1  52 1 1
11 44 1  52 1  78 1 1
12 104 1  61 1  57 1 1
13 53 1  28 1  71 0 1
14 65 1  78 0  35 1 1
15 94 0  28 1  71 0 2
16 90 1  60 1  68 1 1
17 81 1  97 1  71 1 1
18 98 0  74 1  46 1 1
19 93 1  53 1  61 1 1
20 59 0  85 0  22 1 2
21 66 0  99 0  32 1 1
22 36 1  40 1  37 1 2
23 38 1  38 1  20 1 1
24 30 1  39 1  50 1 1
25 96 0  75 0  23 1 1
26 90 1  64 1  62 1 1
27 61 1  62 1  56 1 1
28 83 1  47 1  58 1 2
29 119 0  34 1  47 1 1
30 44 1  70 1  76 1 1
31 47 1  82 0  31 1 1
32 49 1  89 1  76 1 1
33 48 0  87 0  24 1 2
34 92 0  38 1  57 1 1
35 113 0  51 1  69 1 1
36 108 1  72 1  70 1 1
37 96 1  88 1  58 1 1
38 35 1  31 1  67 0 2
39 114 0  50 1  36 1 1
40 52 1  94 1  68 1 1
41 106 1  64 1  69 1 1
42 72 1  63 1  38 1 1
43 114 1  69 1  77 1 1
44 75 1  99 1  55 1 1
45 44 1  56 1  52 1 1
46 47 1  95 0  54 1 1
47 53 1  54 1  57 1 3
48 77 1  83 1  46 1 1
49 96 1  95 1  55 1 1
50 45 1  73 1  59 1 1
51 44 1  47 1  65 1 1
52 38 1  46 1  26 1 2
53 87 0  85 0  21 1 1
54 109 0  43 1  50 1 1
55 103 0  85 0  24 1 1
56 100 0  34 1  72 0 1
57 30 1  37 1  51 1 1
58 108 0  41 1  61 1 1
59 77 1  98 1  79 1 1
60 116 0  51 1  73 1 2
61 112 0  35 1  37 1 2
62 82 1  49 1  44 1 1
63 45 1  63 0  30 1 1
64 38 1  97 0  59 1 2
65 68 0  28 1  50 1 1
66 90 1  77 1  50 1 1
67 93 1  95 1  51 1 1
68 105 0  71 0  33 1 1
69 57 1  42 1  41 1 1
70 109 0  94 0  33 1 2
71 63 1  68 1  59 1 1
72 87 1  95 0  45 1 1
73 95 1  77 1  68 1 2
74 117 1  59 1  71 1 1
75 35 1  55 0  27 1 1
76 43 1  97 0  32 1 1
77 32 1  42 1  57 1 2
78 78 0  56 0  22 1 2
79 84 1  61 1  75 1 1
80 42 1  68 1  70 1 1
81 97 0  49 1  46 1 1
82 80 1  42 1  52 1 1
83 108 0  52 1  34 1 1
84 56 1  80 1  51 1 1
85 95 1  99 1  80 1 2
86 116 1  61 1  63 1 1
87 98 1  100 1  55 1 1
88 96 0  60 0  24 1 1
89 42 1  49 1  74 1 1
90 93 0  97 0  24 1 1
91 97 0  45 1  45 1 1
92 64 1  88 0  34 1 1
93 44 1  98 0  78 1 1
94 54 1  37 1  65 1 1
95 65 0  27 1  36 1 1
96 60 0  53 0  22 1 1
97 117 0  93 1  54 1 2
98 63 1  64 1  45 1 1
99 81 1  44 1  65 1 1
100 90 0  35 1  78 0 1
(0,0,0) ; (108,72,70)
(0,0,70) ; (105,71,103)
(488,0,0) ; (587,80,95)
(488,0,95) ; (587,80,190)
(488,0,190) ; (584,75,213)
(0,124,0) ; (95,178,47)
(0,178,0) ; (95,233,96)
(0,124,47) ; (94,178,96)
(0,124,96) ; (94,233,129)
(0,124,129) ; (94,233,162)
(510,135,0) ; (587,233,79)
(510,135,79) ; (587,230,147)
(510,135,147) ; (587,230,215)
(0,72,0) ; (94,124,68)
(0,72,68) ; (93,123,163)
(393,179,0) ; (510,233,93)
(393,179,93) ; (510,233,186)
(393,179,186) ; (501,231,220)
(488,80,0) ; (587,135,75)
(488,80,75) ; (586,135,175)
(488,80,175) ; (518,131,212)
(518,80,175) ; (583,134,212)
(95,78,0) ; (173,143,35)
(95,143,0) ; (173,233,35)
(95,78,35) ; (173,134,57)
(95,134,35) ; (173,232,79)
(95,78,57) ; (173,134,79)
(415,0,0) ; (488,116,51)
(415,0,51) ; (488,116,102)
(415,0,102) ; (450,112,139)
(450,0,102) ; (485,112,139)
(108,0,0) ; (198,77,50)
(108,0,50) ; (197,76,99)
(458,135,0) ; (510,179,78)
(301,0,0) ; (415,69,77)
(301,0,77) ; (414,69,128)
(173,175,0) ; (256,233,47)
(256,175,0) ; (339,233,47)
(339,175,0) ; (392,232,54)
(173,175,47) ; (277,232,108)
(277,175,47) ; (339,231,108)
(339,175,54) ; (392,232,108)
(394,117,0) ; (458,179,53)
(394,117,53) ; (458,179,106)
(198,0,0) ; (238,75,47)
(238,0,0) ; (299,75,84)
(198,0,47) ; (238,36,84)
(198,36,47) ; (238,72,84)
(198,0,84) ; (298,72,118)
(173,79,0) ; (261,175,58)
(173,79,58) ; (260,127,82)
(173,127,58) ; (260,175,82)
(317,69,0) ; (415,115,74)
(317,69,74) ; (414,114,119)
(323,116,0) ; (394,175,117)
(261,77,0) ; (313,119,80)
(261,119,0) ; (312,175,80)
(463,135,78) ; (510,179,143)
(95,135,79) ; (166,232,160)
(95,135,160) ; (166,229,188)
(95,135,188) ; (166,229,216)
(95,78,79) ; (136,135,121)
(136,78,79) ; (168,135,121)
(261,78,80) ; (310,175,126)
(173,80,82) ; (260,175,127)
(108,0,99) ; (197,75,135)
(0,0,103) ; (61,63,219)
(61,0,103) ; (105,70,179)
(394,117,106) ; (458,179,196)
(173,179,108) ; (278,231,171)
(278,181,108) ; (392,231,144)
(326,116,117) ; (394,175,180)
(198,0,118) ; (288,68,178)
(317,69,119) ; (414,112,151)
(95,78,121) ; (148,135,175)
(95,78,175) ; (147,134,219)
(148,78,121) ; (168,116,159)
(261,111,126) ; (306,175,189)
(261,111,189) ; (306,174,219)
(261,78,126) ; (303,110,183)
(173,88,127) ; (258,175,148)
(308,0,128) ; (414,69,192)
(108,0,135) ; (189,75,215)
(415,0,139) ; (485,68,181)
(420,68,139) ; (485,112,220)
(464,153,143) ; (510,179,181)
(464,153,181) ; (510,179,219)
(283,181,144) ; (392,231,187)
(173,116,148) ; (258,175,170)
(173,88,148) ; (228,115,183)
(317,69,151) ; (414,107,210)
(0,195,162) ; (92,233,219)
(0,134,162) ; (93,195,215)
(0,72,163) ; (68,122,191)
(173,116,170) ; (258,175,192)
(173,187,171) ; (255,231,220)
(198,0,178) ; (272,49,220)
(61,0,179) ; (96,67,210)
(364,125,180) ; (394,175,219)
(418,0,181) ; (485,31,216)
(420,31,181) ; (485,67,208)
(310,184,187) ; (392,231,218)
(313,0,192) ; (414,59,220)
(173,122,192) ; (244,175,220)
(398,126,196) ; (458,179,218)
