0.0981
22 2201
587 233 220
100
1 73 0  56 0  28 1 1
2 39 1  78 0  67 1 1
3 104 1  67 1  67 1 1
4 81 1  72 1  63 1 1
5 92 1  60 1  61 1 1
6 43 1  93 0  58 1 1
7 84 0  74 0  30 1 1
8 38 1  82 0  42 1 1
9 103 0  73 0  26 1 1
10 110 0  77 1  54 1 1
11 33 1  57 1  72 0 1
12 80 1  86 1  79 1 1
13 93 1  58 1  74 1 2
14 63 0  30 1  31 1 1
15 86 1  75 1  79 1 1
16 85 1  76 1  70 1 1
17 64 1  71 1  67 1 1
18 51 1  35 1  35 1 1
19 42 1  38 1  65 1 1
20 67 0  42 1  32 1 1
21 31 1  82 0  51 1 1
22 117 1  96 1  59 1 1
23 35 1  90 0  66 1 2
24 77 1  85 1  47 1 1
25 62 0  28 1  80 0 2
26 100 1  76 1  51 1 1
27 117 0  40 1  54 1 1
28 59 0  32 1  26 1 2
29 110 1  100 1  75 1 1
30 57 0  58 0  28 1 1
31 76 1  53 1  66 1 1
32 46 1  73 1  77 1 1
33 66 1  78 1  49 1 1
34 83 0  52 1  27 1 1
35 111 0  42 1  56 1 1
36 31 1  98 0  58 1 1
37 92 1  60 1  66 1 2
38 113 0  87 0  37 1 1
39 64 1  82 1  50 1 1
40 57 1  35 1  53 1 3
41 98 0  88 0  23 1 1
42 98 0  31 1  72 0 1
43 107 0  33 1  74 0 1
44 99 0  51 1  28 1 1
45 68 0  31 1  68 0 2
46 35 1  98 0  69 1 2
47 91 0  77 0  24 1 1
48 51 1  45 1  40 1 1
49 120 1  72 1  75 1 1
50 53 1  53 1  47 1 1
51 69 1  80 0  35 1 1
52 42 1  75 1  70 1 1
53 59 1  33 1  67 0 1
54 35 1  36 1  78 0 1
55 33 1  84 0  68 0 1
56 49 1  87 0  34 1 1
57 99 1  53 1  73 1 1
58 105 0  57 1  36 1 1
59 61 1  63 1  50 1 1
60 83 1  54 1  53 1 1
61 108 0  96 1  50 1 1
62 108 0  48 1  30 1 1
63 100 1  52 1  52 1 1
64 83 0  100 0  23 1 1
65 72 1  68 1  73 1 2
66 58 1  49 1  54 1 1
67 96 1  56 1  71 1 1
68 85 0  32 1  46 1 1
69 52 1  72 1  59 1 1
70 87 0  97 0  20 1 2
71 35 1  85 0  25 1 1
72 72 0  72 0  20 1 2
73 84 1  63 1  54 1 1
74 58 1  84 1  60 1 1
75 116 0  85 1  52 1 1
76 78 1  88 1  74 1 1
77 40 1  31 1  59 1 1
78 117 0  57 1  66 1 1
79 94 0  34 1  62 1 1
80 116 0  87 0  37 1 1
81 78 0  46 0  22 1 2
82 72 0  44 1  31 1 1
83 58 1  37 1  53 1 1
84 119 1  67 1  76 1 1
85 41 1  69 1  36 1 2
86 63 0  26 1  46 1 2
87 59 1  48 1  58 1 2
88 61 1  87 1  65 1 1
89 54 0  84 0  26 1 1
90 85 0  92 0  31 1 1
91 62 1  98 1  54 1 2
92 118 1  97 1  63 1 2
93 58 1  95 1  72 1 1
94 61 1  93 1  52 1 2
95 51 1  88 1  67 1 1
96 53 1  49 1  50 1 1
97 76 0  30 1  35 1 1
98 95 0  32 1  75 0 1
99 74 1  93 1  73 1 1
100 90 0  33 1  70 0 2
(131,93,140) ; (0,0,0)
(100,76,214) ; (487,0,0)
(86,80,220) ; (0,153,0)
(118,97,185) ; (469,136,0)
(118,58,114) ; (469,76,0)
(95,58,189) ; (0,95,0)
(72,73,217) ; (86,160,0)
(67,76,172) ; (420,0,0)
(108,98,112) ; (361,135,0)
(131,78,117) ; (131,0,0)
(93,61,164) ; (158,172,0)
(72,75,162) ; (348,0,0)
(67,67,175) ; (95,93,0)
(105,59,108) ; (364,76,0)
(66,92,130) ; (162,80,0)
(110,54,126) ; (251,179,0)
(85,116,106) ; (263,0,0)
(87,61,65) ; (274,118,0)
(35,85,25) ; (228,87,0)
(35,80,69) ; (228,92,25)
(84,60,58) ; (277,119,65)
(33,67,59) ; (228,105,94)
(81,72,63) ; (265,0,106)
(82,42,38) ; (264,72,106)
(100,52,80) ; (369,76,108)
(74,88,108) ; (395,143,112)
(34,94,62) ; (361,137,112)
(117,54,40) ; (469,76,114)
(98,72,100) ; (131,0,117)
(33,72,57) ; (229,0,117)
(71,56,96) ; (290,123,123)
(67,51,88) ; (292,181,126)
(40,51,45) ; (251,181,126)
(64,82,50) ; (162,88,130)
(116,87,74) ; (0,0,140)
(78,39,67) ; (268,72,144)
(32,59,66) ; (228,113,153)
(114,53,35) ; (472,76,154)
(68,68,31) ; (350,0,162)
(87,34,49) ; (158,199,164)
(83,27,52) ; (158,172,164)
(63,61,50) ; (283,0,169)
(35,51,35) ; (251,181,171)
(31,72,44) ; (455,0,172)
(32,67,42) ; (423,0,172)
(32,85,46) ; (363,146,174)
(26,63,46) ; (229,0,174)
(38,65,42) ; (95,95,175)
(26,59,32) ; (133,101,175)
(62,80,28) ; (162,90,180)
(85,92,31) ; (501,140,185)
(31,63,30) ; (470,169,185)
(82,51,31) ; (386,76,188)
(108,48,30) ; (478,76,189)
(84,54,26) ; (0,99,189)
(63,46,26) ; (355,0,193)
