0.0931
35 3501
587 233 220
100
1 113 1  69 1  80 1 1
2 36 1  38 1  63 1 2
3 102 0  54 0  26 1 1
4 92 1  87 1  53 1 2
5 46 1  98 0  77 1 1
6 57 0  82 0  27 1 1
7 57 1  52 1  76 1 1
8 97 0  51 1  42 1 1
9 113 0  36 1  41 1 1
10 70 1  51 1  40 1 1
11 61 0  88 0  23 1 2
12 97 0  49 1  29 1 1
13 94 1  49 1  70 1 1
14 73 1  45 1  44 1 1
15 41 1  34 1  27 1 2
16 98 0  32 1  61 1 1
17 102 1  90 1  55 1 1
18 43 1  37 1  59 1 2
19 117 0  51 1  63 1 2
20 114 0  25 1  71 0 1
21 53 1  34 1  67 1 2
22 117 0  44 1  41 1 1
23 52 0  28 1  24 1 1
24 106 1  61 1  77 1 3
25 46 1  79 0  31 1 1
26 82 0  66 1  35 1 3
27 53 1  38 1  39 1 1
28 56 1  96 1  74 1 1
29 72 1  77 1  76 1 3
30 75 0  48 1  34 1 1
31 80 0  42 1  36 1 1
32 99 0  27 1  21 1 1
33 65 1  76 0  34 1 1
34 104 0  98 0  23 1 2
35 41 0  80 0  20 1 1
36 92 0  94 0  23 1 1
37 48 1  95 0  40 1 1
38 98 1  77 1  70 1 1
39 38 1  99 0  72 1 1
40 78 1  96 1  71 1 1
41 94 0  94 0  28 1 2
42 63 1  96 1  66 1 1
43 108 0  52 1  76 1 1
44 72 1  61 1  49 1 1
45 37 1  84 0  68 1 1
46 68 0  70 0  22 1 4
47 50 1  26 1  73 0 1
48 73 1  93 1  74 1 1
49 113 0  56 1  68 1 2
50 59 1  33 1  35 1 2
51 66 0  100 0  30 1 1
52 102 0  99 0  37 1 1
53 35 1  96 0  80 0 1
54 33 1  94 0  41 1 1
55 81 0  39 1  40 1 1
56 120 0  92 0  25 1 1
57 59 1  83 1  78 1 1
58 66 0  25 1  36 1 1
59 39 1  65 1  74 1 1
60 57 1  45 1  67 1 1
61 37 1  79 0  31 1 1
62 83 1  93 0  45 1 1
63 46 1  45 1  49 1 2
64 88 1  64 1  58 1 2
65 66 1  54 1  76 1 1
66 97 0  42 1  39 1 3
67 83 1  67 1  78 1 1
68 74 0  61 0  30 1 2
69 86 1  94 1  65 1 2
70 90 0  26 1  59 0 1
71 96 1  66 1  61 1 2
72 77 1  53 1  79 1 1
73 31 1  32 1  42 1 2
74 34 1  58 1  64 1 1
75 56 1  46 1  55 1 1
76 104 1  55 1  63 1 1
77 108 0  71 0  30 1 1
78 31 1  95 0  72 0 1
79 44 1  74 1  59 1 1
80 103 0  41 1  39 1 1
81 108 0  80 0  30 1 1
82 43 1  71 1  42 1 1
83 86 0  71 0  30 1 1
84 62 0  31 1  58 1 1
85 82 0  98 0  23 1 2
86 52 1  56 1  70 1 1
87 117 0  66 0  24 1 1
88 32 1  32 1  65 0 3
89 34 1  64 0  26 1 1
90 115 0  49 1  25 1 1
91 47 1  83 1  48 1 1
92 55 1  69 1  46 1 1
93 83 0  31 1  47 1 2
94 39 1  32 1  23 1 1
95 88 1  69 1  72 1 1
96 49 1  33 1  69 0 1
97 116 0  63 1  36 1 2
98 32 1  81 0  29 1 1
99 79 1  46 1  59 1 3
100 93 1  61 1  55 1 1
(0,0,0) ; (72,76,77)
(72,0,0) ; (144,76,77)
(144,0,0) ; (216,76,77)
(0,79,0) ; (63,117,36)
(0,117,0) ; (63,233,36)
(0,79,36) ; (63,117,72)
(0,117,36) ; (63,233,72)
(0,79,72) ; (61,156,178)
(0,156,72) ; (61,233,178)
(405,0,0) ; (501,66,61)
(501,0,0) ; (587,65,94)
(405,0,61) ; (501,66,122)
(501,0,94) ; (587,65,188)
(405,0,122) ; (501,63,188)
(381,135,0) ; (432,232,42)
(432,135,0) ; (471,232,42)
(471,135,0) ; (510,232,42)
(510,135,0) ; (587,233,46)
(381,135,42) ; (437,231,116)
(437,135,42) ; (510,228,116)
(510,135,46) ; (587,233,116)
(63,76,0) ; (167,174,23)
(167,76,0) ; (212,125,46)
(167,125,0) ; (212,174,46)
(212,76,0) ; (294,174,23)
(63,174,0) ; (142,233,46)
(142,174,0) ; (221,233,46)
(221,174,0) ; (300,233,46)
(63,76,23) ; (167,174,46)
(212,76,23) ; (294,174,46)
(474,66,0) ; (587,135,80)
(474,66,80) ; (587,134,136)
(390,66,0) ; (474,134,37)
(390,66,37) ; (473,133,115)
(283,0,0) ; (371,64,58)
(371,0,0) ; (405,64,58)
(283,0,58) ; (371,64,116)
(371,0,58) ; (402,62,116)
(301,137,0) ; (381,233,35)
(301,137,35) ; (379,233,106)
(216,0,0) ; (282,76,54)
(216,0,54) ; (281,76,88)
(302,64,0) ; (390,133,72)
(63,180,46) ; (155,233,133)
(155,180,46) ; (247,233,133)
(63,76,46) ; (180,127,109)
(63,127,46) ; (180,178,109)
(180,76,46) ; (235,180,109)
(247,150,46) ; (294,233,94)
(247,150,94) ; (294,233,125)
(235,76,46) ; (294,113,89)
(235,113,46) ; (294,150,89)
(235,76,89) ; (294,150,133)
(235,76,133) ; (294,111,166)
(235,111,133) ; (294,146,166)
(335,64,72) ; (390,133,118)
(302,64,72) ; (335,133,121)
(0,0,77) ; (57,76,129)
(57,0,77) ; (165,76,129)
(165,0,77) ; (213,75,111)
(216,0,88) ; (281,74,127)
(306,188,106) ; (379,233,150)
(309,137,106) ; (379,188,146)
(63,76,109) ; (162,178,146)
(162,79,109) ; (234,178,147)
(165,0,111) ; (208,71,153)
(391,66,115) ; (473,132,150)
(391,66,150) ; (473,132,185)
(391,66,185) ; (473,132,220)
(532,138,116) ; (587,228,218)
(449,135,116) ; (532,228,161)
(388,135,116) ; (449,228,171)
(296,0,116) ; (402,61,193)
(337,64,118) ; (390,98,185)
(337,98,118) ; (390,132,185)
(303,64,121) ; (335,129,153)
(303,64,153) ; (335,129,185)
(303,64,185) ; (335,129,217)
(247,150,125) ; (294,233,156)
(216,0,127) ; (277,74,157)
(216,0,157) ; (277,74,187)
(0,0,129) ; (68,70,151)
(0,0,151) ; (68,70,173)
(0,0,173) ; (68,70,195)
(0,0,195) ; (68,70,217)
(68,0,129) ; (162,70,178)
(63,192,133) ; (166,233,172)
(166,180,133) ; (245,233,210)
(474,66,136) ; (587,134,192)
(63,84,146) ; (157,178,174)
(318,139,146) ; (379,188,218)
(162,83,147) ; (234,178,178)
(312,188,150) ; (379,233,207)
(165,0,153) ; (207,31,185)
(165,0,185) ; (207,31,217)
(165,31,153) ; (204,69,206)
(247,154,156) ; (293,233,187)
(449,150,161) ; (532,228,220)
(235,76,166) ; (291,146,218)
(388,140,171) ; (449,228,194)
(388,140,194) ; (449,228,217)
(63,193,172) ; (158,233,220)
(63,123,174) ; (119,178,220)
(63,84,174) ; (144,123,214)
(119,124,174) ; (153,151,215)
(119,151,174) ; (153,178,215)
(0,136,178) ; (39,233,220)
(39,134,178) ; (60,233,205)
(68,0,178) ; (162,33,219)
(0,79,178) ; (24,131,206)
(68,33,178) ; (148,69,220)
(24,79,178) ; (56,118,201)
(162,92,178) ; (233,178,208)
(354,64,185) ; (390,130,210)
(216,0,187) ; (266,73,213)
(247,154,187) ; (284,233,218)
(489,0,188) ; (587,61,220)
(408,0,188) ; (489,29,220)
(425,29,188) ; (489,63,214)
(497,66,192) ; (587,125,218)
(300,0,193) ; (402,54,219)
