0.0926
90 9001
587 233 220
100
1 34 1  65 0  26 1 2
2 100 0  91 0  33 1 2
3 87 0  27 1  45 1 1
4 53 1  48 1  45 1 1
5 45 1  77 0  36 1 1
6 89 0  41 1  56 1 1
7 112 0  55 1  35 1 1
8 53 1  46 1  59 1 1
9 65 0  35 1  20 1 1
10 114 0  98 0  44 1 1
11 119 0  48 1  70 1 1
12 103 1  80 1  73 1 1
13 55 1  80 1  60 1 2
14 37 1  100 0  58 1 2
15 112 0  35 1  29 1 1
16 105 1  66 1  57 1 1
17 56 1  71 0  29 1 2
18 57 0  81 0  28 1 3
19 61 1  91 0  43 1 1
20 39 1  32 1  35 1 1
21 47 1  26 1  77 0 1
22 98 1  81 1  76 1 2
23 92 1  72 1  47 1 1
24 66 0  25 1  28 1 1
25 82 0  73 0  30 1 1
26 33 1  67 0  60 1 1
27 76 1  60 1  69 1 1
28 95 1  75 1  61 1 1
29 70 0  27 1  20 1 1
30 77 0  97 0  37 1 1
31 66 1  88 1  54 1 1
32 96 0  73 0  20 1 1
33 72 0  26 1  69 0 2
34 33 1  74 0  48 1 2
35 111 0  55 1  41 1 3
36 48 1  37 1  69 1 2
37 50 1  69 1  46 1 1
38 52 1  29 1  48 1 1
39 42 1  74 1  55 1 1
40 70 1  78 1  69 1 1
41 77 1  55 1  54 1 1
42 78 1  43 1  63 1 1
43 91 0  99 0  23 1 1
44 68 1  82 1  42 1 2
45 107 0  51 1  33 1 1
46 54 1  49 1  70 1 1
47 57 1  100 1  70 1 1
48 32 1  38 1  40 1 1
49 62 1  88 1  53 1 2
50 48 1  28 1  69 0 1
51 38 1  76 0  44 1 1
52 65 1  39 1  37 1 1
53 106 0  65 1  44 1 1
54 96 0  49 1  31 1 1
55 71 1  67 1  69 1 1
56 83 0  32 1  46 1 1
57 62 1  61 1  67 1 1
58 90 1  53 1  58 1 1
59 104 1  75 1  61 1 2
60 108 0  37 1  78 0 1
61 58 0  26 1  65 0 1
62 43 1  90 0  59 1 1
63 77 1  81 1  62 1 1
64 91 1  62 1  60 1 3
65 70 0  36 1  24 1 1
66 112 0  95 0  39 1 2
67 109 0  38 1  29 1 1
68 116 0  78 0  24 1 2
69 83 1  83 1  54 1 1
70 59 0  72 0  29 1 1
71 100 1  53 1  64 1 3
72 110 0  40 1  73 1 1
73 46 1  69 1  36 1 2
74 39 1  61 0  22 1 1
75 110 0  90 1  53 1 1
76 81 1  90 1  78 1 2
77 67 0  42 1  30 1 2
78 58 1  37 1  79 0 1
79 94 0  27 1  62 0 2
80 95 1  77 1  76 1 1
81 100 0  38 1  46 1 2
82 43 1  52 1  62 1 1
83 67 1  75 1  79 1 2
84 49 1  71 1  61 1 2
85 37 1  81 0  80 0 3
86 108 0  54 1  65 1 1
87 97 0  31 1  44 1 1
88 53 1  30 1  63 0 1
89 110 0  37 1  44 1 1
90 86 0  26 1  26 1 1
91 98 0  25 1  68 0 1
92 98 0  95 0  36 1 1
93 101 0  89 0  30 1 1
94 63 1  64 1  33 1 1
95 62 0  88 0  24 1 1
96 84 0  37 1  72 1 1
97 30 1  41 1  71 0 2
98 32 1  53 1  34 1 1
99 49 1  82 0  26 1 1
100 43 1  94 0  22 1 1
(0,0,0) ; (98,76,81)
(0,76,0) ; (98,152,81)
(0,0,81) ; (98,114,125)
(0,114,81) ; (97,145,125)
(527,0,0) ; (587,91,62)
(527,0,62) ; (587,91,124)
(527,0,124) ; (586,90,167)
(527,0,167) ; (585,90,220)
(526,91,0) ; (587,162,49)
(526,162,0) ; (587,233,49)
(526,91,49) ; (587,158,111)
(526,158,49) ; (587,233,153)
(526,91,111) ; (556,158,153)
(556,91,111) ; (586,158,153)
(0,152,0) ; (90,233,78)
(90,152,0) ; (180,233,78)
(0,152,78) ; (57,233,106)
(57,152,78) ; (114,233,106)
(114,152,78) ; (171,233,106)
(427,0,0) ; (527,64,53)
(427,0,53) ; (527,64,106)
(427,0,106) ; (527,64,159)
(427,0,159) ; (527,58,196)
(415,178,0) ; (526,233,41)
(415,178,41) ; (526,233,82)
(415,178,82) ; (526,233,123)
(415,178,123) ; (525,231,213)
(98,0,0) ; (177,75,67)
(98,75,0) ; (177,150,67)
(98,0,67) ; (176,116,91)
(98,116,67) ; (172,149,115)
(98,0,91) ; (176,116,115)
(431,66,0) ; (526,178,39)
(431,66,39) ; (526,178,78)
(355,0,0) ; (391,69,46)
(391,0,0) ; (427,69,46)
(355,0,46) ; (427,69,72)
(355,0,72) ; (426,69,139)
(355,0,139) ; (425,69,217)
(353,180,0) ; (415,233,88)
(353,180,88) ; (415,233,176)
(353,180,176) ; (415,232,219)
(177,0,0) ; (272,77,76)
(177,0,76) ; (272,75,137)
(180,133,0) ; (271,233,33)
(180,133,33) ; (271,233,66)
(180,133,66) ; (271,232,89)
(366,70,0) ; (431,178,54)
(366,70,54) ; (431,176,98)
(273,0,0) ; (355,73,30)
(273,0,30) ; (353,73,133)
(273,178,0) ; (353,233,60)
(273,178,60) ; (353,233,120)
(273,178,120) ; (350,232,175)
(177,77,0) ; (248,133,29)
(177,77,29) ; (248,133,58)
(309,73,0) ; (366,178,66)
(248,77,0) ; (307,130,46)
(271,130,0) ; (308,178,69)
(248,77,46) ; (294,127,115)
(177,77,58) ; (247,131,107)
(309,78,66) ; (366,178,136)
(271,130,69) ; (308,178,138)
(457,66,78) ; (486,178,113)
(486,66,78) ; (526,176,151)
(457,66,113) ; (486,175,151)
(431,96,78) ; (457,178,127)
(180,170,89) ; (271,232,149)
(180,170,149) ; (268,232,173)
(180,133,89) ; (264,170,161)
(370,72,98) ; (431,176,173)
(0,152,106) ; (80,233,143)
(0,152,143) ; (80,233,180)
(0,152,180) ; (80,233,217)
(80,152,106) ; (142,233,183)
(142,164,106) ; (170,233,154)
(142,164,154) ; (170,230,179)
(177,77,107) ; (243,131,195)
(98,0,115) ; (168,119,163)
(98,119,115) ; (169,149,156)
(248,77,115) ; (293,125,168)
(0,0,125) ; (95,98,161)
(0,98,125) ; (92,145,197)
(431,101,127) ; (457,178,174)
(277,0,133) ; (353,69,193)
(277,0,193) ; (349,69,219)
(312,95,136) ; (366,178,219)
(177,0,137) ; (219,68,219)
(219,0,137) ; (261,68,219)
(271,139,138) ; (306,178,170)
(458,77,151) ; (526,175,176)
(527,161,153) ; (586,233,182)
(526,94,153) ; (586,161,186)
(98,119,156) ; (169,149,197)
(0,0,161) ; (62,94,188)
(0,0,188) ; (62,94,215)
(62,0,161) ; (93,96,210)
(180,133,161) ; (259,170,219)
(98,0,163) ; (133,112,218)
(133,0,163) ; (166,107,214)
(248,77,168) ; (277,125,220)
(271,140,170) ; (303,178,210)
(180,200,173) ; (263,232,219)
(393,76,173) ; (431,176,219)
(180,173,173) ; (267,200,218)
(371,82,173) ; (393,176,216)
(431,113,174) ; (457,178,208)
(274,194,175) ; (350,232,219)
(465,84,176) ; (526,175,219)
(142,165,179) ; (168,230,213)
(533,170,182) ; (586,233,212)
(80,156,183) ; (125,233,219)
(528,96,186) ; (586,161,212)
(177,77,195) ; (238,116,217)
(457,0,196) ; (527,36,220)
(0,110,197) ; (65,145,217)
(98,122,197) ; (168,149,217)
