0.1125
7 701
587 233 220
100
1 88 1  72 1  54 1 1
2 69 0  96 0  23 1 1
3 84 1  99 1  55 1 1
4 89 0  84 0  40 1 1
5 41 1  33 1  72 0 2
6 52 0  25 1  49 1 1
7 85 0  87 0  39 1 2
8 45 1  59 0  29 1 1
9 88 0  93 0  33 1 1
10 115 0  28 1  75 0 1
11 93 1  100 1  73 1 1
12 87 0  76 0  26 1 2
13 98 0  27 1  65 0 1
14 107 0  60 0  23 1 1
15 51 0  36 1  22 1 1
16 72 1  80 1  71 1 1
17 50 1  81 1  76 1 1
18 107 1  82 1  69 1 1
19 120 0  48 1  26 1 1
20 77 0  26 1  21 1 1
21 70 1  80 1  41 1 1
22 44 1  57 1  60 1 2
23 57 1  82 1  47 1 1
24 34 1  87 0  35 1 1
25 89 1  53 1  64 1 1
26 89 1  65 1  78 1 1
27 87 1  84 1  68 1 1
28 54 1  76 1  44 1 1
29 79 1  50 1  44 1 1
30 104 0  31 1  67 0 1
31 44 1  70 1  36 1 1
32 83 0  36 1  52 1 1
33 43 1  43 1  55 1 1
34 68 0  46 0  22 1 1
35 90 0  44 1  33 1 2
36 120 0  29 1  22 1 1
37 106 0  35 1  20 1 1
38 50 1  46 1  44 1 1
39 75 1  98 0  46 1 1
40 111 0  63 1  36 1 2
41 62 1  79 1  73 1 2
42 44 1  85 0  28 1 1
43 62 1  89 0  33 1 1
44 108 1  61 1  72 1 1
45 116 0  68 0  26 1 2
46 33 1  89 0  24 1 1
47 84 1  76 1  55 1 1
48 52 1  36 1  53 1 1
49 68 1  76 1  73 1 1
50 95 1  65 1  57 1 1
51 52 1  66 1  72 1 1
52 108 1  90 1  76 1 1
53 111 0  32 1  52 1 1
54 36 1  85 0  27 1 1
55 30 1  41 1  77 0 1
56 117 1  78 1  63 1 2
57 82 1  86 1  45 1 2
58 74 1  80 1  73 1 1
59 80 1  96 0  48 1 1
60 113 0  98 1  55 1 1
61 119 0  94 0  23 1 2
62 112 0  84 0  26 1 1
63 92 0  63 1  42 1 1
64 88 0  66 1  43 1 1
65 84 0  70 0  32 1 1
66 67 0  93 0  28 1 2
67 73 0  64 0  30 1 1
68 103 0  25 1  40 1 1
69 88 0  41 1  24 1 1
70 73 1  83 1  65 1 1
71 103 0  35 1  62 1 2
72 81 0  29 1  66 0 2
73 113 0  80 0  27 1 2
74 49 0  25 1  20 1 1
75 112 0  52 1  38 1 1
76 80 0  54 1  28 1 1
77 100 0  50 1  53 1 1
78 81 0  75 0  30 1 1
79 63 1  98 1  54 1 1
80 84 0  32 1  55 1 1
81 82 1  55 1  70 1 1
82 41 1  72 0  34 1 2
83 95 1  72 1  64 1 1
84 34 1  94 0  70 0 1
85 117 0  47 1  62 1 1
86 110 0  98 0  37 1 1
87 115 0  45 1  39 1 1
88 95 0  69 0  32 1 3
89 92 0  31 1  72 0 2
90 67 1  92 1  65 1 1
91 83 1  83 1  47 1 1
92 85 0  89 0  23 1 2
93 63 1  92 1  60 1 1
94 61 1  71 1  58 1 1
95 118 0  67 1  43 1 2
96 88 0  66 0  26 1 1
97 99 1  92 1  78 1 1
98 103 0  91 0  26 1 1
99 46 1  95 0  78 1 1
100 76 0  30 1  53 1 1
(0,0,0) ; (93,73,100)
(0,0,100) ; (92,72,131)
(0,0,131) ; (92,72,162)
(525,0,0) ; (587,73,79)
(525,0,79) ; (587,73,158)
(525,0,158) ; (586,71,216)
(0,143,0) ; (84,232,40)
(84,143,0) ; (160,233,108)
(0,143,40) ; (84,230,108)
(524,77,0) ; (587,155,117)
(524,155,0) ; (587,233,117)
(404,0,0) ; (445,72,33)
(445,0,0) ; (525,73,74)
(404,0,33) ; (445,72,66)
(404,0,66) ; (445,70,146)
(445,0,74) ; (525,71,146)
(470,79,0) ; (524,167,72)
(470,167,0) ; (522,233,72)
(0,73,0) ; (107,142,82)
(0,73,82) ; (104,140,113)
(93,0,0) ; (204,36,63)
(93,36,0) ; (204,72,63)
(93,0,63) ; (201,72,124)
(205,148,0) ; (294,233,23)
(294,148,0) ; (383,233,23)
(383,148,0) ; (470,233,39)
(205,148,23) ; (281,232,78)
(281,148,23) ; (313,232,78)
(313,148,23) ; (383,230,78)
(383,148,39) ; (470,233,78)
(160,147,0) ; (205,233,82)
(160,147,82) ; (205,233,164)
(107,72,0) ; (203,141,23)
(107,72,23) ; (202,141,55)
(107,72,55) ; (202,141,87)
(107,72,87) ; (202,141,119)
(107,72,119) ; (200,139,147)
(207,0,0) ; (291,99,55)
(291,0,0) ; (404,98,55)
(406,73,0) ; (470,146,30)
(406,73,30) ; (470,145,125)
(308,102,0) ; (406,148,75)
(203,99,0) ; (299,147,80)
(207,0,55) ; (326,94,78)
(326,0,55) ; (404,95,101)
(207,0,78) ; (326,94,101)
(472,189,72) ; (522,233,151)
(472,189,151) ; (522,233,197)
(470,84,72) ; (521,106,108)
(470,106,72) ; (522,189,108)
(316,104,75) ; (406,148,108)
(316,104,108) ; (406,148,141)
(285,150,78) ; (398,230,105)
(398,150,78) ; (442,226,132)
(442,150,78) ; (470,230,132)
(285,150,105) ; (398,230,132)
(205,149,78) ; (281,230,128)
(205,149,128) ; (280,230,158)
(203,100,80) ; (286,147,163)
(203,100,163) ; (285,147,220)
(240,0,101) ; (305,89,179)
(305,0,101) ; (404,92,179)
(207,0,101) ; (240,89,163)
(0,144,108) ; (118,187,175)
(0,187,108) ; (118,230,175)
(471,89,108) ; (521,189,161)
(118,153,108) ; (159,230,138)
(0,73,113) ; (92,138,180)
(524,141,117) ; (587,233,159)
(524,141,159) ; (587,233,219)
(533,77,117) ; (587,140,215)
(93,0,124) ; (196,35,186)
(93,35,124) ; (196,70,186)
(413,73,125) ; (470,138,220)
(296,150,132) ; (383,226,158)
(383,150,132) ; (470,226,158)
(118,158,138) ; (159,230,172)
(318,107,141) ; (406,148,165)
(449,0,146) ; (525,68,219)
(405,0,146) ; (449,70,182)
(107,72,147) ; (200,139,175)
(353,179,158) ; (470,226,220)
(350,150,158) ; (470,179,180)
(205,149,158) ; (271,230,187)
(205,149,187) ; (271,230,216)
(296,182,158) ; (353,226,218)
(298,157,158) ; (350,182,207)
(477,129,161) ; (521,189,218)
(472,89,161) ; (521,114,181)
(0,0,162) ; (89,64,215)
(207,0,163) ; (237,76,216)
(160,148,164) ; (204,233,192)
(354,112,165) ; (406,148,218)
(118,158,172) ; (159,230,206)
(0,191,175) ; (115,230,220)
(0,162,175) ; (59,191,220)
(59,148,175) ; (114,191,218)
(107,72,175) ; (195,138,218)
(311,0,179) ; (404,88,212)
(240,0,179) ; (310,84,211)
(0,73,180) ; (89,97,213)
(0,103,180) ; (87,138,214)
(367,154,180) ; (470,179,220)
(93,0,186) ; (187,70,220)
(160,148,192) ; (196,233,219)
