0.0951
16 1601
587 233 220
100
1 60 0  38 1  24 1 2
2 34 1  36 1  28 1 1
3 85 1  69 1  76 1 1
4 56 1  85 1  57 1 2
5 69 1  81 1  47 1 3
6 40 1  39 1  64 1 1
7 56 1  56 1  47 1 2
8 77 0  29 1  76 0 1
9 84 0  41 1  69 1 1
10 34 1  59 1  64 1 1
11 85 0  90 0  34 1 1
12 89 0  84 1  43 1 1
13 102 0  71 0  20 1 1
14 103 0  54 1  36 1 1
15 120 0  47 1  65 1 1
16 82 0  34 1  74 0 3
17 96 0  40 1  56 1 1
18 96 0  55 0  25 1 1
19 67 1  43 1  42 1 1
20 31 1  52 0  21 1 2
21 75 1  62 1  72 1 2
22 120 0  61 0  25 1 2
23 45 1  30 1  68 0 1
24 118 1  77 1  66 1 1
25 100 0  82 0  22 1 1
26 36 1  48 1  50 1 1
27 56 0  27 1  23 1 1
28 107 0  29 1  31 1 1
29 35 1  70 0  21 1 1
30 80 0  67 0  24 1 1
31 81 1  75 1  66 1 2
32 68 0  91 0  24 1 2
33 100 0  67 0  32 1 2
34 49 1  63 0  27 1 1
35 87 1  48 1  44 1 1
36 71 0  33 1  53 1 1
37 67 1  34 1  37 1 1
38 46 1  96 0  24 1 2
39 35 1  73 0  71 0 1
40 36 1  87 0  45 1 3
41 51 1  82 1  53 1 1
42 117 0  77 1  50 1 2
43 94 0  41 1  61 1 2
44 35 1  52 0  23 1 1
45 49 1  63 1  80 1 1
46 100 0  37 1  33 1 1
47 73 1  58 1  55 1 2
48 73 1  82 1  62 1 1
49 37 1  47 1  62 1 1
50 94 1  64 1  77 1 1
51 63 1  100 0  50 1 2
52 97 0  39 1  31 1 1
53 50 1  87 0  29 1 1
54 83 0  96 0  29 1 2
55 65 1  58 1  79 1 1
56 65 1  47 1  64 1 2
57 91 1  86 1  74 1 1
58 41 1  40 1  51 1 1
59 101 1  98 1  69 1 1
60 39 1  45 1  72 1 1
61 106 0  31 1  61 1 1
62 117 0  30 1  25 1 1
63 74 0  92 0  28 1 1
64 63 0  81 0  25 1 1
65 49 0  34 1  20 1 1
66 107 0  50 1  42 1 1
67 96 1  79 1  63 1 2
68 107 0  68 1  37 1 1
69 119 0  74 0  35 1 2
70 84 0  25 1  41 1 1
71 98 0  42 1  25 1 1
72 109 0  48 1  79 1 1
73 113 0  34 1  53 1 1
74 31 1  93 0  48 1 1
75 119 0  56 1  68 1 1
76 108 0  99 1  53 1 1
77 31 1  36 1  80 0 1
78 75 1  54 1  62 1 2
79 103 0  56 1  38 1 3
80 120 0  98 1  56 1 1
81 64 1  51 1  51 1 1
82 57 1  66 1  54 1 2
83 94 0  38 1  77 0 3
84 49 1  28 1  68 0 1
85 84 0  31 1  36 1 1
86 106 0  98 0  43 1 1
87 96 0  38 1  74 1 1
88 117 0  48 1  62 1 1
89 105 0  40 1  34 1 1
90 40 1  55 1  47 1 1
91 61 0  84 0  29 1 1
92 78 0  25 1  25 1 2
93 88 0  84 0  39 1 2
94 44 1  68 1  80 1 1
95 33 1  81 0  35 1 1
96 74 0  40 1  27 1 2
97 118 1  63 1  78 1 2
98 48 1  67 1  51 1 1
99 87 0  96 0  23 1 1
100 51 1  47 1  74 1 2
(0,0,0) ; (77,94,64)
(0,0,64) ; (77,94,102)
(0,0,102) ; (77,94,140)
(0,0,140) ; (74,47,191)
(0,47,140) ; (74,94,191)
(0,0,191) ; (74,92,219)
(508,0,0) ; (587,96,63)
(508,96,0) ; (587,192,63)
(508,0,63) ; (585,66,181)
(508,66,63) ; (586,129,181)
(508,129,63) ; (586,192,181)
(508,0,181) ; (585,94,219)
(508,94,181) ; (582,190,219)
(0,97,0) ; (74,179,34)
(0,179,0) ; (75,233,62)
(0,97,34) ; (74,179,68)
(0,179,62) ; (75,233,124)
(0,97,68) ; (74,179,102)
(0,97,102) ; (73,179,164)
(0,179,124) ; (74,206,164)
(0,206,124) ; (74,233,164)
(503,192,0) ; (587,233,69)
(503,192,69) ; (587,233,94)
(75,177,0) ; (195,233,98)
(75,177,98) ; (194,233,166)
(75,177,166) ; (131,233,213)
(131,177,166) ; (187,233,213)
(77,0,0) ; (146,81,47)
(77,0,47) ; (146,81,94)
(77,0,94) ; (146,81,141)
(77,0,141) ; (143,81,216)
(422,0,0) ; (508,91,74)
(422,0,74) ; (507,90,108)
(422,0,108) ; (506,89,151)
(333,177,0) ; (418,233,57)
(418,177,0) ; (503,233,57)
(333,177,57) ; (436,233,95)
(436,177,57) ; (502,231,114)
(333,177,95) ; (436,233,133)
(436,177,114) ; (502,231,171)
(333,177,133) ; (436,233,171)
(75,127,0) ; (192,177,77)
(75,127,77) ; (192,177,154)
(75,127,154) ; (192,175,216)
(412,94,0) ; (508,177,29)
(412,94,29) ; (508,177,58)
(412,94,58) ; (506,135,119)
(412,135,58) ; (506,176,119)
(146,0,0) ; (191,87,36)
(146,87,0) ; (191,126,72)
(191,0,0) ; (266,62,72)
(191,62,0) ; (266,124,72)
(146,0,36) ; (191,87,72)
(146,0,72) ; (266,61,97)
(146,61,72) ; (266,122,97)
(77,81,0) ; (145,126,30)
(77,81,30) ; (145,125,110)
(275,0,0) ; (375,67,32)
(375,0,0) ; (422,65,64)
(275,0,32) ; (375,67,64)
(195,128,0) ; (282,164,45)
(195,164,0) ; (280,233,76)
(195,128,45) ; (279,164,76)
(313,69,0) ; (412,177,53)
(313,69,53) ; (411,175,96)
(282,180,0) ; (333,233,82)
(282,180,82) ; (333,231,146)
(282,74,0) ; (313,180,61)
(282,74,61) ; (313,126,82)
(282,126,61) ; (313,178,82)
(322,0,64) ; (422,63,114)
(322,0,114) ; (422,63,164)
(275,0,64) ; (322,65,128)
(275,0,128) ; (322,62,165)
(195,145,76) ; (279,233,115)
(195,145,115) ; (279,233,154)
(282,81,82) ; (313,178,121)
(540,193,94) ; (587,233,149)
(503,199,94) ; (540,233,161)
(313,74,96) ; (411,175,165)
(146,0,97) ; (255,48,176)
(146,48,97) ; (265,122,132)
(146,48,132) ; (265,122,167)
(77,81,110) ; (144,124,152)
(440,95,119) ; (506,176,194)
(440,95,194) ; (503,176,219)
(412,108,119) ; (440,176,168)
(282,85,121) ; (313,178,169)
(285,180,146) ; (333,231,213)
(548,193,149) ; (587,233,213)
(427,0,151) ; (506,58,216)
(426,58,151) ; (506,89,187)
(77,81,152) ; (141,115,211)
(195,184,154) ; (275,233,217)
(195,149,154) ; (276,184,187)
(504,199,161) ; (540,233,189)
(0,117,164) ; (73,175,219)
(0,175,164) ; (73,233,219)
(0,97,164) ; (49,117,198)
(326,0,164) ; (422,40,220)
(352,40,164) ; (422,61,199)
(313,78,165) ; (409,133,190)
(313,133,165) ; (411,175,190)
(284,0,165) ; (322,60,189)
(146,48,167) ; (259,82,220)
(146,82,167) ; (217,115,220)
(217,82,167) ; (258,122,218)
(413,113,168) ; (440,176,217)
(284,91,169) ; (313,178,219)
(395,181,171) ; (502,231,213)
(359,181,171) ; (395,231,219)
(336,179,171) ; (359,231,206)
(146,0,176) ; (233,48,220)
(428,58,187) ; (506,83,212)
(195,159,187) ; (273,184,212)
(284,0,189) ; (322,60,213)
(313,83,190) ; (409,129,214)
(313,129,190) ; (409,175,214)
