0.1118
60 6001
587 233 220
100
1 98 0  74 1  44 1 2
2 63 0  75 0  29 1 1
3 48 1  65 1  75 1 2
4 37 1  42 1  27 1 1
5 42 1  42 1  75 1 1
6 71 1  69 1  73 1 1
7 77 0  44 1  28 1 1
8 55 1  97 0  34 1 1
9 119 1  65 1  63 1 1
10 66 1  65 1  40 1 1
11 44 1  80 0  40 1 1
12 43 1  69 1  77 1 1
13 68 1  45 1  41 1 1
14 64 1  94 0  33 1 1
15 120 0  83 1  50 1 1
16 45 1  65 1  48 1 1
17 105 1  57 1  56 1 1
18 32 1  95 0  53 1 1
19 46 1  67 1  78 1 1
20 42 1  60 1  32 1 1
21 87 1  58 1  52 1 1
22 100 1  90 1  65 1 1
23 57 1  69 0  30 1 1
24 60 1  99 0  48 1 1
25 79 1  71 1  53 1 1
26 88 0  77 1  44 1 1
27 64 1  60 1  74 1 1
28 115 0  79 0  23 1 1
29 36 1  59 1  59 1 1
30 64 0  79 0  26 1 1
31 101 1  54 1  80 1 1
32 33 1  95 0  61 1 1
33 113 0  55 1  43 1 1
34 102 0  34 1  77 0 1
35 63 1  98 1  54 1 2
36 62 0  80 0  29 1 1
37 85 1  55 1  54 1 1
38 53 1  86 1  76 1 1
39 99 1  51 1  54 1 1
40 112 0  80 0  30 1 2
41 110 0  63 0  24 1 1
42 106 0  53 1  61 1 1
43 59 1  52 1  74 1 1
44 79 0  80 0  26 1 2
45 92 1  69 1  51 1 2
46 76 1  79 1  63 1 2
47 85 0  90 0  29 1 1
48 66 1  73 1  49 1 3
49 76 0  100 0  33 1 1
50 39 1  77 1  41 1 1
51 96 0  98 0  25 1 1
52 85 1  77 1  80 1 1
53 41 1  79 1  71 1 1
54 43 1  74 1  67 1 1
55 69 1  75 0  37 1 1
56 94 1  52 1  74 1 1
57 30 1  91 0  23 1 1
58 112 1  73 1  58 1 1
59 97 1  70 1  63 1 1
60 46 1  40 1  77 1 1
61 47 1  53 1  47 1 1
62 45 1  79 0  37 1 3
63 79 0  35 1  28 1 2
64 104 0  27 1  42 1 1
65 66 1  82 1  76 1 1
66 105 0  60 1  46 1 1
67 108 0  32 1  23 1 2
68 41 1  89 0  39 1 2
69 34 1  80 0  31 1 1
70 102 0  63 1  37 1 1
71 110 1  94 1  61 1 1
72 99 1  58 1  52 1 1
73 56 1  76 1  53 1 1
74 100 1  99 1  54 1 2
75 116 0  47 1  64 1 1
76 58 1  100 1  52 1 1
77 80 0  25 1  67 0 1
78 74 1  54 1  55 1 1
79 58 1  68 1  47 1 1
80 58 1  82 1  58 1 2
81 30 1  89 0  45 1 1
82 94 1  86 1  77 1 1
83 31 1  64 0  35 1 1
84 90 0  78 0  29 1 1
85 101 0  41 1  47 1 1
86 30 1  79 0  45 1 2
87 52 0  99 0  22 1 1
88 110 0  92 0  40 1 1
89 34 1  46 1  80 0 1
90 53 1  67 1  62 1 1
91 37 1  49 1  42 1 1
92 58 1  98 1  55 1 1
93 94 0  40 1  55 1 1
94 49 1  96 1  52 1 1
95 51 1  73 1  68 1 1
96 100 0  28 1  37 1 1
97 35 1  88 0  51 1 2
98 115 0  32 1  47 1 1
99 97 1  94 1  50 1 1
100 111 1  100 1  72 1 2
(0,0,0) ; (54,100,99)
(0,0,99) ; (54,99,150)
(0,0,150) ; (52,99,172)
(487,0,0) ; (587,111,72)
(487,0,72) ; (586,58,124)
(487,58,72) ; (587,110,130)
(487,0,124) ; (585,58,179)
(487,58,130) ; (583,110,179)
(0,156,0) ; (79,232,63)
(79,156,0) ; (159,187,34)
(79,187,0) ; (159,233,34)
(79,156,34) ; (159,233,119)
(0,156,63) ; (79,232,126)
(79,156,119) ; (122,233,188)
(122,156,119) ; (159,231,188)
(0,156,126) ; (37,183,168)
(0,183,126) ; (37,232,168)
(37,156,126) ; (79,231,168)
(0,156,168) ; (79,193,213)
(0,193,168) ; (79,230,213)
(79,156,188) ; (159,223,213)
(489,159,0) ; (587,233,44)
(489,159,44) ; (587,233,88)
(489,159,88) ; (586,193,143)
(489,193,88) ; (583,233,143)
(489,159,143) ; (583,233,195)
(54,0,0) ; (166,80,30)
(166,0,0) ; (211,79,30)
(54,0,30) ; (166,80,60)
(166,0,30) ; (211,79,60)
(54,0,60) ; (125,79,113)
(125,0,60) ; (211,77,154)
(54,0,113) ; (125,79,154)
(542,111,0) ; (587,159,65)
(0,102,0) ; (101,156,80)
(0,102,80) ; (100,156,179)
(377,160,0) ; (489,233,58)
(377,160,58) ; (488,232,158)
(395,0,0) ; (487,51,69)
(395,51,0) ; (487,102,69)
(395,0,69) ; (458,102,106)
(458,0,69) ; (486,100,106)
(395,0,106) ; (485,100,171)
(477,111,0) ; (542,159,75)
(477,111,75) ; (542,159,150)
(159,135,0) ; (222,233,54)
(222,135,0) ; (285,233,54)
(159,135,54) ; (223,229,87)
(223,135,54) ; (284,230,87)
(101,80,0) ; (154,156,86)
(101,80,86) ; (153,154,145)
(395,102,0) ; (477,160,58)
(395,102,58) ; (477,160,116)
(395,102,116) ; (474,130,151)
(395,130,116) ; (474,158,151)
(285,0,0) ; (395,61,94)
(285,0,94) ; (391,61,147)
(287,155,0) ; (377,233,29)
(287,155,29) ; (376,194,70)
(287,194,29) ; (376,233,70)
(287,155,70) ; (375,232,114)
(211,0,0) ; (284,69,71)
(211,0,71) ; (284,68,122)
(154,80,0) ; (209,134,85)
(285,61,0) ; (395,153,40)
(285,61,40) ; (393,93,63)
(285,93,40) ; (390,153,86)
(285,61,63) ; (393,93,86)
(211,69,0) ; (281,132,97)
(542,118,65) ; (587,159,133)
(154,80,85) ; (209,134,159)
(285,61,86) ; (390,118,142)
(302,118,86) ; (390,153,137)
(302,118,137) ; (390,153,188)
(159,135,87) ; (256,229,137)
(256,138,87) ; (279,229,117)
(211,69,97) ; (276,132,216)
(293,156,114) ; (375,232,180)
(211,0,122) ; (284,66,171)
(211,0,171) ; (284,66,220)
(548,118,133) ; (587,159,210)
(159,139,137) ; (244,229,166)
(337,61,142) ; (390,117,218)
(297,61,142) ; (337,107,219)
(101,88,145) ; (150,154,218)
(324,0,147) ; (391,53,209)
(288,0,147) ; (324,59,206)
(484,112,150) ; (542,159,218)
(396,112,151) ; (474,158,218)
(54,0,154) ; (169,32,201)
(54,32,154) ; (120,72,219)
(120,32,154) ; (199,77,191)
(169,0,154) ; (211,32,214)
(414,168,158) ; (488,232,218)
(384,163,158) ; (414,232,215)
(154,80,159) ; (201,133,206)
(159,149,166) ; (238,229,192)
(159,149,192) ; (238,229,218)
(425,0,171) ; (485,99,219)
(395,0,171) ; (425,89,216)
(0,0,172) ; (44,80,212)
(536,0,179) ; (583,101,220)
(494,0,179) ; (536,104,206)
(0,103,179) ; (95,156,211)
(295,170,180) ; (375,232,209)
(326,118,188) ; (390,153,219)
(120,32,191) ; (197,76,219)
