0.1017
75 7501
587 233 220
100
1 59 1  81 1  60 1 1
2 105 0  33 1  64 1 2
3 30 1  58 1  35 1 1
4 30 1  27 1  73 0 1
5 37 1  75 0  64 1 1
6 89 0  43 1  30 1 2
7 84 0  43 1  34 1 1
8 112 1  57 1  63 1 1
9 49 1  50 1  27 1 1
10 76 1  89 1  67 1 1
11 118 0  29 1  74 0 1
12 92 1  47 1  73 1 1
13 72 0  57 0  23 1 1
14 53 1  54 1  37 1 1
15 94 0  26 1  77 0 1
16 50 1  41 1  29 1 1
17 107 0  77 0  29 1 1
18 71 0  74 0  22 1 1
19 83 0  30 1  74 0 1
20 60 0  25 1  32 1 1
21 112 0  97 1  53 1 1
22 69 1  70 1  72 1 1
23 51 0  47 0  23 1 2
24 50 1  52 1  27 1 1
25 51 1  94 1  60 1 1
26 82 1  54 1  60 1 2
27 120 0  41 1  22 1 2
28 69 1  77 1  44 1 2
29 97 1  62 1  50 1 1
30 102 0  75 0  36 1 1
31 112 0  79 0  22 1 1
32 64 1  71 1  46 1 3
33 87 0  75 0  32 1 1
34 92 0  31 1  60 1 1
35 95 1  67 1  57 1 2
36 49 1  80 1  73 1 1
37 69 1  89 1  59 1 1
38 43 1  52 1  28 1 1
39 36 1  93 0  28 1 1
40 85 0  25 1  64 0 2
41 108 0  49 1  67 1 2
42 48 1  33 1  32 1 1
43 112 0  32 1  72 0 1
44 87 1  61 1  70 1 1
45 32 1  90 0  42 1 2
46 65 1  60 1  51 1 1
47 43 1  64 1  43 1 1
48 42 1  34 1  27 1 2
49 50 1  96 1  68 1 1
50 46 1  26 1  38 1 1
51 60 1  54 1  72 1 1
52 83 0  54 0  22 1 1
53 64 1  57 1  65 1 3
54 78 1  84 1  79 1 1
55 109 0  27 1  73 0 1
56 86 0  47 1  28 1 1
57 117 0  98 0  49 1 1
58 54 1  44 1  75 1 1
59 83 0  29 1  73 0 2
60 50 1  90 1  71 1 1
61 120 0  49 1  27 1 1
62 65 1  85 1  63 1 2
63 46 1  59 0  25 1 1
64 84 1  55 1  47 1 1
65 113 0  78 1  49 1 1
66 70 1  94 1  67 1 1
67 102 0  39 1  37 1 1
68 30 1  69 0  57 1 2
69 49 1  58 1  76 1 1
70 73 1  74 1  45 1 2
71 85 1  75 1  65 1 1
72 109 1  84 1  65 1 2
73 36 1  94 0  57 1 1
74 55 1  52 1  35 1 1
75 117 0  86 1  46 1 1
76 111 0  93 1  53 1 1
77 111 0  64 0  32 1 1
78 93 1  100 1  66 1 1
79 68 1  89 0  39 1 1
80 73 1  42 1  62 1 1
81 34 1  98 0  30 1 2
82 89 1  88 1  60 1 1
83 91 0  87 0  34 1 1
84 93 1  99 1  54 1 1
85 52 1  58 1  63 1 1
86 101 0  30 1  51 1 1
87 78 0  83 0  29 1 1
88 69 0  77 0  29 1 1
89 99 0  48 1  46 1 1
90 93 1  76 1  72 1 1
91 34 1  76 0  41 1 1
92 68 1  87 1  80 1 1
93 46 1  93 0  50 1 3
94 77 1  70 1  80 1 2
95 85 1  62 1  77 1 2
96 64 1  92 1  71 1 1
97 69 1  48 1  51 1 1
98 66 0  81 0  31 1 1
99 35 1  39 1  54 1 1
100 69 1  75 1  52 1 1
(0,0,0) ; (77,85,62)
(0,0,62) ; (77,85,124)
(0,0,124) ; (75,85,189)
(0,0,189) ; (74,83,219)
(522,0,0) ; (587,85,63)
(522,85,0) ; (587,170,63)
(522,0,63) ; (587,84,172)
(522,84,63) ; (587,168,172)
(522,0,172) ; (586,71,218)
(522,71,172) ; (586,142,218)
(522,142,172) ; (581,167,218)
(0,163,0) ; (77,233,80)
(0,163,80) ; (77,233,160)
(0,163,160) ; (75,232,212)
(529,170,0) ; (587,233,52)
(529,170,52) ; (586,233,164)
(370,173,0) ; (464,233,51)
(464,173,0) ; (529,233,51)
(370,173,51) ; (439,232,140)
(439,173,51) ; (527,233,140)
(427,0,0) ; (522,67,57)
(427,67,0) ; (522,134,57)
(427,134,0) ; (521,170,57)
(0,86,0) ; (69,163,44)
(0,86,44) ; (69,163,88)
(0,86,88) ; (69,163,117)
(0,86,117) ; (67,162,206)
(77,0,0) ; (143,100,93)
(143,0,0) ; (197,99,93)
(77,0,93) ; (194,98,142)
(77,180,0) ; (189,233,97)
(77,180,97) ; (188,233,190)
(77,102,0) ; (161,180,79)
(363,0,0) ; (427,57,65)
(363,57,0) ; (427,114,65)
(363,114,0) ; (427,171,65)
(189,183,0) ; (286,233,62)
(189,183,62) ; (285,233,130)
(189,183,130) ; (282,233,176)
(197,0,0) ; (269,69,70)
(269,0,0) ; (363,67,70)
(161,103,0) ; (255,180,26)
(161,103,26) ; (254,179,98)
(288,173,0) ; (370,233,54)
(288,173,54) ; (370,233,108)
(197,69,0) ; (302,102,64)
(255,106,0) ; (363,173,49)
(255,106,49) ; (363,173,98)
(309,69,0) ; (363,106,53)
(309,69,53) ; (363,104,92)
(428,0,57) ; (521,50,103)
(428,0,103) ; (521,50,149)
(428,0,149) ; (518,50,220)
(432,50,57) ; (521,89,125)
(432,89,57) ; (519,169,125)
(197,69,64) ; (295,99,98)
(363,0,65) ; (427,85,90)
(363,85,65) ; (427,170,90)
(197,0,70) ; (243,64,141)
(243,0,70) ; (335,64,141)
(197,0,141) ; (222,60,173)
(222,0,141) ; (333,64,173)
(335,0,70) ; (363,52,113)
(335,0,113) ; (362,52,163)
(77,102,79) ; (160,180,108)
(365,0,90) ; (427,73,132)
(363,80,90) ; (395,170,132)
(395,80,90) ; (427,170,132)
(309,69,92) ; (336,103,134)
(336,69,92) ; (363,103,134)
(161,106,98) ; (253,179,145)
(161,106,145) ; (206,179,219)
(206,106,145) ; (251,179,219)
(197,69,98) ; (295,99,132)
(258,109,98) ; (363,173,131)
(77,107,108) ; (160,180,137)
(77,107,137) ; (160,180,166)
(77,107,166) ; (157,180,215)
(289,173,108) ; (370,233,167)
(433,50,125) ; (519,78,172)
(433,78,125) ; (517,133,172)
(435,135,125) ; (519,169,168)
(293,112,131) ; (363,173,218)
(258,115,131) ; (293,173,161)
(367,0,132) ; (427,72,186)
(363,95,132) ; (427,170,169)
(197,69,132) ; (286,99,175)
(197,69,175) ; (286,99,218)
(315,69,134) ; (363,102,166)
(414,183,140) ; (527,232,218)
(370,178,140) ; (414,232,215)
(77,0,142) ; (194,86,188)
(258,118,161) ; (293,173,213)
(335,0,163) ; (362,50,212)
(535,186,164) ; (586,233,187)
(535,186,187) ; (586,233,210)
(317,69,166) ; (363,95,204)
(294,175,167) ; (370,233,216)
(443,135,168) ; (519,169,209)
(379,101,169) ; (427,170,220)
(443,50,172) ; (517,121,194)
(197,0,173) ; (296,48,219)
(304,0,173) ; (333,50,214)
(189,190,176) ; (253,233,219)
(370,0,186) ; (427,69,216)
(77,0,188) ; (164,75,220)
(164,0,188) ; (194,73,215)
(77,182,190) ; (178,233,220)
(445,50,194) ; (517,107,217)
