0.0893
33 3301
587 233 220
100
1 104 1  88 1  72 1 3
2 92 1  62 1  56 1 1
3 60 1  65 1  71 1 1
4 95 1  87 1  48 1 1
5 41 1  58 1  63 1 2
6 107 0  46 1  28 1 1
7 92 0  32 1  28 1 2
8 38 1  83 0  22 1 2
9 56 0  57 0  23 1 1
10 70 0  44 1  26 1 2
11 57 1  39 1  42 1 1
12 88 1  89 1  64 1 1
13 74 1  86 1  62 1 1
14 82 0  58 0  23 1 1
15 58 1  34 1  48 1 1
16 115 0  48 1  77 1 1
17 49 1  66 0  28 1 2
18 45 1  99 0  32 1 2
19 57 1  94 0  38 1 1
20 61 1  36 1  46 1 1
21 61 1  56 1  69 1 2
22 67 1  55 1  50 1 1
23 106 0  33 1  48 1 1
24 100 0  38 1  54 1 2
25 75 1  89 1  50 1 1
26 70 1  70 1  37 1 4
27 95 0  62 1  47 1 2
28 59 0  27 1  47 1 2
29 78 0  32 1  38 1 1
30 66 1  68 1  47 1 1
31 69 0  58 0  26 1 1
32 88 0  37 1  33 1 1
33 39 1  28 1  39 1 2
34 62 1  69 1  40 1 2
35 40 1  28 1  65 0 1
36 76 0  88 0  32 1 2
37 81 0  28 1  20 1 1
38 63 0  99 0  30 1 1
39 102 1  56 1  71 1 1
40 116 0  82 0  22 1 1
41 33 1  46 1  74 0 1
42 99 1  53 1  68 1 1
43 64 0  31 1  47 1 2
44 115 0  27 1  55 0 1
45 33 1  28 1  37 1 3
46 118 1  89 1  80 1 1
47 54 1  53 1  62 1 1
48 43 1  98 0  52 1 1
49 63 1  85 1  66 1 1
50 50 0  25 1  61 0 1
51 35 1  81 0  64 1 2
52 49 1  89 1  62 1 2
53 56 1  46 1  30 1 1
54 40 1  84 0  54 1 1
55 36 1  49 1  54 1 1
56 89 1  97 1  53 1 1
57 75 1  62 1  78 1 1
58 41 1  56 1  29 1 1
59 87 1  99 1  57 1 1
60 118 1  60 1  62 1 1
61 95 1  60 1  69 1 1
62 58 1  70 0  31 1 1
63 102 0  28 1  77 0 1
64 108 0  89 1  50 1 1
65 73 0  68 0  30 1 1
66 97 1  78 1  64 1 1
67 98 0  89 0  43 1 2
68 37 1  45 1  30 1 1
69 92 0  80 0  34 1 2
70 117 0  90 1  51 1 2
71 52 0  40 1  21 1 1
72 99 1  75 1  59 1 2
73 56 1  39 1  34 1 3
74 100 0  31 1  35 1 1
75 82 0  68 0  34 1 1
76 113 0  78 1  49 1 1
77 44 0  65 0  22 1 3
78 119 0  59 1  54 1 1
79 58 1  71 1  60 1 1
80 61 0  71 0  22 1 2
81 56 1  59 1  48 1 1
82 103 0  48 1  58 1 1
83 93 0  69 1  37 1 1
84 53 1  99 1  55 1 1
85 47 1  47 1  29 1 1
86 45 1  72 1  52 1 2
87 68 1  35 1  35 1 1
88 109 0  49 1  41 1 1
89 103 1  85 1  77 1 1
90 55 1  50 1  61 1 1
91 107 0  71 0  35 1 2
92 67 1  63 1  49 1 2
93 37 1  72 1  56 1 1
94 53 1  84 1  52 1 1
95 65 1  45 1  68 1 2
96 116 0  57 1  57 1 1
97 37 1  69 1  63 1 1
98 79 1  54 1  50 1 1
99 83 0  32 1  29 1 2
100 59 1  89 1  76 1 1
(118,62,178) ; (0,0,0)
(309,72,141) ; (278,0,0)
(98,89,187) ; (0,144,0)
(108,100,156) ; (479,133,0)
(92,80,68) ; (0,62,0)
(123,60,133) ; (464,72,0)
(117,90,166) ; (98,143,0)
(183,50,156) ; (296,183,0)
(95,62,163) ; (118,0,0)
(118,80,89) ; (92,62,0)
(113,49,78) ; (366,134,0)
(86,62,74) ; (378,72,0)
(64,78,172) ; (213,0,0)
(77,103,113) ; (215,130,0)
(73,56,39) ; (293,127,0)
(99,53,166) ; (279,72,0)
(61,50,80) ; (210,78,0)
(72,56,139) ; (294,127,39)
(89,76,145) ; (0,62,68)
(84,54,92) ; (380,72,74)
(109,49,41) ; (370,134,78)
(54,50,79) ; (210,78,80)
(115,77,48) ; (92,62,89)
(66,92,68) ; (215,140,113)
(106,48,33) ; (373,135,119)
(116,57,84) ; (466,72,133)
(113,71,44) ; (92,62,137)
(69,63,77) ; (517,0,141)
(140,62,56) ; (377,0,141)
(99,63,30) ; (278,0,141)
(65,45,68) ; (414,138,152)
(34,48,58) ; (380,135,152)
(66,85,63) ; (520,140,156)
(41,58,63) ; (479,167,156)
(103,48,58) ; (374,184,156)
(41,29,56) ; (479,138,156)
(74,46,33) ; (300,186,156)
(46,36,61) ; (210,78,159)
(66,49,56) ; (118,0,163)
(29,47,47) ; (184,0,163)
(116,82,22) ; (98,144,166)
(62,53,54) ; (402,72,166)
(21,52,40) ; (381,72,166)
(59,47,54) ; (318,72,166)
(36,49,54) ; (282,72,166)
(68,35,35) ; (309,0,171)
(65,28,40) ; (312,35,171)
(30,56,46) ; (278,0,171)
(62,64,47) ; (213,0,172)
(63,58,41) ; (0,0,178)
(39,57,42) ; (63,0,178)
(68,56,39) ; (297,127,178)
(93,69,37) ; (92,62,181)
(32,78,38) ; (215,154,181)
(33,88,37) ; (247,144,181)
(70,58,31) ; (0,173,187)
(92,28,32) ; (0,145,187)
(100,35,31) ; (98,191,188)
(107,46,28) ; (98,145,188)
(37,45,30) ; (337,187,189)
(33,37,28) ; (304,195,189)
(139,58,23) ; (378,0,197)
