0.0967
5 501
587 233 220
100
1 113 0  51 1  41 1 1
2 96 1  82 1  72 1 1
3 43 1  89 0  77 1 1
4 68 1  44 1  37 1 1
5 68 0  38 1  29 1 1
6 100 0  29 1  61 0 1
7 72 1  99 0  45 1 2
8 91 0  70 1  36 1 1
9 120 0  89 0  31 1 1
10 113 0  91 1  54 1 1
11 66 1  76 1  51 1 1
12 80 1  44 1  76 1 2
13 59 1  65 1  75 1 3
14 72 1  96 1  77 1 2
15 54 1  74 1  70 1 1
16 43 1  54 1  36 1 1
17 40 1  56 1  43 1 1
18 101 0  45 1  79 1 1
19 120 0  82 0  31 1 1
20 96 1  85 1  66 1 1
21 40 1  31 1  52 1 2
22 82 0  39 1  25 1 2
23 55 1  94 1  76 1 1
24 65 0  31 1  39 1 1
25 101 1  68 1  80 1 2
26 83 0  50 0  24 1 1
27 87 1  72 1  50 1 1
28 30 1  72 0  21 1 1
29 80 0  77 0  36 1 1
30 107 1  68 1  61 1 1
31 111 0  38 1  29 1 1
32 32 1  31 1  24 1 1
33 98 0  26 1  34 1 2
34 85 1  89 1  59 1 1
35 86 0  27 1  56 0 2
36 48 1  96 0  33 1 1
37 42 1  57 1  35 1 2
38 36 1  32 1  26 1 1
39 92 0  50 1  27 1 1
40 117 0  100 0  46 1 1
41 103 0  36 1  60 1 1
42 105 0  60 1  40 1 2
43 44 1  57 1  44 1 3
44 77 1  51 1  63 1 1
45 45 1  85 0  40 1 2
46 100 0  41 1  23 1 1
47 36 1  55 1  30 1 1
48 100 0  68 0  23 1 1
49 52 1  71 1  64 1 3
50 37 1  90 0  43 1 2
51 67 1  65 1  69 1 1
52 115 0  63 1  54 1 1
53 53 1  70 1  63 1 1
54 67 0  32 1  36 1 2
55 84 1  62 1  53 1 1
56 49 1  69 1  52 1 1
57 67 1  44 1  43 1 1
58 69 1  84 1  51 1 2
59 107 0  84 0  25 1 1
60 88 0  96 0  36 1 1
61 89 0  43 1  68 1 1
62 116 1  75 1  73 1 1
63 119 0  77 1  53 1 1
64 92 0  51 1  26 1 1
65 89 0  77 0  31 1 1
66 75 1  82 1  42 1 1
67 33 1  77 0  74 0 1
68 65 0  93 0  22 1 1
69 50 1  61 1  73 1 1
70 50 1  100 0  57 1 1
71 61 1  72 1  61 1 1
72 82 1  64 1  64 1 1
73 44 1  69 0  29 1 1
74 106 0  42 1  43 1 1
75 58 0  86 0  28 1 1
76 82 1  65 1  64 1 1
77 120 0  56 1  34 1 2
78 105 0  29 1  74 0 1
79 52 1  43 1  64 1 2
80 91 1  68 1  47 1 1
81 48 1  93 1  53 1 2
82 51 1  99 1  68 1 1
83 56 1  63 1  66 1 2
84 88 0  92 0  35 1 2
85 91 1  57 1  48 1 1
86 47 0  26 1  21 1 3
87 49 1  29 1  46 1 1
88 59 0  100 0  28 1 1
89 118 0  27 1  55 0 1
90 83 1  81 1  75 1 1
91 104 0  79 1  43 1 1
92 58 1  98 1  70 1 1
93 85 0  36 1  28 1 2
94 57 1  54 1  69 1 2
95 34 1  70 0  22 1 1
96 40 1  47 1  79 1 1
97 119 1  88 1  80 1 1
98 92 1  49 1  80 1 1
99 86 0  73 0  24 1 2
100 30 1  77 0  22 1 2
(0,0,0) ; (54,57,69)
(0,57,0) ; (54,114,69)
(0,0,69) ; (54,113,160)
(0,0,160) ; (51,92,186)
(0,92,160) ; (47,113,186)
(507,0,0) ; (587,44,76)
(507,44,0) ; (587,88,76)
(507,0,76) ; (587,88,195)
(507,0,195) ; (546,82,220)
(546,0,195) ; (585,82,220)
(428,161,0) ; (510,233,96)
(510,161,0) ; (587,233,96)
(428,161,96) ; (480,232,160)
(480,161,96) ; (532,232,160)
(532,161,96) ; (584,232,160)
(0,114,0) ; (77,233,53)
(0,114,53) ; (75,173,118)
(0,173,53) ; (75,232,118)
(54,0,0) ; (105,69,84)
(105,0,0) ; (156,69,84)
(54,0,84) ; (155,68,164)
(54,0,164) ; (153,68,215)
(488,89,0) ; (587,161,45)
(488,89,45) ; (587,161,90)
(488,89,90) ; (586,159,148)
(77,118,0) ; (143,174,63)
(77,174,0) ; (143,230,63)
(143,118,0) ; (197,233,63)
(448,0,0) ; (507,89,85)
(448,0,85) ; (505,44,129)
(448,44,85) ; (505,88,129)
(54,69,0) ; (144,112,37)
(54,69,37) ; (144,112,74)
(54,69,74) ; (143,112,151)
(54,69,151) ; (143,112,219)
(347,0,0) ; (448,80,68)
(347,0,68) ; (448,79,113)
(156,0,0) ; (220,64,82)
(220,0,0) ; (285,64,82)
(156,0,82) ; (196,31,134)
(156,31,82) ; (196,62,134)
(196,0,82) ; (239,64,134)
(239,0,82) ; (282,64,134)
(321,172,0) ; (428,233,68)
(321,172,68) ; (426,232,108)
(321,172,108) ; (426,232,148)
(438,89,0) ; (488,161,87)
(197,141,0) ; (285,233,35)
(285,141,0) ; (321,232,70)
(197,141,35) ; (285,233,70)
(197,141,70) ; (293,229,106)
(293,141,70) ; (321,226,106)
(144,69,0) ; (197,117,93)
(144,69,93) ; (197,117,186)
(144,69,186) ; (193,115,215)
(336,123,0) ; (428,172,80)
(336,123,80) ; (427,171,137)
(332,80,0) ; (438,123,42)
(332,80,42) ; (436,123,121)
(286,0,0) ; (347,73,50)
(286,0,50) ; (347,72,111)
(197,64,0) ; (280,139,81)
(197,64,81) ; (279,139,123)
(281,73,0) ; (332,139,76)
(77,118,63) ; (197,174,97)
(77,174,63) ; (197,230,97)
(281,73,76) ; (332,136,153)
(441,93,87) ; (488,161,178)
(441,93,178) ; (485,161,215)
(77,130,97) ; (194,230,143)
(197,141,106) ; (237,226,151)
(237,141,106) ; (277,226,151)
(277,157,106) ; (321,226,135)
(288,0,111) ; (347,65,186)
(352,0,113) ; (448,66,198)
(352,0,198) ; (445,65,220)
(0,116,118) ; (75,232,191)
(336,80,121) ; (436,121,144)
(197,64,123) ; (274,136,219)
(449,0,129) ; (505,86,156)
(449,0,156) ; (505,86,183)
(156,0,134) ; (226,53,197)
(226,0,134) ; (279,62,218)
(277,169,135) ; (321,226,179)
(277,169,179) ; (320,225,219)
(348,124,137) ; (427,171,177)
(77,136,143) ; (132,230,219)
(132,130,143) ; (189,230,193)
(338,80,144) ; (436,114,170)
(521,90,148) ; (586,159,215)
(489,92,148) ; (521,159,184)
(489,92,184) ; (521,159,220)
(323,172,148) ; (426,232,184)
(323,172,184) ; (423,231,212)
(197,149,151) ; (277,226,187)
(288,73,153) ; (332,116,220)
(471,191,160) ; (584,232,211)
(473,162,160) ; (584,191,198)
(429,162,160) ; (471,197,217)
(429,197,160) ; (471,232,217)
(340,80,170) ; (436,113,218)
(350,127,177) ; (427,149,207)
(350,149,177) ; (427,171,207)
(450,0,183) ; (504,43,219)
(450,43,183) ; (505,73,219)
(0,0,186) ; (26,98,220)
(26,0,186) ; (47,72,216)
(308,0,186) ; (347,65,217)
(197,152,187) ; (274,226,220)
(0,127,191) ; (74,232,220)
(132,138,193) ; (182,230,220)
(156,0,197) ; (226,34,219)
(490,165,198) ; (537,191,219)
(537,165,198) ; (584,191,219)
