0.0931
35 3501
587 233 220
100
1 113 1  69 1  80 1 1
2 36 1  38 1  63 1 2
3 102 0  54 0  26 1 1
4 92 1  87 1  53 1 2
5 46 1  98 0  77 1 1
6 57 0  82 0  27 1 1
7 57 1  52 1  76 1 1
8 97 0  51 1  42 1 1
9 113 0  36 1  41 1 1
10 70 1  51 1  40 1 1
11 61 0  88 0  23 1 2
12 97 0  49 1  29 1 1
13 94 1  49 1  70 1 1
14 73 1  45 1  44 1 1
15 41 1  34 1  27 1 2
16 98 0  32 1  61 1 1
17 102 1  90 1  55 1 1
18 43 1  37 1  59 1 2
19 117 0  51 1  63 1 2
20 114 0  25 1  71 0 1
21 53 1  34 1  67 1 2
22 117 0  44 1  41 1 1
23 52 0  28 1  24 1 1
24 106 1  61 1  77 1 3
25 46 1  79 0  31 1 1
26 82 0  66 1  35 1 3
27 53 1  38 1  39 1 1
28 56 1  96 1  74 1 1
29 72 1  77 1  76 1 3
30 75 0  48 1  34 1 1
31 80 0  42 1  36 1 1
32 99 0  27 1  21 1 1
33 65 1  76 0  34 1 1
34 104 0  98 0  23 1 2
35 41 0  80 0  20 1 1
36 92 0  94 0  23 1 1
37 48 1  95 0  40 1 1
38 98 1  77 1  70 1 1
39 38 1  99 0  72 1 1
40 78 1  96 1  71 1 1
41 94 0  94 0  28 1 2
42 63 1  96 1  66 1 1
43 108 0  52 1  76 1 1
44 72 1  61 1  49 1 1
45 37 1  84 0  68 1 1
46 68 0  70 0  22 1 4
47 50 1  26 1  73 0 1
48 73 1  93 1  74 1 1
49 113 0  56 1  68 1 2
50 59 1  33 1  35 1 2
51 66 0  100 0  30 1 1
52 102 0  99 0  37 1 1
53 35 1  96 0  80 0 1
54 33 1  94 0  41 1 1
55 81 0  39 1  40 1 1
56 120 0  92 0  25 1 1
57 59 1  83 1  78 1 1
58 66 0  25 1  36 1 1
59 39 1  65 1  74 1 1
60 57 1  45 1  67 1 1
61 37 1  79 0  31 1 1
62 83 1  93 0  45 1 1
63 46 1  45 1  49 1 2
64 88 1  64 1  58 1 2
65 66 1  54 1  76 1 1
66 97 0  42 1  39 1 3
67 83 1  67 1  78 1 1
68 74 0  61 0  30 1 2
69 86 1  94 1  65 1 2
70 90 0  26 1  59 0 1
71 96 1  66 1  61 1 2
72 77 1  53 1  79 1 1
73 31 1  32 1  42 1 2
74 34 1  58 1  64 1 1
75 56 1  46 1  55 1 1
76 104 1  55 1  63 1 1
77 108 0  71 0  30 1 1
78 31 1  95 0  72 0 1
79 44 1  74 1  59 1 1
80 103 0  41 1  39 1 1
81 108 0  80 0  30 1 1
82 43 1  71 1  42 1 1
83 86 0  71 0  30 1 1
84 62 0  31 1  58 1 1
85 82 0  98 0  23 1 2
86 52 1  56 1  70 1 1
87 117 0  66 0  24 1 1
88 32 1  32 1  65 0 3
89 34 1  64 0  26 1 1
90 115 0  49 1  25 1 1
91 47 1  83 1  48 1 1
92 55 1  69 1  46 1 1
93 83 0  31 1  47 1 2
94 39 1  32 1  23 1 1
95 88 1  69 1  72 1 1
96 49 1  33 1  69 0 1
97 116 0  63 1  36 1 2
98 32 1  81 0  29 1 1
99 79 1  46 1  59 1 3
100 93 1  61 1  55 1 1
(216,76,77) ; (0,0,0)
(63,154,178) ; (0,79,0)
(182,66,188) ; (405,0,0)
(206,98,116) ; (381,135,0)
(237,157,46) ; (63,76,0)
(113,69,136) ; (474,66,0)
(84,68,115) ; (390,66,0)
(122,64,116) ; (283,0,0)
(80,96,106) ; (301,137,0)
(66,76,88) ; (216,0,0)
(88,69,72) ; (302,64,0)
(184,53,87) ; (63,180,46)
(172,104,63) ; (63,76,46)
(47,83,79) ; (247,150,46)
(59,74,120) ; (235,76,46)
(55,69,46) ; (335,64,72)
(33,69,49) ; (302,64,72)
(165,76,52) ; (0,0,77)
(48,75,34) ; (165,0,77)
(65,74,39) ; (216,0,88)
(73,45,44) ; (306,188,106)
(70,51,40) ; (309,137,106)
(99,102,37) ; (63,76,109)
(72,99,38) ; (162,79,109)
(43,71,42) ; (165,0,111)
(82,66,105) ; (391,66,115)
(55,90,102) ; (532,138,116)
(83,93,45) ; (449,135,116)
(61,93,55) ; (388,135,116)
(106,61,77) ; (296,0,116)
(53,68,67) ; (337,64,118)
(32,65,96) ; (303,64,121)
(47,83,31) ; (247,150,125)
(61,74,60) ; (216,0,127)
(68,70,88) ; (0,0,129)
(94,70,49) ; (68,0,129)
(103,41,39) ; (63,192,133)
(79,53,77) ; (166,180,133)
(113,68,56) ; (474,66,136)
(94,94,28) ; (63,84,146)
(61,49,72) ; (318,139,146)
(72,95,31) ; (162,83,147)
(67,45,57) ; (312,188,150)
(42,31,64) ; (165,0,153)
(39,38,53) ; (165,31,153)
(46,79,31) ; (247,154,156)
(83,78,59) ; (449,150,161)
(56,70,52) ; (235,76,166)
(61,88,46) ; (388,140,171)
(95,40,48) ; (63,193,172)
(56,55,46) ; (63,123,174)
(81,39,40) ; (63,84,174)
(34,54,41) ; (119,124,174)
(39,97,42) ; (0,136,178)
(21,99,27) ; (39,134,178)
(94,33,41) ; (68,0,178)
(24,52,28) ; (0,79,178)
(80,36,42) ; (68,33,178)
(32,39,23) ; (24,79,178)
(71,86,30) ; (162,92,178)
(36,66,25) ; (354,64,185)
(50,73,26) ; (216,0,187)
(37,79,31) ; (247,154,187)
(98,61,32) ; (489,0,188)
(81,29,32) ; (408,0,188)
(64,34,26) ; (425,29,188)
(90,59,26) ; (497,66,192)
(102,54,26) ; (300,0,193)
