0.1017
75 7501
587 233 220
100
1 59 1  81 1  60 1 1
2 105 0  33 1  64 1 2
3 30 1  58 1  35 1 1
4 30 1  27 1  73 0 1
5 37 1  75 0  64 1 1
6 89 0  43 1  30 1 2
7 84 0  43 1  34 1 1
8 112 1  57 1  63 1 1
9 49 1  50 1  27 1 1
10 76 1  89 1  67 1 1
11 118 0  29 1  74 0 1
12 92 1  47 1  73 1 1
13 72 0  57 0  23 1 1
14 53 1  54 1  37 1 1
15 94 0  26 1  77 0 1
16 50 1  41 1  29 1 1
17 107 0  77 0  29 1 1
18 71 0  74 0  22 1 1
19 83 0  30 1  74 0 1
20 60 0  25 1  32 1 1
21 112 0  97 1  53 1 1
22 69 1  70 1  72 1 1
23 51 0  47 0  23 1 2
24 50 1  52 1  27 1 1
25 51 1  94 1  60 1 1
26 82 1  54 1  60 1 2
27 120 0  41 1  22 1 2
28 69 1  77 1  44 1 2
29 97 1  62 1  50 1 1
30 102 0  75 0  36 1 1
31 112 0  79 0  22 1 1
32 64 1  71 1  46 1 3
33 87 0  75 0  32 1 1
34 92 0  31 1  60 1 1
35 95 1  67 1  57 1 2
36 49 1  80 1  73 1 1
37 69 1  89 1  59 1 1
38 43 1  52 1  28 1 1
39 36 1  93 0  28 1 1
40 85 0  25 1  64 0 2
41 108 0  49 1  67 1 2
42 48 1  33 1  32 1 1
43 112 0  32 1  72 0 1
44 87 1  61 1  70 1 1
45 32 1  90 0  42 1 2
46 65 1  60 1  51 1 1
47 43 1  64 1  43 1 1
48 42 1  34 1  27 1 2
49 50 1  96 1  68 1 1
50 46 1  26 1  38 1 1
51 60 1  54 1  72 1 1
52 83 0  54 0  22 1 1
53 64 1  57 1  65 1 3
54 78 1  84 1  79 1 1
55 109 0  27 1  73 0 1
56 86 0  47 1  28 1 1
57 117 0  98 0  49 1 1
58 54 1  44 1  75 1 1
59 83 0  29 1  73 0 2
60 50 1  90 1  71 1 1
61 120 0  49 1  27 1 1
62 65 1  85 1  63 1 2
63 46 1  59 0  25 1 1
64 84 1  55 1  47 1 1
65 113 0  78 1  49 1 1
66 70 1  94 1  67 1 1
67 102 0  39 1  37 1 1
68 30 1  69 0  57 1 2
69 49 1  58 1  76 1 1
70 73 1  74 1  45 1 2
71 85 1  75 1  65 1 1
72 109 1  84 1  65 1 2
73 36 1  94 0  57 1 1
74 55 1  52 1  35 1 1
75 117 0  86 1  46 1 1
76 111 0  93 1  53 1 1
77 111 0  64 0  32 1 1
78 93 1  100 1  66 1 1
79 68 1  89 0  39 1 1
80 73 1  42 1  62 1 1
81 34 1  98 0  30 1 2
82 89 1  88 1  60 1 1
83 91 0  87 0  34 1 1
84 93 1  99 1  54 1 1
85 52 1  58 1  63 1 1
86 101 0  30 1  51 1 1
87 78 0  83 0  29 1 1
88 69 0  77 0  29 1 1
89 99 0  48 1  46 1 1
90 93 1  76 1  72 1 1
91 34 1  76 0  41 1 1
92 68 1  87 1  80 1 1
93 46 1  93 0  50 1 3
94 77 1  70 1  80 1 2
95 85 1  62 1  77 1 2
96 64 1  92 1  71 1 1
97 69 1  48 1  51 1 1
98 66 0  81 0  31 1 1
99 35 1  39 1  54 1 1
100 69 1  75 1  52 1 1
(77,85,219) ; (0,0,0)
(65,170,218) ; (522,0,0)
(77,70,212) ; (0,163,0)
(58,63,164) ; (529,170,0)
(159,60,140) ; (370,173,0)
(95,170,57) ; (427,0,0)
(69,77,206) ; (0,86,0)
(120,100,142) ; (77,0,0)
(112,53,190) ; (77,180,0)
(84,78,79) ; (77,102,0)
(64,171,65) ; (363,0,0)
(97,50,176) ; (189,183,0)
(166,69,70) ; (197,0,0)
(94,77,98) ; (161,103,0)
(82,60,108) ; (288,173,0)
(105,33,64) ; (197,69,0)
(108,67,98) ; (255,106,0)
(54,37,53) ; (309,69,0)
(54,35,39) ; (309,69,53)
(93,50,163) ; (428,0,57)
(89,119,68) ; (432,50,57)
(98,30,34) ; (197,69,64)
(64,170,25) ; (363,0,65)
(138,64,103) ; (197,0,70)
(28,52,93) ; (335,0,70)
(83,78,29) ; (77,102,79)
(62,73,42) ; (365,0,90)
(64,90,42) ; (363,80,90)
(54,34,42) ; (309,69,92)
(92,73,121) ; (161,106,98)
(98,30,34) ; (197,69,98)
(105,64,33) ; (258,109,98)
(83,73,107) ; (77,107,108)
(81,60,59) ; (289,173,108)
(86,83,47) ; (433,50,125)
(84,34,43) ; (435,135,125)
(70,61,87) ; (293,112,131)
(35,58,30) ; (258,115,131)
(60,72,54) ; (367,0,132)
(64,75,37) ; (363,95,132)
(89,30,86) ; (197,69,132)
(48,33,32) ; (315,69,134)
(113,49,78) ; (414,183,140)
(44,54,75) ; (370,178,140)
(117,86,46) ; (77,0,142)
(35,55,52) ; (258,118,161)
(27,50,49) ; (335,0,163)
(51,47,46) ; (535,186,164)
(46,26,38) ; (317,69,166)
(76,58,49) ; (294,175,167)
(76,34,41) ; (443,135,168)
(48,69,51) ; (379,101,169)
(74,71,22) ; (443,50,172)
(99,48,46) ; (197,0,173)
(29,50,41) ; (304,0,173)
(64,43,43) ; (189,190,176)
(57,69,30) ; (370,0,186)
(87,75,32) ; (77,0,188)
(30,73,27) ; (164,0,188)
(101,51,30) ; (77,182,190)
(72,57,23) ; (445,50,194)
