0.0956
59 5901
587 233 220
100
1 102 1  63 1  78 1 1
2 95 1  84 1  58 1 1
3 106 0  42 1  64 1 1
4 52 1  69 1  45 1 1
5 83 1  73 1  73 1 1
6 78 0  50 1  35 1 1
7 68 0  56 0  21 1 1
8 32 1  49 1  51 1 2
9 62 1  44 1  63 1 1
10 76 1  66 1  60 1 1
11 108 0  93 0  43 1 1
12 45 1  52 1  64 1 1
13 48 1  100 0  78 1 1
14 67 1  53 1  64 1 1
15 90 1  57 1  77 1 2
16 90 0  29 1  20 1 1
17 103 0  41 1  38 1 1
18 116 0  37 1  69 1 1
19 104 0  56 1  42 1 2
20 69 0  27 1  77 0 1
21 78 1  83 1  50 1 2
22 114 0  37 1  48 1 1
23 74 1  39 1  50 1 1
24 78 1  78 1  55 1 2
25 47 1  100 0  72 1 1
26 62 1  95 1  69 1 1
27 34 1  79 0  24 1 1
28 49 0  79 0  21 1 1
29 61 1  64 1  61 1 1
30 50 1  44 1  69 1 2
31 120 1  91 1  65 1 1
32 107 0  46 1  48 1 1
33 38 1  45 1  56 1 3
34 44 1  29 1  76 0 1
35 56 1  58 1  70 1 1
36 55 1  28 1  31 1 1
37 88 0  41 1  37 1 1
38 103 0  68 0  31 1 1
39 65 1  72 1  43 1 1
40 97 1  72 1  57 1 1
41 64 1  35 1  55 1 1
42 98 1  60 1  60 1 1
43 85 1  67 1  55 1 1
44 80 0  87 0  39 1 1
45 102 1  88 1  60 1 2
46 102 0  27 1  50 1 2
47 66 1  44 1  73 1 1
48 31 1  35 1  27 1 1
49 83 0  88 0  22 1 1
50 40 1  83 0  24 1 1
51 107 0  37 1  26 1 3
52 38 1  42 1  61 1 1
53 47 1  94 0  35 1 1
54 48 1  72 1  41 1 2
55 54 1  28 1  53 1 2
56 80 1  54 1  64 1 1
57 32 1  68 0  64 0 2
58 42 1  50 1  57 1 2
59 91 1  84 1  48 1 1
60 84 1  75 1  76 1 1
61 94 1  85 1  72 1 3
62 30 1  92 0  78 0 2
63 97 1  86 1  67 1 1
64 47 1  27 1  74 0 1
65 76 0  26 1  34 1 1
66 119 0  100 1  58 1 1
67 74 0  26 1  37 1 1
68 53 1  79 1  52 1 1
69 91 1  58 1  53 1 1
70 41 1  59 1  62 1 1
71 117 0  53 1  58 1 1
72 116 0  50 1  76 1 2
73 32 1  85 0  36 1 1
74 49 1  80 0  35 1 1
75 106 0  81 0  34 1 1
76 76 1  92 1  71 1 1
77 85 1  54 1  57 1 1
78 96 0  64 1  47 1 1
79 55 1  56 1  49 1 1
80 88 1  50 1  66 1 1
81 60 1  87 0  43 1 1
82 48 1  60 1  47 1 1
83 78 1  46 1  62 1 2
84 112 0  72 1  42 1 1
85 78 0  31 1  69 0 2
86 71 1  96 1  57 1 1
87 33 1  82 0  50 1 1
88 113 0  94 0  31 1 2
89 65 1  37 1  39 1 1
90 43 1  45 1  41 1 1
91 64 1  50 1  36 1 1
92 46 1  78 1  76 1 2
93 97 0  94 0  35 1 2
94 103 0  51 1  26 1 1
95 81 0  59 1  38 1 2
96 39 1  43 1  29 1 1
97 104 0  79 0  35 1 1
98 118 0  31 1  76 0 1
99 88 0  29 1  62 0 1
100 92 0  32 1  30 1 1
(0,0,0) ; (50,78,83)
(50,0,0) ; (100,78,83)
(100,0,0) ; (192,78,30)
(100,0,30) ; (192,78,60)
(100,0,60) ; (192,76,131)
(0,0,83) ; (100,78,131)
(502,0,0) ; (587,72,94)
(502,0,94) ; (587,72,188)
(502,0,188) ; (580,69,219)
(0,79,0) ; (57,156,90)
(0,156,0) ; (57,233,90)
(0,79,90) ; (56,183,132)
(0,183,90) ; (57,233,132)
(0,79,132) ; (56,183,174)
(0,183,132) ; (57,233,174)
(509,131,0) ; (587,233,63)
(509,131,63) ; (587,186,141)
(509,186,63) ; (585,232,141)
(509,131,141) ; (587,186,219)
(509,186,141) ; (585,232,219)
(57,80,0) ; (176,180,58)
(57,180,0) ; (174,233,58)
(57,80,58) ; (173,156,108)
(57,156,58) ; (173,232,108)
(492,72,0) ; (587,130,84)
(492,72,84) ; (583,130,137)
(421,131,0) ; (509,233,60)
(421,131,60) ; (509,233,120)
(421,131,120) ; (462,179,192)
(421,179,120) ; (462,227,192)
(462,131,120) ; (509,231,192)
(405,0,0) ; (502,72,57)
(405,0,57) ; (499,72,142)
(239,138,0) ; (352,232,31)
(352,138,0) ; (421,233,62)
(239,138,31) ; (352,232,62)
(421,72,0) ; (492,129,96)
(421,72,96) ; (491,128,154)
(176,172,0) ; (237,233,64)
(308,0,0) ; (405,67,86)
(308,0,86) ; (404,64,133)
(192,0,0) ; (308,37,69)
(192,0,69) ; (306,37,117)
(192,0,117) ; (299,37,143)
(192,37,0) ; (304,79,72)
(176,80,0) ; (238,126,78)
(176,126,0) ; (238,172,78)
(330,72,0) ; (421,137,120)
(238,79,0) ; (319,138,38)
(238,79,38) ; (319,138,76)
(324,138,62) ; (421,232,97)
(324,138,97) ; (421,232,132)
(239,141,62) ; (323,232,110)
(239,141,110) ; (322,229,132)
(176,173,64) ; (236,233,162)
(192,37,72) ; (298,79,136)
(238,79,76) ; (317,132,128)
(176,84,78) ; (238,172,107)
(176,128,107) ; (238,172,170)
(176,84,107) ; (226,128,176)
(57,157,108) ; (133,232,192)
(57,157,192) ; (133,191,218)
(57,191,192) ; (131,228,218)
(57,80,108) ; (126,157,135)
(126,80,108) ; (173,154,135)
(133,187,108) ; (171,232,164)
(133,187,164) ; (171,232,220)
(133,158,108) ; (172,187,151)
(384,72,120) ; (421,137,159)
(333,72,120) ; (384,104,169)
(333,104,120) ; (384,136,169)
(238,79,128) ; (312,129,167)
(0,0,131) ; (50,66,219)
(50,0,131) ; (123,73,214)
(123,0,131) ; (189,73,175)
(123,0,175) ; (188,72,218)
(367,175,132) ; (421,232,217)
(332,138,132) ; (367,232,179)
(371,139,132) ; (421,175,196)
(239,142,132) ; (319,229,171)
(336,0,133) ; (404,64,165)
(336,0,165) ; (403,64,218)
(308,0,133) ; (336,55,164)
(308,0,164) ; (336,54,217)
(57,87,135) ; (112,154,220)
(112,88,135) ; (172,154,211)
(192,37,136) ; (295,78,174)
(519,72,137) ; (583,126,217)
(492,72,137) ; (519,103,172)
(412,0,142) ; (499,60,185)
(192,0,143) ; (299,37,169)
(192,0,169) ; (299,37,195)
(423,72,154) ; (491,128,175)
(386,72,159) ; (421,136,214)
(176,184,162) ; (231,233,218)
(238,79,167) ; (307,124,219)
(336,72,169) ; (384,132,216)
(176,130,170) ; (237,172,208)
(239,194,171) ; (319,229,220)
(239,144,171) ; (308,194,215)
(0,126,174) ; (48,233,220)
(0,79,174) ; (56,117,219)
(192,37,174) ; (280,78,211)
(427,72,175) ; (491,124,220)
(176,84,176) ; (221,125,219)
(335,147,179) ; (367,232,215)
(421,0,185) ; (499,50,220)
(455,174,192) ; (509,227,220)
(426,134,192) ; (509,174,216)
(192,0,195) ; (271,34,219)
