0.0901
56 5601
587 233 220
100
1 40 1  70 1  76 1 2
2 45 1  54 1  65 1 1
3 39 1  52 1  70 1 1
4 79 0  32 1  36 1 1
5 49 1  63 1  79 1 1
6 88 1  73 1  59 1 1
7 110 1  94 1  59 1 1
8 97 1  69 1  69 1 1
9 78 0  38 1  24 1 1
10 69 1  38 1  38 1 1
11 99 1  90 1  59 1 1
12 69 1  75 1  65 1 2
13 77 1  39 1  71 1 2
14 32 1  72 0  28 1 1
15 105 0  33 1  71 0 1
16 55 1  96 0  40 1 1
17 99 0  73 0  24 1 2
18 119 0  42 1  64 1 1
19 41 1  97 0  59 1 1
20 113 0  30 1  43 1 3
21 73 0  27 1  34 1 2
22 106 0  28 1  49 1 1
23 71 1  50 1  50 1 1
24 113 0  64 0  20 1 1
25 36 1  39 1  60 1 1
26 32 1  86 0  53 1 1
27 48 0  29 1  23 1 1
28 77 0  67 1  36 1 1
29 31 1  64 0  80 0 1
30 81 1  66 1  74 1 2
31 45 1  89 0  36 1 1
32 63 0  86 0  24 1 1
33 59 0  25 1  23 1 2
34 58 0  71 0  25 1 1
35 111 0  35 1  44 1 1
36 53 0  48 0  23 1 1
37 35 1  65 1  61 1 1
38 100 1  96 1  76 1 1
39 79 1  93 1  58 1 1
40 37 1  86 0  74 0 1
41 87 0  72 0  24 1 1
42 97 1  55 1  66 1 1
43 51 1  27 1  66 0 2
44 51 1  78 1  77 1 1
45 99 0  26 1  42 1 2
46 51 1  47 1  77 1 1
47 115 1  78 1  80 1 1
48 87 1  73 1  55 1 1
49 73 1  83 1  51 1 1
50 84 1  86 0  43 1 1
51 76 0  29 1  60 0 1
52 91 1  65 1  55 1 1
53 78 1  78 1  58 1 1
54 78 1  61 1  40 1 2
55 84 1  69 1  64 1 1
56 119 0  72 1  53 1 1
57 39 1  41 1  39 1 1
58 100 0  86 0  23 1 2
59 37 1  99 0  26 1 1
60 72 0  25 1  49 1 1
61 91 0  91 0  21 1 1
62 108 0  73 0  24 1 1
63 67 1  92 1  62 1 1
64 88 0  29 1  20 1 1
65 70 0  65 0  21 1 1
66 59 1  76 0  36 1 2
67 77 1  41 1  65 1 2
68 39 1  59 1  33 1 1
69 69 1  97 1  54 1 1
70 73 1  57 1  46 1 1
71 37 1  91 0  69 1 1
72 93 0  34 1  64 1 1
73 106 1  70 1  79 1 1
74 80 0  64 1  39 1 1
75 53 1  85 1  64 1 1
76 94 1  59 1  58 1 1
77 96 1  100 1  75 1 2
78 38 1  93 0  56 1 3
79 47 1  43 1  36 1 1
80 76 1  83 1  51 1 1
81 51 1  47 1  61 1 1
82 110 0  31 1  50 1 2
83 95 1  75 1  54 1 3
84 90 1  96 0  47 1 2
85 107 1  54 1  55 1 1
86 35 1  85 0  63 1 2
87 55 1  84 0  41 1 1
88 31 1  84 0  71 0 1
89 104 0  70 1  37 1 1
90 46 1  40 1  68 1 2
91 43 1  87 0  71 1 2
92 84 1  48 1  49 1 1
93 101 1  81 1  65 1 1
94 58 1  41 1  45 1 1
95 104 0  68 1  48 1 2
96 60 1  51 1  77 1 1
97 47 1  72 0  26 1 1
98 38 1  73 1  64 1 2
99 115 0  86 0  21 1 1
100 116 0  49 1  57 1 1
(77,87,185) ; (0,0,0)
(100,226,150) ; (487,0,0)
(99,146,130) ; (0,87,0)
(176,80,148) ; (77,0,0)
(65,150,104) ; (99,83,0)
(97,94,215) ; (390,0,0)
(104,68,215) ; (383,165,0)
(83,149,117) ; (164,84,0)
(97,69,160) ; (390,96,0)
(73,87,165) ; (317,0,0)
(77,82,135) ; (306,151,0)
(58,93,79) ; (247,140,0)
(64,85,122) ; (253,0,0)
(76,64,102) ; (314,87,0)
(65,55,91) ; (247,85,0)
(55,54,107) ; (247,179,79)
(52,39,70) ; (247,140,79)
(65,54,45) ; (247,85,91)
(73,59,88) ; (317,88,102)
(59,142,41) ; (99,87,104)
(78,58,78) ; (164,174,117)
(81,65,101) ; (164,109,117)
(72,25,49) ; (164,84,117)
(55,84,41) ; (253,0,122)
(50,110,90) ; (0,122,130)
(43,113,90) ; (50,119,130)
(86,32,53) ; (0,87,130)
(71,77,78) ; (311,154,135)
(61,51,47) ; (247,85,136)
(53,119,72) ; (99,110,145)
(48,23,29) ; (99,87,145)
(119,42,64) ; (77,0,148)
(104,37,70) ; (77,42,148)
(49,79,63) ; (196,0,148)
(38,38,69) ; (247,141,149)
(93,34,64) ; (489,0,150)
(84,99,26) ; (498,126,150)
(91,91,21) ; (491,34,150)
(86,63,59) ; (395,102,160)
(46,73,57) ; (253,0,163)
(71,84,31) ; (317,0,165)
(59,25,46) ; (164,84,166)
(84,49,48) ; (498,34,171)
(89,36,45) ; (493,83,171)
(84,86,43) ; (498,139,176)
(79,32,36) ; (0,87,183)
(60,39,36) ; (247,85,183)
(73,54,34) ; (0,0,185)
(72,32,28) ; (0,54,185)
(48,53,23) ; (247,180,186)
(71,58,25) ; (319,89,190)
(78,38,24) ; (164,194,195)
(70,65,21) ; (318,0,196)
