0.0808
18 1801
587 233 220
100
1 53 1  49 1  79 1 1
2 91 0  64 0  28 1 1
3 42 1  28 1  63 0 1
4 64 1  55 1  33 1 1
5 77 1  99 0  43 1 1
6 113 0  90 0  26 1 2
7 68 1  89 1  48 1 2
8 48 1  25 1  71 0 2
9 31 1  92 0  43 1 1
10 76 0  35 1  55 1 2
11 36 1  54 1  70 1 3
12 81 0  34 1  31 1 1
13 65 1  81 1  50 1 1
14 86 1  81 1  55 1 2
15 54 1  97 0  28 1 1
16 118 0  59 0  21 1 1
17 58 1  35 1  52 1 2
18 118 0  35 1  40 1 1
19 81 1  71 1  78 1 1
20 45 1  71 1  54 1 2
21 57 0  52 0  23 1 2
22 87 0  37 1  53 1 1
23 97 0  31 1  67 0 2
24 96 1  78 1  61 1 2
25 80 1  68 1  60 1 3
26 89 0  39 1  59 1 1
27 71 0  31 1  50 1 1
28 95 0  37 1  21 1 1
29 74 1  88 0  40 1 2
30 88 0  39 1  80 0 1
31 55 1  31 1  69 0 1
32 89 1  88 1  68 1 1
33 68 0  38 1  24 1 1
34 114 0  96 0  42 1 1
35 114 1  97 1  76 1 1
36 97 0  54 0  27 1 1
37 92 0  34 1  24 1 1
38 45 1  55 1  39 1 2
39 84 1  87 1  60 1 2
40 119 0  93 1  53 1 1
41 105 0  82 1  51 1 2
42 65 1  69 1  47 1 1
43 88 1  95 1  52 1 1
44 43 1  47 1  35 1 2
45 78 0  89 0  37 1 1
46 35 1  67 1  66 1 3
47 57 1  30 1  59 1 2
48 44 1  80 1  52 1 1
49 84 1  61 1  67 1 1
50 83 0  33 1  41 1 1
51 36 1  60 1  71 1 3
52 98 0  75 1  38 1 1
53 54 1  48 1  39 1 1
54 115 0  45 1  63 1 2
55 37 1  59 0  27 1 1
56 54 1  58 1  37 1 2
57 42 1  71 1  71 1 2
58 97 0  30 1  38 1 1
59 102 1  97 1  62 1 1
60 65 1  49 1  45 1 1
61 44 1  50 1  46 1 1
62 82 1  64 1  55 1 1
63 55 1  45 1  60 1 1
64 93 0  39 1  67 1 1
65 98 0  41 1  39 1 1
66 80 0  48 1  32 1 1
67 54 1  45 1  55 1 1
68 43 1  25 1  50 0 1
69 64 1  35 1  40 1 2
70 43 1  76 1  66 1 2
71 107 0  82 0  39 1 3
72 74 0  33 1  52 1 2
73 55 1  50 1  72 1 1
74 88 1  83 1  74 1 1
75 40 1  46 1  71 1 1
76 50 0  35 1  23 1 3
77 51 1  33 1  37 1 2
78 106 0  29 1  34 1 1
79 102 0  33 1  43 1 2
80 110 1  83 1  56 1 1
81 40 1  34 1  32 1 1
82 42 1  73 0  26 1 2
83 57 1  100 1  52 1 1
84 92 1  93 1  76 1 1
85 84 0  41 1  74 1 1
86 114 1  86 1  60 1 1
87 42 1  34 1  48 1 1
88 62 1  99 0  32 1 2
89 58 1  74 0  30 1 3
90 66 0  48 0  22 1 2
91 30 1  44 1  38 1 1
92 57 0  28 1  39 1 1
93 69 1  39 1  65 1 1
94 56 1  37 1  34 1 2
95 79 0  36 1  56 1 1
96 80 0  52 1  33 1 2
97 54 1  66 0  33 1 2
98 42 1  81 0  36 1 2
99 59 1  82 1  70 1 2
100 101 0  51 1  35 1 2
(123,88,158) ; (0,0,0)
(107,82,219) ; (480,0,0)
(54,142,169) ; (0,91,0)
(180,68,171) ; (407,165,0)
(82,140,95) ; (54,93,0)
(110,83,142) ; (477,82,0)
(97,76,206) ; (383,0,0)
(115,90,115) ; (123,0,0)
(233,99,62) ; (136,134,0)
(68,88,89) ; (409,77,0)
(38,98,75) ; (369,135,0)
(144,74,129) ; (239,0,0)
(99,43,77) ; (136,90,0)
(52,57,100) ; (357,76,0)
(118,59,60) ; (239,74,0)
(115,55,64) ; (241,74,60)
(114,96,42) ; (136,135,62)
(119,53,126) ; (250,178,62)
(118,40,35) ; (251,138,62)
(38,97,51) ; (369,136,75)
(98,41,39) ; (136,90,77)
(67,84,61) ; (410,81,89)
(78,96,122) ; (54,137,95)
(76,43,92) ; (54,93,95)
(110,39,45) ; (259,139,97)
(52,57,46) ; (357,76,100)
(114,60,116) ; (136,171,104)
(104,35,109) ; (136,136,104)
(70,67,105) ; (123,0,115)
(50,23,35) ; (123,67,115)
(40,88,74) ; (193,0,115)
(64,40,35) ; (136,90,116)
(33,37,51) ; (200,90,116)
(88,52,95) ; (268,74,124)
(23,50,35) ; (241,74,124)
(37,87,53) ; (369,144,126)
(48,71,90) ; (335,0,129)
(93,67,39) ; (239,0,129)
(71,81,78) ; (516,82,142)
(38,68,24) ; (478,95,142)
(101,35,51) ; (268,143,142)
(50,55,72) ; (359,76,146)
(65,47,69) ; (412,118,150)
(50,23,35) ; (123,67,150)
(66,35,67) ; (411,81,150)
(64,40,35) ; (136,90,151)
(71,36,60) ; (0,0,158)
(55,45,60) ; (0,36,158)
(46,44,50) ; (71,0,158)
(63,42,28) ; (55,44,158)
(33,66,54) ; (483,97,166)
(32,34,40) ; (200,90,167)
(81,65,50) ; (239,0,168)
(52,80,44) ; (0,151,169)
(27,59,37) ; (0,92,169)
(25,50,43) ; (27,101,169)
(94,66,43) ; (491,165,171)
(45,65,49) ; (446,166,171)
(39,54,48) ; (407,177,171)
(33,83,41) ; (373,148,179)
(56,37,34) ; (55,44,186)
(56,37,34) ; (136,90,186)
(73,42,26) ; (54,93,187)
(71,50,31) ; (296,179,188)
(38,44,30) ; (250,185,188)
(34,81,31) ; (193,0,189)
(92,34,24) ; (277,144,193)
