0.0919
21 2101
587 233 220
100
1 46 1  94 0  78 1 2
2 31 1  52 1  50 1 2
3 41 1  98 0  43 1 1
4 75 0  35 1  40 1 1
5 79 0  83 0  37 1 2
6 116 0  35 1  42 1 2
7 47 1  39 1  33 1 1
8 67 1  82 1  69 1 1
9 75 1  55 1  52 1 2
10 73 1  48 1  53 1 1
11 46 1  43 1  59 1 1
12 94 1  59 1  74 1 1
13 75 1  38 1  76 0 2
14 85 0  34 1  71 0 1
15 41 1  75 0  33 1 2
16 58 0  51 1  27 1 1
17 105 0  37 1  20 1 2
18 42 1  69 1  41 1 2
19 84 1  73 1  64 1 1
20 80 0  75 0  25 1 2
21 48 0  96 0  20 1 1
22 56 0  64 0  24 1 2
23 39 1  26 1  48 1 1
24 103 0  44 1  40 1 1
25 34 1  72 0  56 1 1
26 30 1  35 1  52 1 1
27 115 0  97 1  52 1 1
28 57 1  30 1  31 1 1
29 91 0  71 1  36 1 1
30 87 1  88 1  62 1 2
31 93 1  68 1  63 1 1
32 70 1  98 0  41 1 1
33 37 1  52 0  21 1 1
34 79 0  79 0  34 1 1
35 39 1  54 1  34 1 2
36 41 1  51 1  42 1 1
37 43 0  63 0  20 1 1
38 62 1  45 1  42 1 2
39 62 1  86 0  40 1 4
40 87 0  50 1  43 1 1
41 37 1  51 0  25 1 1
42 34 1  92 0  30 1 2
43 53 1  27 1  47 1 1
44 102 1  65 1  76 1 1
45 53 1  79 1  45 1 3
46 63 0  61 0  30 1 1
47 69 1  51 1  40 1 1
48 57 1  79 1  77 1 1
49 54 1  36 1  39 1 2
50 62 1  46 1  34 1 1
51 94 1  84 1  66 1 1
52 95 0  25 1  76 0 2
53 90 0  43 1  68 1 2
54 53 1  81 1  74 1 1
55 93 1  82 1  49 1 4
56 86 0  93 0  34 1 1
57 34 1  65 1  59 1 2
58 74 1  85 0  39 1 1
59 90 0  66 1  43 1 3
60 68 0  72 0  28 1 1
61 120 0  28 1  40 1 1
62 73 1  55 1  60 1 2
63 38 1  58 1  52 1 1
64 96 0  35 1  78 0 2
65 94 0  25 1  32 1 1
66 41 1  57 1  50 1 3
67 78 0  38 1  31 1 1
68 89 0  82 1  43 1 1
69 107 0  40 1  43 1 1
70 36 1  98 0  54 1 1
71 78 0  37 1  42 1 1
72 96 1  51 1  70 1 1
73 111 0  55 1  30 1 2
74 56 1  67 1  71 1 1
75 110 0  51 1  68 1 1
76 77 1  77 1  47 1 1
77 119 1  90 1  78 1 1
78 56 1  88 1  61 1 2
79 97 0  33 1  53 1 1
80 85 1  72 1  79 1 1
81 105 0  47 1  29 1 2
82 41 1  60 1  73 1 1
83 66 0  85 0  21 1 1
84 94 0  47 1  49 1 2
85 113 0  95 0  24 1 1
86 110 0  58 1  43 1 2
87 89 1  98 1  52 1 1
88 71 1  41 1  39 1 1
89 99 0  25 1  78 0 2
90 107 0  30 1  74 0 1
91 94 0  27 1  34 1 2
92 98 0  97 0  41 1 1
93 49 1  41 1  75 1 2
94 68 1  60 1  50 1 2
95 71 0  29 1  22 1 1
96 70 1  84 1  69 1 1
97 38 1  60 1  33 1 2
98 114 0  48 1  53 1 1
99 102 0  89 0  29 1 2
100 42 1  93 0  45 1 1
(0,0,0) ; (90,43,68)
(90,0,0) ; (180,43,68)
(0,0,68) ; (90,43,134)
(90,0,68) ; (180,43,134)
(0,0,134) ; (98,43,175)
(98,0,134) ; (167,42,175)
(0,135,0) ; (93,184,82)
(0,184,0) ; (93,233,82)
(0,135,82) ; (93,184,164)
(0,184,82) ; (93,233,164)
(0,135,164) ; (89,233,216)
(476,0,0) ; (587,30,55)
(476,30,0) ; (587,60,55)
(476,0,55) ; (531,60,128)
(531,0,55) ; (586,60,128)
(476,0,128) ; (586,58,171)
(476,0,171) ; (586,58,214)
(525,145,0) ; (587,233,87)
(525,145,87) ; (587,232,175)
(525,145,175) ; (587,187,220)
(525,187,175) ; (587,229,220)
(0,43,0) ; (79,88,53)
(0,88,0) ; (79,133,53)
(0,43,53) ; (78,133,172)
(513,60,0) ; (587,145,39)
(513,60,39) ; (585,145,118)
(431,186,0) ; (525,233,49)
(431,186,49) ; (525,233,98)
(431,186,98) ; (525,232,176)
(431,186,176) ; (524,231,218)
(93,135,0) ; (168,184,41)
(93,184,0) ; (168,233,41)
(168,135,0) ; (265,233,41)
(93,135,41) ; (134,233,111)
(134,135,41) ; (185,231,111)
(185,135,41) ; (263,231,76)
(185,135,76) ; (263,231,111)
(439,146,0) ; (525,186,62)
(439,146,62) ; (525,186,124)
(439,146,124) ; (525,186,186)
(439,146,186) ; (517,184,217)
(361,0,0) ; (476,52,97)
(79,43,0) ; (129,100,41)
(129,43,0) ; (179,100,41)
(179,43,0) ; (229,100,41)
(79,100,0) ; (154,133,41)
(154,100,0) ; (229,133,41)
(79,43,41) ; (145,133,84)
(145,43,41) ; (227,132,84)
(443,60,0) ; (513,144,69)
(443,60,69) ; (512,142,136)
(266,173,0) ; (331,232,34)
(331,173,0) ; (381,233,68)
(381,173,0) ; (431,233,68)
(266,173,34) ; (331,232,68)
(180,0,0) ; (249,42,41)
(249,0,0) ; (300,42,41)
(180,0,41) ; (296,42,76)
(364,52,0) ; (443,135,37)
(364,52,37) ; (443,135,74)
(364,52,74) ; (443,131,108)
(363,135,0) ; (439,173,75)
(300,0,0) ; (361,56,88)
(229,42,0) ; (297,135,63)
(299,56,0) ; (364,132,102)
(265,137,0) ; (363,173,54)
(266,140,54) ; (363,173,107)
(229,42,63) ; (263,134,93)
(263,42,63) ; (297,134,93)
(317,177,68) ; (356,231,102)
(356,177,68) ; (431,232,120)
(317,177,102) ; (356,231,136)
(356,177,120) ; (431,232,172)
(317,177,136) ; (356,231,172)
(317,177,172) ; (431,230,220)
(266,173,68) ; (313,206,107)
(266,206,68) ; (314,232,107)
(363,135,75) ; (439,173,150)
(180,0,76) ; (287,40,119)
(180,0,119) ; (285,20,156)
(180,20,119) ; (285,40,156)
(79,43,84) ; (181,132,113)
(79,43,113) ; (181,132,142)
(181,43,84) ; (224,130,134)
(300,0,88) ; (361,56,176)
(229,42,93) ; (260,92,145)
(260,42,93) ; (291,92,145)
(229,92,93) ; (289,133,166)
(366,0,97) ; (476,51,165)
(300,56,102) ; (364,129,186)
(266,173,107) ; (312,232,150)
(311,152,107) ; (363,173,144)
(266,140,107) ; (304,173,167)
(364,52,108) ; (443,129,165)
(93,136,111) ; (169,231,136)
(93,136,136) ; (169,231,161)
(93,136,161) ; (167,230,220)
(169,165,111) ; (263,231,195)
(169,165,195) ; (254,231,216)
(169,138,111) ; (263,165,145)
(169,138,145) ; (263,165,179)
(514,60,118) ; (585,145,152)
(181,43,134) ; (223,121,171)
(444,60,136) ; (512,132,164)
(444,60,164) ; (511,131,220)
(79,43,142) ; (173,89,220)
(79,89,142) ; (170,125,213)
(229,42,145) ; (282,90,218)
(364,138,150) ; (439,173,190)
(266,181,150) ; (306,232,219)
(524,60,152) ; (585,123,182)
(514,123,152) ; (585,145,181)
(180,0,156) ; (266,40,218)
(397,0,165) ; (476,45,218)
(370,0,165) ; (397,47,218)
(366,52,165) ; (443,129,212)
(229,92,166) ; (287,130,218)
(266,143,167) ; (301,173,219)
(181,43,171) ; (222,114,210)
(0,43,172) ; (64,99,196)
(0,43,196) ; (64,99,220)
(0,99,172) ; (62,133,218)
(0,0,175) ; (103,40,219)
(103,0,175) ; (157,36,214)
(303,0,176) ; (361,51,203)
(169,140,179) ; (263,165,211)
(525,60,182) ; (585,93,220)
(534,93,182) ; (585,118,219)
(308,56,186) ; (364,128,220)
(382,142,190) ; (439,173,220)
