0.1082
50 5001
587 233 220
100
1 34 1  47 1  63 1 2
2 36 1  99 0  65 1 1
3 58 0  87 0  26 1 2
4 60 0  27 1  30 1 1
5 94 0  27 1  58 0 1
6 91 1  74 1  56 1 1
7 92 1  61 1  60 1 1
8 99 0  40 1  24 1 1
9 77 0  94 0  25 1 1
10 86 0  34 1  52 1 1
11 37 1  67 1  58 1 1
12 35 1  47 1  62 1 1
13 49 1  85 1  48 1 1
14 74 0  54 0  24 1 1
15 103 0  68 0  29 1 1
16 51 1  100 0  39 1 1
17 68 1  58 1  49 1 2
18 36 1  99 0  32 1 1
19 97 0  78 0  20 1 2
20 94 0  89 0  29 1 2
21 43 1  31 1  57 1 1
22 74 1  100 1  73 1 1
23 72 0  74 0  25 1 1
24 50 0  100 0  21 1 1
25 43 1  54 1  56 1 1
26 67 0  33 1  35 1 2
27 54 1  51 1  41 1 1
28 96 1  79 1  78 1 1
29 55 1  30 1  29 1 1
30 100 0  37 1  41 1 1
31 112 0  87 1  52 1 1
32 112 0  36 1  49 1 1
33 53 1  66 1  73 1 1
34 70 1  72 1  74 1 1
35 87 1  71 1  62 1 1
36 55 1  65 1  76 1 1
37 74 0  61 0  30 1 1
38 40 1  77 0  26 1 1
39 77 1  54 1  72 1 1
40 50 1  33 1  46 1 2
41 107 0  82 1  45 1 1
42 36 1  93 0  50 1 1
43 41 1  43 1  38 1 1
44 71 1  68 1  43 1 1
45 58 1  62 1  65 1 3
46 77 1  68 1  57 1 3
47 112 0  40 1  35 1 2
48 57 1  88 0  30 1 1
49 116 0  74 1  56 1 2
50 85 1  51 1  51 1 1
51 119 0  25 1  26 1 3
52 67 0  92 0  21 1 1
53 100 0  25 1  28 1 1
54 95 0  40 1  51 1 2
55 74 0  60 1  35 1 1
56 102 1  56 1  77 1 1
57 73 0  34 1  70 0 1
58 119 0  38 1  39 1 1
59 34 1  62 1  40 1 1
60 78 0  50 1  26 1 2
61 49 1  76 1  76 1 3
62 120 0  49 1  41 1 1
63 82 1  89 1  73 1 2
64 84 0  85 0  42 1 1
65 40 1  85 0  70 1 1
66 98 1  59 1  74 1 2
67 63 1  78 1  51 1 1
68 35 1  88 0  76 0 1
69 113 0  96 0  32 1 1
70 90 0  40 1  32 1 1
71 76 1  96 0  44 1 1
72 95 0  93 0  34 1 1
73 79 0  100 0  30 1 1
74 41 1  91 0  57 1 1
75 74 1  92 1  72 1 2
76 80 1  98 1  63 1 2
77 52 1  60 1  69 1 3
78 90 0  40 1  45 1 1
79 75 1  85 1  65 1 1
80 57 1  93 0  41 1 1
81 54 1  46 1  71 1 1
82 103 0  36 1  37 1 1
83 37 1  55 1  68 1 1
84 56 1  42 1  49 1 2
85 96 0  28 1  70 0 2
86 73 0  50 1  32 1 1
87 115 0  77 1  46 1 1
88 82 0  28 1  49 1 1
89 64 1  100 1  56 1 1
90 82 0  86 0  32 1 2
91 93 0  60 1  40 1 1
92 62 0  100 0  22 1 2
93 96 1  66 1  55 1 1
94 66 1  67 1  73 1 1
95 117 0  27 1  39 1 2
96 41 1  99 0  65 1 2
97 87 0  72 0  26 1 1
98 70 1  92 1  70 1 1
99 86 1  86 1  78 1 1
100 90 1  49 1  56 1 1
(98,59,148) ; (0,0,0)
(72,74,217) ; (515,0,0)
(189,116,114) ; (0,117,0)
(77,154,114) ; (510,79,0)
(102,56,183) ; (0,59,0)
(196,63,138) ; (319,0,0)
(73,164,89) ; (437,69,0)
(68,58,212) ; (98,0,0)
(87,170,52) ; (350,63,0)
(91,57,115) ; (102,58,0)
(120,52,147) ; (166,0,0)
(158,80,51) ; (189,153,0)
(102,100,81) ; (193,52,0)
(33,50,92) ; (286,0,0)
(54,77,72) ; (296,63,0)
(96,78,104) ; (189,153,51)
(61,74,65) ; (286,157,51)
(85,84,42) ; (352,149,52)
(86,86,78) ; (351,63,52)
(53,73,98) ; (297,63,72)
(101,93,60) ; (193,52,81)
(73,100,74) ; (437,133,89)
(71,62,87) ; (439,69,89)
(31,43,57) ; (288,0,92)
(85,51,99) ; (352,182,94)
(78,26,100) ; (359,156,94)
(75,85,65) ; (511,146,114)
(70,74,106) ; (0,155,114)
(82,107,45) ; (70,122,114)
(63,34,94) ; (0,121,114)
(73,67,66) ; (513,79,114)
(36,112,89) ; (152,117,114)
(90,56,49) ; (102,58,115)
(60,69,52) ; (286,162,116)
(86,82,32) ; (351,63,130)
(100,62,44) ; (414,0,138)
(93,57,41) ; (321,0,138)
(94,89,29) ; (193,52,141)
(68,43,71) ; (166,0,147)
(41,51,54) ; (234,0,147)
(96,55,66) ; (0,0,148)
(30,29,55) ; (289,0,149)
(88,76,35) ; (189,154,155)
(51,100,60) ; (70,129,159)
(30,88,57) ; (121,141,159)
(86,82,32) ; (351,63,162)
(70,96,56) ; (440,137,163)
(71,46,54) ; (102,58,164)
(58,67,37) ; (288,164,168)
(94,89,29) ; (193,52,170)
(47,62,35) ; (300,63,170)
(54,56,43) ; (456,69,176)
(70,85,40) ; (516,146,179)
(93,50,36) ; (321,0,179)
(34,62,40) ; (552,79,180)
(27,60,30) ; (525,79,180)
(99,32,36) ; (415,0,182)
(100,25,28) ; (414,32,182)
(86,52,34) ; (0,59,183)
(87,72,26) ; (189,158,190)
(72,74,25) ; (365,63,194)
(92,67,21) ; (193,52,199)
