0.0928
14 1401
587 233 220
100
1 64 1  69 1  39 1 1
2 66 1  64 1  47 1 1
3 66 0  31 1  30 1 1
4 97 1  64 1  53 1 2
5 70 0  50 0  21 1 1
6 34 1  97 0  41 1 2
7 77 0  27 1  76 0 3
8 87 0  26 1  77 0 3
9 55 1  35 1  70 0 1
10 72 1  42 1  52 1 1
11 75 1  83 1  51 1 1
12 49 0  34 1  22 1 1
13 61 0  92 0  20 1 1
14 39 1  90 0  48 1 1
15 62 0  58 0  22 1 1
16 90 1  56 1  60 1 1
17 98 0  85 0  24 1 1
18 34 1  88 0  25 1 1
19 54 1  64 1  38 1 2
20 94 0  30 1  33 1 1
21 94 0  87 0  39 1 1
22 47 1  39 1  38 1 1
23 101 0  47 1  54 1 2
24 47 1  33 1  74 0 1
25 111 0  40 1  67 1 2
26 73 1  42 1  50 1 1
27 72 1  71 1  59 1 1
28 81 0  49 1  26 1 1
29 54 1  67 1  46 1 2
30 74 1  44 1  51 1 1
31 119 0  29 1  31 1 1
32 77 1  81 1  67 1 1
33 92 1  72 1  68 1 1
34 73 1  100 0  41 1 2
35 33 1  69 0  22 1 1
36 67 1  96 1  77 1 1
37 87 0  100 0  42 1 2
38 67 1  69 1  36 1 2
39 47 1  50 1  58 1 2
40 32 1  99 0  37 1 2
41 101 0  36 1  66 1 2
42 43 1  88 0  54 1 1
43 98 0  36 1  68 1 1
44 76 0  25 1  44 1 1
45 79 1  58 1  76 1 2
46 65 1  94 0  46 1 3
47 39 1  28 1  55 1 4
48 88 1  72 1  47 1 1
49 106 0  77 0  27 1 2
50 45 1  66 1  77 1 1
51 97 0  44 1  27 1 1
52 69 1  90 1  79 1 2
53 54 1  81 1  73 1 1
54 47 1  83 0  38 1 1
55 67 0  62 1  32 1 2
56 104 0  92 0  45 1 2
57 72 1  70 1  44 1 1
58 106 0  43 1  68 1 1
59 75 1  51 1  64 1 2
60 112 1  59 1  62 1 2
61 78 0  88 0  26 1 1
62 101 0  82 0  36 1 1
63 61 1  96 1  78 1 1
64 113 0  57 0  20 1 1
65 81 1  42 1  63 1 1
66 97 0  34 1  31 1 1
67 106 0  28 1  42 1 1
68 91 0  41 1  57 1 1
69 90 0  55 1  36 1 1
70 120 1  81 1  76 1 1
71 91 1  89 1  76 1 1
72 37 1  57 0  22 1 1
73 64 1  96 1  69 1 1
74 56 0  51 0  21 1 2
75 61 1  72 0  31 1 1
76 91 0  58 1  31 1 1
77 107 0  94 1  52 1 2
78 65 0  32 1  65 0 1
79 76 1  70 1  40 1 1
80 35 1  66 1  49 1 1
81 65 0  45 1  26 1 1
82 52 1  43 1  42 1 2
83 35 1  48 1  34 1 1
84 92 1  72 1  58 1 1
85 59 1  67 1  71 1 1
86 43 1  100 0  27 1 1
87 103 1  88 1  73 1 1
88 115 0  91 1  51 1 1
89 65 1  68 1  72 1 1
90 89 1  61 1  60 1 1
91 51 1  88 1  57 1 1
92 36 1  78 0  73 0 1
93 95 0  26 1  65 0 2
94 61 1  65 0  31 1 2
95 87 0  30 1  33 1 2
96 81 1  90 1  51 1 1
97 73 1  43 1  40 1 1
98 84 0  44 0  20 1 1
99 65 0  33 1  28 1 2
100 113 0  73 0  25 1 2
(103,73,196) ; (0,0,0)
(214,94,106) ; (373,0,0)
(81,77,214) ; (0,156,0)
(90,79,216) ; (497,154,0)
(101,82,143) ; (0,73,0)
(124,59,112) ; (463,95,0)
(116,76,119) ; (81,157,0)
(128,78,147) ; (369,155,0)
(99,64,212) ; (103,0,0)
(104,92,148) ; (103,64,0)
(170,71,72) ; (197,162,0)
(90,60,117) ; (373,95,0)
(94,46,215) ; (202,0,0)
(72,92,115) ; (301,0,0)
(91,115,51) ; (207,46,0)
(65,68,72) ; (304,94,0)
(91,76,89) ; (207,46,51)
(90,39,48) ; (207,122,51)
(111,67,144) ; (197,164,72)
(59,67,71) ; (308,164,72)
(65,66,28) ; (304,96,72)
(83,38,47) ; (207,123,99)
(65,65,32) ; (304,97,100)
(100,87,111) ; (484,0,106)
(106,43,111) ; (378,0,106)
(56,39,111) ; (428,43,106)
(51,44,74) ; (377,43,106)
(73,54,81) ; (514,100,112)
(51,57,88) ; (463,97,112)
(63,42,81) ; (310,0,115)
(66,45,103) ; (307,42,115)
(83,51,101) ; (379,104,117)
(113,73,50) ; (81,157,119)
(65,61,31) ; (304,101,132)
(91,41,57) ; (207,46,140)
(66,35,49) ; (207,87,140)
(90,81,51) ; (0,73,143)
(54,64,76) ; (313,167,143)
(72,31,61) ; (207,130,146)
(78,73,36) ; (419,157,147)
(50,58,47) ; (369,172,147)
(98,36,68) ; (103,64,148)
(90,55,36) ; (103,100,148)
(65,61,31) ; (304,101,163)
(47,58,50) ; (81,172,169)
(64,69,39) ; (128,161,169)
(47,38,39) ; (381,43,180)
(22,57,37) ; (475,173,183)
(55,70,35) ; (420,160,183)
(87,30,33) ; (103,125,184)
(88,25,34) ; (103,100,184)
(66,31,30) ; (207,87,189)
(56,51,21) ; (531,103,193)
(87,77,26) ; (0,73,194)
(34,49,22) ; (385,181,194)
(62,58,22) ; (307,104,194)
(50,70,21) ; (0,0,196)
(51,56,21) ; (50,0,196)
(69,33,22) ; (207,46,197)
