0.089
41 4101
587 233 220
100
1 44 1  49 1  70 1 1
2 89 0  32 1  22 1 2
3 118 0  83 0  35 1 1
4 61 1  37 1  39 1 1
5 53 1  67 1  36 1 1
6 56 1  65 1  51 1 2
7 50 1  79 1  55 1 1
8 107 1  100 1  62 1 1
9 84 1  80 1  72 1 1
10 80 1  54 1  64 1 1
11 101 0  78 1  42 1 1
12 85 0  99 0  36 1 1
13 47 1  95 0  71 1 1
14 67 0  38 1  23 1 1
15 44 1  98 0  57 1 2
16 98 0  65 0  32 1 2
17 110 0  75 1  48 1 1
18 79 1  71 1  76 1 1
19 31 1  43 1  79 0 2
20 77 1  58 1  79 1 2
21 96 0  39 1  67 1 1
22 46 1  59 1  36 1 2
23 41 1  71 1  50 1 1
24 94 0  25 1  52 0 1
25 97 1  66 1  63 1 1
26 82 1  78 1  46 1 2
27 47 1  36 1  53 1 2
28 58 0  53 0  20 1 1
29 100 0  43 1  37 1 2
30 35 1  88 0  26 1 1
31 92 0  72 0  34 1 1
32 49 1  97 0  48 1 1
33 56 1  34 1  76 0 1
34 37 1  49 1  68 1 2
35 59 1  47 1  46 1 3
36 110 0  25 1  27 1 2
37 51 1  99 0  42 1 1
38 30 1  81 0  68 0 1
39 87 0  60 0  21 1 1
40 112 0  33 1  21 1 1
41 100 0  43 1  49 1 2
42 85 1  53 1  69 1 1
43 87 0  75 0  34 1 2
44 30 1  45 1  62 0 2
45 98 0  52 1  30 1 2
46 48 1  32 1  42 1 2
47 76 1  87 1  48 1 2
48 98 1  69 1  77 1 1
49 72 1  70 1  67 1 1
50 54 1  95 1  76 1 1
51 90 0  70 1  45 1 1
52 103 0  25 1  22 1 1
53 89 1  87 1  80 1 3
54 41 1  90 0  74 1 1
55 77 0  93 0  33 1 1
56 84 1  62 1  61 1 1
57 38 1  82 0  67 1 2
58 49 0  90 0  21 1 1
59 108 0  96 0  46 1 1
60 50 1  92 0  38 1 1
61 78 1  49 1  68 1 2
62 74 0  29 1  24 1 1
63 57 1  30 1  64 0 1
64 54 1  77 1  58 1 1
65 88 0  43 1  57 1 1
66 81 0  41 1  28 1 1
67 39 1  55 1  37 1 1
68 113 0  41 1  52 1 2
69 46 1  37 1  54 1 1
70 115 0  96 1  51 1 1
71 55 1  30 1  42 1 1
72 64 1  52 1  60 1 1
73 69 0  56 1  33 1 1
74 74 0  31 1  36 1 1
75 96 1  74 1  51 1 1
76 112 0  76 0  30 1 1
77 49 1  76 1  56 1 1
78 62 1  45 1  36 1 1
79 36 1  27 1  25 1 2
80 69 1  99 1  73 1 2
81 94 0  27 1  55 0 1
82 42 1  84 0  61 1 3
83 79 0  43 1  27 1 2
84 82 1  73 1  79 1 2
85 115 0  89 0  29 1 1
86 81 1  65 1  69 1 1
87 88 1  56 1  65 1 1
88 53 1  74 1  62 1 1
89 68 1  76 1  61 1 3
90 48 1  31 1  33 1 1
91 84 1  49 1  53 1 2
92 81 1  50 1  51 1 1
93 82 0  84 0  32 1 1
94 78 0  35 1  40 1 3
95 39 1  92 0  53 1 1
96 40 1  77 1  49 1 1
97 41 1  50 1  37 1 1
98 51 1  73 0  35 1 1
99 80 1  87 1  77 1 1
100 36 1  28 1  76 0 1
(344,87,80) ; (0,0,0)
(84,146,140) ; (0,87,0)
(78,95,218) ; (509,138,0)
(99,138,109) ; (488,0,0)
(100,43,218) ; (409,190,0)
(187,77,147) ; (84,156,0)
(107,100,92) ; (381,0,0)
(115,51,188) ; (394,139,0)
(114,69,98) ; (84,87,0)
(79,43,116) ; (330,190,0)
(92,39,103) ; (396,100,0)
(37,100,43) ; (344,0,0)
(57,88,108) ; (337,102,0)
(59,47,128) ; (271,186,0)
(81,69,95) ; (198,87,0)
(57,98,88) ; (280,88,0)
(37,68,50) ; (344,0,43)
(33,31,48) ; (348,68,43)
(152,87,82) ; (0,0,80)
(118,85,88) ; (152,0,80)
(74,51,137) ; (270,0,80)
(73,35,51) ; (271,51,80)
(49,97,48) ; (288,89,88)
(65,98,124) ; (420,0,92)
(39,96,67) ; (381,0,92)
(36,67,53) ; (344,0,93)
(78,68,49) ; (198,87,95)
(63,66,97) ; (84,89,98)
(50,55,79) ; (147,100,98)
(82,38,67) ; (406,100,103)
(53,84,49) ; (340,106,108)
(94,55,27) ; (488,0,109)
(84,82,32) ; (498,55,109)
(78,40,70) ; (331,193,116)
(59,46,47) ; (271,186,128)
(69,33,56) ; (275,51,131)
(50,51,81) ; (532,0,136)
(44,49,70) ; (488,0,136)
(47,95,71) ; (290,91,136)
(48,110,75) ; (0,123,140)
(34,76,56) ; (48,157,140)
(81,28,41) ; (0,87,140)
(30,42,55) ; (48,115,140)
(84,80,72) ; (498,55,141)
(53,62,74) ; (198,93,144)
(23,67,38) ; (251,88,144)
(36,62,45) ; (344,0,146)
(67,70,72) ; (84,162,147)
(112,76,30) ; (151,156,147)
(42,84,61) ; (351,106,157)
(39,37,61) ; (381,0,159)
(36,46,59) ; (384,37,159)
(77,54,58) ; (0,0,162)
(64,30,57) ; (0,54,162)
(64,80,54) ; (77,0,162)
(113,82,52) ; (152,0,168)
(78,35,40) ; (410,103,170)
(54,46,37) ; (276,186,175)
(90,74,41) ; (151,158,177)
(39,55,37) ; (147,100,177)
(76,28,36) ; (0,87,181)
(74,36,31) ; (335,197,186)
(89,44,32) ; (415,145,188)
(58,53,20) ; (84,102,195)
(29,74,24) ; (48,159,196)
