0.1029
43 4301
587 233 220
100
1 83 0  33 1  65 1 1
2 38 1  33 1  79 0 1
3 42 1  66 1  62 1 1
4 82 1  70 1  43 1 1
5 88 1  54 1  79 1 2
6 102 0  31 1  56 1 1
7 56 1  74 1  80 1 1
8 61 1  52 1  33 1 1
9 111 0  55 1  74 1 1
10 49 1  70 1  70 1 2
11 70 1  53 1  53 1 1
12 90 1  47 1  65 1 1
13 48 1  95 0  26 1 1
14 39 1  56 0  25 1 1
15 33 1  93 0  27 1 1
16 35 1  50 1  52 1 1
17 88 0  43 1  57 1 1
18 49 1  53 1  38 1 1
19 109 0  32 1  33 1 2
20 117 0  55 1  40 1 3
21 42 1  79 0  26 1 2
22 117 0  50 1  38 1 2
23 51 1  93 1  67 1 2
24 75 0  33 1  73 0 1
25 58 1  88 1  68 1 1
26 110 0  41 1  70 1 1
27 36 1  51 1  60 1 1
28 74 0  30 1  38 1 1
29 53 1  73 1  45 1 4
30 68 0  35 1  25 1 1
31 79 0  76 0  31 1 1
32 30 1  99 0  43 1 1
33 39 1  96 0  65 1 2
34 98 1  50 1  76 1 1
35 79 1  80 1  42 1 1
36 38 1  49 0  20 1 2
37 103 0  69 1  48 1 2
38 81 0  39 1  65 1 1
39 93 0  76 0  26 1 1
40 39 1  44 1  46 1 1
41 46 1  80 1  56 1 2
42 100 0  59 1  30 1 1
43 42 1  96 0  75 1 1
44 72 0  33 1  74 0 1
45 72 0  54 1  36 1 1
46 45 1  91 0  30 1 1
47 86 0  32 1  27 1 1
48 36 1  33 1  63 1 1
49 78 1  62 1  40 1 3
50 90 0  66 0  30 1 1
51 105 1  91 1  58 1 1
52 46 1  99 0  66 1 3
53 69 1  87 1  78 1 1
54 89 0  32 1  78 0 2
55 114 1  93 1  62 1 1
56 99 0  63 0  20 1 1
57 69 1  94 1  63 1 2
58 86 1  59 1  48 1 1
59 103 1  56 1  58 1 1
60 53 1  73 1  57 1 1
61 118 0  28 1  52 1 1
62 75 1  81 1  56 1 1
63 69 0  78 0  29 1 2
64 109 0  29 1  20 1 1
65 98 0  53 0  26 1 2
66 32 1  36 1  68 0 1
67 64 0  94 0  24 1 2
68 86 1  77 1  48 1 3
69 57 1  57 1  63 1 1
70 94 0  43 1  75 1 2
71 79 1  54 1  52 1 1
72 119 0  53 1  31 1 1
73 101 0  46 1  26 1 1
74 54 0  88 0  27 1 1
75 59 1  36 1  32 1 2
76 46 1  86 1  54 1 1
77 67 1  94 0  46 1 2
78 106 1  82 1  77 1 1
79 113 0  27 1  66 0 1
80 64 1  90 0  38 1 2
81 71 1  86 1  64 1 1
82 103 1  64 1  60 1 1
83 65 1  55 1  76 1 1
84 32 1  29 1  44 1 1
85 119 0  86 0  28 1 1
86 46 1  82 1  70 1 2
87 118 0  40 1  49 1 1
88 48 1  60 1  70 1 1
89 90 0  40 1  41 1 1
90 46 1  88 1  61 1 3
91 84 1  100 0  46 1 1
92 109 0  94 0  32 1 1
93 38 1  36 1  55 1 1
94 93 1  87 1  64 1 1
95 97 1  82 1  58 1 1
96 117 0  83 1  51 1 1
97 103 0  83 0  23 1 1
98 52 1  33 1  46 1 1
99 74 0  45 1  26 1 1
100 51 1  46 1  67 1 1
(197,56,146) ; (0,0,0)
(135,176,70) ; (0,57,0)
(54,152,218) ; (533,0,0)
(87,78,213) ; (500,155,0)
(99,66,216) ; (434,0,0)
(103,69,189) ; (397,164,0)
(46,88,183) ; (487,66,0)
(89,171,64) ; (135,62,0)
(94,63,183) ; (340,0,0)
(75,96,128) ; (412,66,0)
(173,91,58) ; (224,142,0)
(103,60,64) ; (197,0,0)
(82,77,162) ; (330,63,0)
(36,60,83) ; (304,0,0)
(104,79,80) ; (224,60,0)
(54,88,73) ; (343,142,58)
(119,86,28) ; (224,144,58)
(86,59,48) ; (135,174,64)
(84,109,33) ; (135,65,64)
(103,58,87) ; (197,0,64)
(76,176,55) ; (0,57,70)
(49,130,70) ; (76,103,70)
(51,46,67) ; (76,57,70)
(98,76,50) ; (224,60,80)
(36,59,32) ; (304,0,83)
(117,83,51) ; (224,147,86)
(83,103,23) ; (135,69,97)
(82,58,97) ; (135,175,112)
(36,55,38) ; (304,0,115)
(83,103,33) ; (135,69,120)
(69,63,94) ; (0,170,125)
(73,110,53) ; (0,57,125)
(71,86,64) ; (416,66,128)
(93,76,26) ; (224,60,130)
(54,79,52) ; (343,149,131)
(49,38,20) ; (76,57,137)
(117,76,50) ; (224,154,137)
(46,56,80) ; (76,177,140)
(40,62,78) ; (76,115,140)
(119,53,31) ; (0,0,146)
(70,49,70) ; (119,0,146)
(100,30,59) ; (197,0,151)
(101,26,46) ; (197,30,151)
(79,76,31) ; (135,96,153)
(74,26,45) ; (135,69,153)
(35,52,50) ; (305,0,153)
(90,76,64) ; (224,60,156)
(36,33,63) ; (76,57,157)
(78,69,58) ; (333,63,162)
(118,49,40) ; (0,0,177)
(70,110,41) ; (0,57,178)
(44,29,32) ; (489,66,183)
(39,56,25) ; (494,98,183)
(68,32,36) ; (365,0,183)
(93,27,33) ; (340,32,183)
(54,72,36) ; (343,156,183)
(73,75,33) ; (135,97,184)
(72,74,33) ; (224,156,187)
(38,74,30) ; (303,156,187)
(90,66,30) ; (409,165,189)
(32,86,27) ; (455,66,192)
(35,68,25) ; (420,66,192)
