0.1066
81 8101
587 233 220
100
1 32 1  25 1  62 0 2
2 72 1  96 1  68 1 1
3 36 1  72 0  65 1 1
4 94 0  59 0  29 1 1
5 96 0  25 1  25 1 2
6 31 1  77 0  39 1 1
7 93 0  66 1  37 1 1
8 77 1  62 1  46 1 2
9 80 0  38 1  20 1 1
10 65 1  93 1  57 1 1
11 83 0  55 0  22 1 1
12 30 1  96 0  28 1 1
13 82 1  81 1  75 1 2
14 109 0  92 0  24 1 1
15 60 1  39 1  45 1 1
16 45 1  88 1  53 1 1
17 58 1  44 1  51 1 1
18 76 1  51 1  69 1 1
19 42 1  81 1  75 1 2
20 59 0  80 0  26 1 2
21 52 1  27 1  67 0 1
22 91 0  66 0  22 1 1
23 57 1  76 1  51 1 2
24 53 1  71 1  53 1 2
25 39 1  60 1  55 1 1
26 60 1  65 1  69 1 1
27 73 0  26 1  66 0 1
28 113 0  35 1  39 1 1
29 50 1  29 1  54 1 1
30 117 0  83 1  56 1 2
31 54 1  82 0  28 1 1
32 45 1  27 1  71 0 1
33 41 1  64 1  54 1 1
34 66 0  30 1  23 1 2
35 38 1  35 1  51 1 1
36 78 1  78 1  78 1 3
37 59 1  92 1  69 1 1
38 100 0  86 0  41 1 2
39 64 1  70 1  78 1 1
40 57 1  41 1  62 1 1
41 40 1  66 0  32 1 3
42 103 0  41 1  49 1 1
43 119 0  51 1  64 1 1
44 65 1  94 1  68 1 1
45 112 1  69 1  69 1 1
46 108 0  82 0  33 1 1
47 31 1  61 1  54 1 1
48 56 1  40 1  44 1 1
49 46 1  61 1  51 1 1
50 67 1  74 1  73 1 1
51 112 0  28 1  57 0 1
52 112 0  47 1  49 1 1
53 90 1  51 1  53 1 2
54 92 0  92 0  41 1 1
55 33 1  48 1  46 1 2
56 83 1  62 1  46 1 1
57 38 1  98 0  26 1 1
58 84 0  82 0  39 1 2
59 50 1  40 1  43 1 1
60 30 1  69 0  69 0 1
61 90 0  58 1  39 1 1
62 74 1  82 1  76 1 2
63 34 1  83 0  53 1 2
64 90 1  99 1  67 1 2
65 58 1  77 1  62 1 1
66 111 1  87 1  67 1 1
67 42 1  61 0  24 1 1
68 62 1  34 1  41 1 1
69 59 1  57 1  80 1 1
70 68 1  50 1  79 1 1
71 78 1  77 1  78 1 2
72 101 0  29 1  31 1 1
73 119 0  72 0  30 1 2
74 56 1  98 1  58 1 2
75 38 1  100 0  40 1 1
76 56 1  47 1  31 1 1
77 114 0  87 0  42 1 1
78 32 1  62 1  47 1 1
79 71 1  45 1  73 1 1
80 65 0  30 1  30 1 1
81 53 1  50 1  34 1 1
82 116 1  63 1  64 1 2
83 80 0  77 0  25 1 1
84 44 1  56 1  73 1 1
85 86 1  53 1  48 1 1
86 101 0  45 1  38 1 1
87 70 1  71 1  67 1 1
88 90 0  51 0  22 1 1
89 89 0  43 1  48 1 1
90 87 0  94 0  43 1 1
91 47 1  97 0  62 1 1
92 84 0  25 1  61 0 3
93 59 1  88 0  36 1 1
94 86 0  71 0  22 1 1
95 80 1  65 1  69 1 1
96 85 0  90 0  34 1 1
97 38 1  29 1  30 1 1
98 96 1  54 1  58 1 1
99 111 1  97 1  80 1 1
100 74 0  72 0  36 1 1
(63,116,128) ; (0,0,0)
(311,78,160) ; (276,0,0)
(99,67,220) ; (488,166,0)
(83,117,151) ; (0,116,0)
(97,111,80) ; (63,0,0)
(114,87,109) ; (473,79,0)
(92,118,84) ; (83,115,0)
(161,66,94) ; (327,167,0)
(114,76,51) ; (160,0,0)
(86,153,82) ; (175,80,0)
(142,89,43) ; (331,78,0)
(65,69,80) ; (262,164,0)
(70,78,64) ; (261,86,0)
(82,84,114) ; (391,81,43)
(59,80,83) ; (332,85,43)
(112,74,73) ; (160,0,51)
(69,76,51) ; (262,88,64)
(96,72,68) ; (63,0,80)
(90,39,58) ; (63,72,80)
(65,60,69) ; (262,173,80)
(77,80,103) ; (175,153,82)
(53,71,133) ; (175,80,82)
(30,66,76) ; (228,80,82)
(90,53,102) ; (83,179,84)
(84,61,75) ; (83,118,84)
(112,58,126) ; (376,174,94)
(46,61,51) ; (330,171,94)
(101,38,85) ; (483,128,109)
(103,49,41) ; (481,79,109)
(61,42,24) ; (270,122,115)
(48,33,46) ; (283,88,115)
(112,69,69) ; (160,0,124)
(58,77,62) ; (333,88,126)
(59,69,92) ; (0,0,128)
(58,44,91) ; (0,69,128)
(80,38,20) ; (63,72,138)
(60,39,45) ; (271,125,139)
(44,56,73) ; (332,176,145)
(86,71,22) ; (63,0,148)
(64,54,41) ; (263,179,149)
(97,47,62) ; (487,79,150)
(71,70,67) ; (0,161,151)
(72,36,65) ; (0,125,151)
(46,83,62) ; (426,82,157)
(28,82,54) ; (398,83,157)
(71,27,45) ; (63,72,158)
(25,62,32) ; (228,80,158)
(80,59,26) ; (83,120,159)
(88,45,53) ; (498,0,160)
(96,28,30) ; (490,45,160)
(101,31,29) ; (397,0,160)
(88,36,59) ; (402,31,160)
(119,72,60) ; (278,0,160)
(47,31,56) ; (284,88,161)
(79,68,50) ; (63,0,170)
(51,38,35) ; (280,126,184)
(50,53,34) ; (83,126,185)
(69,69,30) ; (175,162,185)
(30,38,29) ; (133,141,185)
(83,53,34) ; (83,179,186)
(54,61,31) ; (337,104,188)
(96,25,25) ; (402,0,189)
(96,25,25) ; (490,45,190)
(54,50,29) ; (273,183,190)
(73,66,26) ; (160,0,193)
(32,62,25) ; (233,0,193)
(98,38,26) ; (485,128,194)
