0.0968
62 6201
587 233 220
100
1 100 0  44 1  47 1 1
2 84 0  65 1  36 1 1
3 114 0  80 0  33 1 1
4 91 0  35 1  45 1 1
5 56 0  25 1  31 1 1
6 101 0  41 1  58 1 1
7 53 1  30 1  38 1 1
8 86 1  87 1  46 1 1
9 69 1  85 1  61 1 2
10 102 0  41 1  66 1 1
11 104 0  96 0  31 1 1
12 110 1  73 1  72 1 2
13 39 1  35 1  29 1 2
14 58 0  60 0  24 1 1
15 55 1  77 1  41 1 1
16 39 1  78 0  69 1 1
17 47 1  40 1  58 1 1
18 116 1  100 1  79 1 1
19 88 1  57 1  52 1 2
20 59 1  66 1  49 1 1
21 118 0  55 1  44 1 1
22 55 1  49 1  67 1 1
23 108 0  34 1  39 1 1
24 88 1  93 1  72 1 1
25 38 1  71 1  38 1 1
26 38 1  73 1  45 1 1
27 99 0  37 1  60 1 1
28 63 1  54 1  55 1 1
29 90 1  55 1  56 1 1
30 59 1  63 1  64 1 1
31 34 1  94 0  58 1 1
32 47 1  32 1  62 1 1
33 44 1  100 0  36 1 1
34 37 1  95 0  56 1 1
35 86 0  43 1  26 1 1
36 90 0  37 1  77 0 1
37 66 0  32 1  67 0 1
38 55 1  50 1  79 1 1
39 113 1  77 1  73 1 3
40 96 0  99 0  37 1 1
41 95 1  55 1  72 1 2
42 37 1  93 0  73 1 1
43 58 1  33 1  31 1 1
44 76 1  70 1  78 1 1
45 118 0  87 0  37 1 2
46 119 0  60 1  52 1 1
47 105 0  75 1  49 1 1
48 78 1  54 1  68 1 2
49 66 1  90 1  46 1 1
50 56 0  79 0  22 1 2
51 112 0  45 0  21 1 1
52 69 1  50 1  69 1 2
53 59 0  28 1  33 1 1
54 34 1  35 1  51 1 1
55 89 0  32 1  59 1 1
56 66 1  97 1  69 1 2
57 102 0  34 1  51 1 1
58 47 1  100 0  47 1 1
59 79 0  96 0  30 1 1
60 39 1  69 1  38 1 1
61 49 1  56 1  58 1 1
62 74 1  52 1  66 1 2
63 42 1  96 0  46 1 1
64 111 1  94 1  78 1 1
65 69 1  58 1  74 1 1
66 64 1  82 1  46 1 1
67 119 0  86 1  47 1 1
68 87 0  33 1  69 0 1
69 86 1  56 1  49 1 1
70 34 1  40 1  40 1 1
71 70 1  90 1  61 1 1
72 59 1  52 1  43 1 1
73 44 1  27 1  39 1 1
74 108 1  99 1  64 1 1
75 115 0  26 1  53 0 1
76 116 0  81 0  25 1 1
77 109 0  45 1  73 1 1
78 41 1  88 0  43 1 1
79 89 0  42 1  42 1 1
80 33 1  50 1  41 1 2
81 43 1  30 1  40 1 1
82 95 0  77 1  43 1 1
83 63 1  97 0  37 1 1
84 120 0  77 0  35 1 1
85 90 0  43 1  73 1 1
86 86 1  94 1  64 1 1
87 89 1  90 1  61 1 1
88 97 0  100 0  37 1 1
89 37 1  65 1  78 0 1
90 103 1  55 1  78 1 1
91 67 1  38 1  54 1 1
92 58 1  63 1  43 1 1
93 65 1  80 0  36 1 1
94 117 1  84 1  61 1 1
95 77 1  42 1  50 1 1
96 75 1  46 1  63 1 1
97 109 1  94 1  65 1 1
98 48 0  95 0  22 1 1
99 78 1  59 1  45 1 1
100 36 1  64 1  45 1 1
(72,110,196) ; (0,0,0)
(113,77,219) ; (474,0,0)
(99,156,74) ; (488,77,0)
(68,123,194) ; (0,110,0)
(111,94,143) ; (68,139,0)
(61,138,207) ; (72,0,0)
(198,95,72) ; (290,138,0)
(100,79,166) ; (374,0,0)
(118,87,135) ; (133,0,0)
(104,57,88) ; (384,79,0)
(64,99,145) ; (179,134,0)
(64,86,140) ; (310,0,0)
(119,47,107) ; (133,87,0)
(46,87,86) ; (243,146,0)
(59,64,63) ; (251,0,0)
(74,52,66) ; (310,86,0)
(58,74,69) ; (252,64,0)
(58,63,67) ; (251,0,63)
(74,52,66) ; (310,86,66)
(50,69,69) ; (252,64,69)
(150,93,37) ; (338,138,72)
(46,90,66) ; (292,141,72)
(95,77,43) ; (488,156,74)
(55,78,144) ; (528,77,74)
(39,78,69) ; (489,77,74)
(36,84,65) ; (243,149,86)
(100,47,127) ; (388,79,88)
(102,41,66) ; (133,87,107)
(149,78,35) ; (339,150,109)
(94,34,58) ; (489,199,117)
(90,43,99) ; (493,156,117)
(56,55,90) ; (251,0,130)
(56,49,86) ; (328,86,132)
(114,80,55) ; (133,0,135)
(46,63,75) ; (292,168,138)
(44,27,39) ; (294,141,138)
(49,67,55) ; (252,64,138)
(59,45,78) ; (315,0,140)
(64,36,45) ; (310,45,140)
(105,49,75) ; (68,184,143)
(109,45,73) ; (68,139,143)
(37,78,65) ; (491,77,143)
(78,70,76) ; (410,157,144)
(71,77,38) ; (339,150,144)
(61,90,70) ; (179,141,145)
(36,80,65) ; (243,153,151)
(96,42,46) ; (375,0,166)
(91,35,45) ; (380,42,166)
(58,40,47) ; (133,87,173)
(34,40,40) ; (191,87,173)
(51,34,35) ; (532,199,175)
(43,30,40) ; (489,203,175)
(53,30,38) ; (355,197,182)
(62,47,32) ; (346,150,182)
(58,33,31) ; (316,45,185)
(96,79,30) ; (133,0,190)
(31,56,25) ; (252,64,193)
(53,115,26) ; (0,118,194)
(48,95,22) ; (0,0,196)
