0.0795
66 6601
587 233 220
60
1 90 1  65 1  80 1 1
2 80 0  46 1  25 1 2
3 95 0  43 1  59 1 3
4 83 1  87 1  56 1 1
5 60 1  94 0  42 1 1
6 43 1  91 0  30 1 1
7 93 0  64 0  20 1 1
8 65 1  68 1  41 1 3
9 71 1  99 1  64 1 2
10 119 0  61 1  42 1 1
11 71 0  70 0  33 1 2
12 66 0  25 1  58 0 3
13 117 0  37 1  31 1 5
14 69 1  51 1  72 1 1
15 96 1  99 1  77 1 2
16 107 1  87 1  68 1 1
17 72 1  50 1  80 1 1
18 61 0  78 0  26 1 1
19 35 1  66 1  39 1 1
20 79 1  92 0  43 1 1
21 100 1  65 1  70 1 3
22 93 0  34 1  54 1 1
23 119 1  88 1  72 1 4
24 119 0  26 1  58 0 3
25 40 1  35 1  72 0 2
26 60 1  65 1  53 1 3
27 90 0  40 1  54 1 2
28 57 1  31 1  80 0 1
29 95 0  29 1  43 1 2
30 82 0  30 1  77 0 3
31 89 1  86 1  55 1 4
32 84 0  100 0  37 1 1
33 43 1  95 0  29 1 1
34 33 1  88 0  71 0 2
35 105 1  81 1  79 1 2
36 35 1  68 1  80 0 2
37 55 0  71 0  21 1 2
38 63 0  53 0  25 1 1
39 41 1  42 1  57 1 1
40 83 0  67 1  37 1 1
41 61 1  90 1  49 1 3
42 107 0  80 1  47 1 2
43 74 1  38 1  70 1 1
44 50 1  67 1  68 1 2
45 37 1  57 1  35 1 1
46 64 0  68 0  29 1 4
47 82 0  100 0  39 1 1
48 77 1  44 1  62 1 2
49 99 0  44 1  49 1 3
50 62 1  65 1  80 1 1
51 68 1  100 1  55 1 1
52 97 0  84 0  30 1 1
53 47 1  87 0  34 1 2
54 100 0  36 1  65 1 1
55 107 0  100 0  37 1 2
56 60 1  61 1  66 1 3
57 80 0  36 1  65 1 5
58 81 1  56 1  65 1 2
59 107 1  66 1  72 1 1
60 43 1  88 0  44 1 1
(288,162,88) ; (0,0,0)
(210,81,215) ; (377,0,0)
(195,70,191) ; (392,163,0)
(230,71,33) ; (0,162,0)
(142,82,90) ; (445,81,0)
(96,77,218) ; (296,156,0)
(89,86,165) ; (288,0,0)
(50,80,118) ; (395,83,0)
(64,71,128) ; (230,162,0)
(107,68,159) ; (288,88,0)
(180,66,114) ; (0,166,33)
(49,61,90) ; (180,171,33)
(94,161,80) ; (0,0,88)
(100,107,74) ; (94,0,88)
(99,49,44) ; (94,113,88)
(87,83,56) ; (194,0,88)
(92,43,79) ; (193,119,88)
(80,36,65) ; (194,83,88)
(88,77,62) ; (499,84,90)
(51,72,69) ; (448,89,90)
(49,61,90) ; (396,102,118)
(49,61,90) ; (180,171,123)
(64,68,87) ; (230,162,128)
(99,49,88) ; (94,113,132)
(70,38,74) ; (194,0,144)
(83,37,67) ; (194,38,144)
(99,64,71) ; (0,167,147)
(80,57,31) ; (99,174,147)
(88,71,33) ; (499,90,152)
(39,35,66) ; (194,83,153)
(37,35,57) ; (233,83,153)
(42,57,41) ; (457,104,159)
(100,65,36) ; (295,89,159)
(100,68,55) ; (94,0,162)
(93,34,54) ; (94,68,162)
(89,86,55) ; (288,0,165)
(88,43,44) ; (193,119,167)
(58,119,52) ; (0,0,168)
(31,117,37) ; (58,0,168)
(87,34,47) ; (0,127,168)
(71,55,42) ; (99,176,178)
(87,47,34) ; (500,114,185)
(119,58,26) ; (465,171,191)
(58,66,25) ; (407,163,191)
(53,63,25) ; (342,91,195)
