0.0678
27 2701
587 233 220
60
1 45 1  26 1  47 1 1
2 68 1  75 1  74 1 2
3 43 1  100 0  45 1 7
4 93 0  37 1  62 1 2
5 59 1  55 1  65 1 1
6 120 0  41 1  79 1 1
7 30 1  46 1  58 1 4
8 50 1  37 1  63 1 3
9 104 0  74 0  32 1 3
10 41 1  44 1  23 1 2
11 33 1  26 1  32 1 2
12 51 1  58 1  58 1 1
13 68 1  74 1  46 1 3
14 43 1  35 1  38 1 1
15 102 0  53 1  36 1 2
16 116 1  70 1  71 1 2
17 57 1  78 1  78 1 2
18 99 0  37 1  46 1 2
19 36 1  68 0  34 1 4
20 46 1  35 1  49 1 1
21 44 1  99 0  25 1 2
22 63 1  51 1  39 1 1
23 74 1  81 1  48 1 3
24 94 0  73 0  26 1 3
25 46 1  47 1  55 1 4
26 62 0  28 1  44 1 1
27 54 1  68 1  69 1 3
28 31 1  97 0  47 1 1
29 99 0  43 1  64 1 2
30 116 0  80 1  51 1 3
31 107 0  79 0  35 1 3
32 89 1  56 1  47 1 1
33 63 1  61 1  80 1 1
34 95 0  35 1  38 1 1
35 51 1  64 0  31 1 2
36 83 0  44 1  41 1 3
37 84 1  66 1  66 1 2
38 70 0  76 0  26 1 5
39 44 1  26 1  25 1 6
40 61 1  42 1  79 1 3
41 78 1  99 1  66 1 3
42 98 0  29 1  65 0 5
43 106 0  35 1  52 1 2
44 102 1  90 1  52 1 3
45 63 0  67 0  26 1 3
46 61 1  70 1  52 1 2
47 54 0  25 1  59 0 2
48 32 1  45 1  46 1 1
49 64 1  83 0  40 1 1
50 65 0  29 1  56 1 2
51 105 1  79 1  64 1 3
52 72 1  77 1  67 1 2
53 88 0  67 0  28 1 3
54 71 0  89 0  34 1 1
55 48 1  71 0  34 1 3
56 73 0  35 1  66 1 4
57 66 0  92 0  29 1 3
58 36 1  41 1  37 1 2
59 53 1  62 1  57 1 4
60 43 1  97 0  74 1 2
(243,116,125) ; (0,0,0)
(100,154,218) ; (487,0,0)
(140,116,71) ; (0,117,0)
(128,79,207) ; (459,154,0)
(67,154,185) ; (420,0,0)
(107,79,169) ; (352,154,0)
(106,114,132) ; (140,119,0)
(104,90,179) ; (316,0,0)
(104,73,132) ; (248,160,0)
(73,94,78) ; (243,0,0)
(78,57,156) ; (342,97,0)
(92,66,87) ; (250,94,0)
(74,104,149) ; (0,129,71)
(64,83,84) ; (74,150,71)
(64,31,102) ; (74,119,71)
(71,89,34) ; (243,0,78)
(84,66,66) ; (258,94,87)
(70,76,52) ; (243,0,112)
(47,110,93) ; (0,0,125)
(162,69,94) ; (47,0,125)
(74,46,94) ; (47,69,125)
(89,47,56) ; (121,69,125)
(30,58,92) ; (209,0,125)
(30,58,92) ; (210,58,125)
(98,65,87) ; (140,167,132)
(100,45,86) ; (140,122,132)
(102,68,36) ; (250,160,132)
(55,59,65) ; (287,101,153)
(29,65,56) ; (258,95,153)
(61,80,63) ; (74,152,155)
(76,51,63) ; (344,103,156)
(70,76,52) ; (243,0,164)
(58,58,51) ; (294,170,168)
(44,52,50) ; (250,176,168)
(63,74,50) ; (394,159,169)
(34,71,48) ; (360,162,169)
(62,28,44) ; (74,122,173)
(88,83,41) ; (327,0,179)
(35,43,38) ; (121,69,181)
(49,46,35) ; (156,69,181)
(65,98,29) ; (420,0,185)
(59,54,25) ; (426,100,185)
