0.0743
34 3401
587 233 220
60
1 86 0  36 1  37 1 2
2 72 1  82 1  53 1 3
3 86 0  31 1  47 1 4
4 51 1  67 1  45 1 3
5 90 0  39 1  59 1 1
6 114 0  76 0  21 1 5
7 37 1  27 1  79 0 2
8 48 1  90 1  78 1 1
9 89 0  85 0  20 1 3
10 110 0  90 0  27 1 2
11 69 1  77 1  48 1 3
12 43 1  40 1  51 1 2
13 48 1  27 1  61 0 3
14 33 1  57 1  79 0 2
15 34 1  61 0  24 1 1
16 43 1  54 1  43 1 1
17 72 1  89 1  55 1 2
18 52 1  81 1  59 1 3
19 61 1  31 1  76 0 4
20 52 0  25 1  58 0 2
21 62 1  61 1  65 1 1
22 47 1  34 1  75 0 3
23 46 1  83 0  41 1 3
24 107 0  48 1  37 1 3
25 112 0  65 0  25 1 2
26 95 0  44 1  29 1 2
27 55 1  74 1  65 1 3
28 50 0  77 0  21 1 3
29 106 0  39 1  51 1 1
30 120 0  30 1  58 1 3
31 38 1  49 0  24 1 1
32 44 1  30 1  30 1 4
33 53 1  62 1  48 1 2
34 30 1  76 0  46 1 2
35 104 0  54 1  51 1 4
36 100 0  87 0  39 1 2
37 118 0  45 1  76 1 3
38 112 0  52 1  36 1 2
39 63 1  37 1  41 1 2
40 86 0  91 0  29 1 2
41 77 0  36 1  72 0 1
42 77 1  92 1  78 1 2
43 99 1  80 1  77 1 4
44 86 1  60 1  50 1 3
45 80 1  66 1  60 1 1
46 83 1  89 1  51 1 3
47 36 1  83 0  46 1 1
48 70 0  96 0  21 1 1
49 64 1  64 1  77 1 2
50 119 0  70 0  27 1 2
51 58 1  38 1  31 1 1
52 77 1  95 1  71 1 4
53 46 1  40 1  24 1 4
54 37 1  83 0  35 1 2
55 90 1  78 1  55 1 2
56 104 0  81 0  35 1 2
57 54 1  68 1  43 1 1
58 73 1  72 1  65 1 1
59 37 1  68 1  39 1 2
60 76 1  43 1  65 1 3
(231,80,147) ; (0,0,0)
(154,95,220) ; (0,138,0)
(110,90,214) ; (477,0,0)
(87,141,138) ; (500,92,0)
(120,58,90) ; (0,80,0)
(118,76,219) ; (382,157,0)
(85,89,213) ; (392,0,0)
(228,65,123) ; (154,168,0)
(80,66,117) ; (420,91,0)
(106,82,166) ; (286,0,0)
(104,54,156) ; (120,80,0)
(76,31,122) ; (154,137,0)
(53,82,131) ; (231,0,0)
(45,67,102) ; (375,90,0)
(94,86,120) ; (281,82,0)
(51,86,100) ; (230,82,0)
(112,52,36) ; (0,80,90)
(46,83,60) ; (230,85,100)
(43,54,43) ; (377,103,102)
(79,37,27) ; (420,120,117)
(79,27,37) ; (420,91,117)
(80,77,99) ; (292,91,120)
(76,30,46) ; (154,138,122)
(154,64,95) ; (154,169,123)
(62,65,61) ; (314,168,123)
(106,48,92) ; (0,80,126)
(50,77,21) ; (231,0,131)
(83,141,35) ; (500,92,138)
(78,37,68) ; (421,120,144)
(43,54,68) ; (377,103,145)
(65,73,72) ; (0,0,147)
(48,77,69) ; (65,0,147)
(114,76,21) ; (113,0,147)
(47,75,68) ; (231,0,152)
(61,27,48) ; (438,91,154)
(74,41,63) ; (120,80,156)
(30,44,60) ; (194,80,156)
(46,80,24) ; (230,85,160)
(104,51,54) ; (286,0,166)
(95,29,44) ; (295,51,166)
(112,36,52) ; (113,0,168)
(106,39,51) ; (113,36,168)
(61,27,48) ; (154,141,168)
(77,50,42) ; (504,183,173)
(75,34,47) ; (506,149,173)
(67,51,45) ; (514,98,173)
(58,38,31) ; (318,195,184)
(61,24,34) ; (315,171,184)
(38,49,24) ; (230,116,184)
(44,30,30) ; (230,85,184)
