0.0667
52 5201
587 233 220
60
1 38 1  26 1  69 0 4
2 68 1  88 1  57 1 2
3 36 1  93 0  54 1 2
4 116 0  41 1  49 1 2
5 72 1  99 1  52 1 4
6 73 1  81 0  37 1 4
7 103 0  81 1  44 1 2
8 69 0  61 0  20 1 1
9 44 1  70 1  54 1 1
10 101 0  34 1  75 0 2
11 35 1  83 0  80 0 1
12 78 1  86 1  54 1 3
13 49 1  60 1  73 1 3
14 42 1  64 1  61 1 2
15 71 1  59 1  68 1 2
16 45 1  45 1  44 1 1
17 39 1  26 1  58 0 1
18 41 1  73 1  70 1 2
19 66 1  42 1  35 1 2
20 87 0  27 1  32 1 3
21 42 1  78 0  27 1 2
22 118 0  36 1  65 1 3
23 110 0  41 1  73 1 2
24 96 0  71 0  27 1 1
25 100 0  57 1  29 1 3
26 95 1  85 1  78 1 1
27 52 1  68 0  28 1 1
28 110 1  94 1  58 1 2
29 77 1  50 1  75 1 3
30 72 1  56 1  80 1 3
31 30 1  40 1  45 1 4
32 104 0  62 0  24 1 2
33 97 1  65 1  53 1 2
34 31 1  26 1  44 1 2
35 48 1  53 1  30 1 3
36 82 1  83 1  45 1 2
37 66 1  96 0  45 1 5
38 109 1  73 1  56 1 2
39 70 1  82 1  80 1 1
40 108 0  61 0  30 1 2
41 57 0  50 0  21 1 1
42 32 1  93 0  57 1 1
43 80 0  38 1  48 1 3
44 39 1  72 1  53 1 2
45 66 1  84 1  47 1 3
46 75 0  46 1  24 1 3
47 81 1  56 1  67 1 1
48 38 1  71 1  37 1 3
49 67 0  30 1  43 1 3
50 57 1  76 1  43 1 3
51 30 1  27 1  47 1 7
52 52 1  59 1  65 1 1
53 120 1  92 1  80 1 3
54 42 1  98 0  27 1 1
55 65 0  31 1  32 1 1
56 41 1  77 1  47 1 2
57 72 1  39 1  70 1 4
58 106 0  80 1  52 1 1
59 79 0  74 0  27 1 2
60 55 1  62 1  55 1 2
(97,160,143) ; (0,0,0)
(81,148,217) ; (506,0,0)
(210,72,138) ; (0,161,0)
(82,83,125) ; (505,150,0)
(160,120,160) ; (346,0,0)
(191,112,131) ; (314,121,0)
(78,86,219) ; (97,0,0)
(101,75,183) ; (97,86,0)
(95,85,144) ; (175,0,0)
(103,88,138) ; (210,145,0)
(72,80,138) ; (274,0,0)
(73,60,190) ; (198,85,0)
(30,40,135) ; (316,80,0)
(42,64,122) ; (271,80,0)
(39,53,72) ; (271,80,122)
(77,82,95) ; (508,151,125)
(118,108,65) ; (384,123,131)
(61,108,60) ; (323,123,131)
(30,40,45) ; (316,80,135)
(56,67,81) ; (0,166,138)
(96,71,27) ; (56,162,138)
(54,70,44) ; (152,163,138)
(66,84,82) ; (210,148,138)
(70,73,82) ; (274,0,138)
(32,87,81) ; (276,145,138)
(82,116,76) ; (0,0,143)
(57,43,76) ; (0,116,143)
(37,38,71) ; (57,121,143)
(50,77,75) ; (175,0,144)
(39,72,70) ; (225,0,144)
(65,52,59) ; (440,0,160)
(55,62,55) ; (450,52,160)
(62,55,55) ; (378,0,160)
(72,53,39) ; (378,55,160)
(30,48,53) ; (348,0,160)
(31,65,32) ; (347,48,160)
(93,36,54) ; (56,197,165)
(68,28,52) ; (56,169,165)
(27,30,47) ; (124,167,165)
(52,69,38) ; (152,164,182)
(93,54,36) ; (97,101,183)
(67,43,30) ; (198,85,190)
(61,69,20) ; (323,162,191)
(58,39,26) ; (326,123,191)
(31,44,26) ; (347,48,192)
(31,44,26) ; (271,80,194)
(104,62,24) ; (398,169,196)
(75,46,24) ; (427,123,196)
(57,50,21) ; (393,55,199)
