0.075
6 601
587 233 220
60
1 120 0  98 0  41 1 1
2 91 1  99 1  52 1 3
3 114 0  48 1  58 1 3
4 87 1  95 1  74 1 1
5 85 0  46 0  23 1 5
6 37 1  72 1  59 1 3
7 106 0  30 1  55 1 1
8 111 1  64 1  63 1 3
9 111 0  35 1  66 1 2
10 117 1  94 1  65 1 2
11 107 0  70 1  46 1 1
12 88 0  88 0  27 1 4
13 57 1  34 1  59 1 2
14 74 1  38 1  62 1 2
15 111 0  36 1  37 1 1
16 76 1  47 1  46 1 3
17 108 0  46 1  42 1 2
18 45 1  98 0  52 1 1
19 51 1  98 0  41 1 1
20 70 1  40 1  55 1 2
21 85 1  72 1  56 1 3
22 81 1  97 1  69 1 1
23 68 1  63 1  46 1 1
24 110 0  97 0  28 1 3
25 110 0  26 1  27 1 1
26 82 0  32 1  51 1 4
27 120 0  60 0  24 1 3
28 119 0  55 1  28 1 3
29 118 0  27 1  44 1 2
30 32 1  55 1  66 0 3
31 48 0  94 0  22 1 3
32 91 1  50 1  53 1 2
33 41 1  29 1  73 0 2
34 109 1  55 1  59 1 1
35 98 1  61 1  67 1 1
36 63 1  53 1  37 1 1
37 64 1  94 1  72 1 2
38 34 1  54 0  23 1 2
39 108 1  64 1  57 1 2
40 57 1  41 1  37 1 2
41 114 1  88 1  76 1 1
42 119 1  80 1  75 1 1
43 93 0  54 1  45 1 1
44 119 0  63 0  26 1 2
45 94 1  91 1  61 1 2
46 101 0  43 1  47 1 3
47 110 1  65 1  73 1 3
48 56 1  69 1  41 1 3
49 62 0  26 1  43 1 2
50 57 1  67 1  41 1 3
51 46 1  89 1  73 1 1
52 46 1  79 1  55 1 2
53 54 1  94 0  37 1 4
54 72 1  95 0  45 1 1
55 52 1  34 1  28 1 1
56 37 1  33 1  55 1 3
57 62 1  71 1  37 1 2
58 53 1  90 0  41 1 2
59 61 1  46 1  72 1 3
60 67 1  49 1  34 1 1
(144,114,58) ; (0,0,0)
(195,110,147) ; (392,0,0)
(299,65,215) ; (0,168,0)
(98,120,113) ; (489,113,0)
(199,53,182) ; (0,115,0)
(94,122,145) ; (395,111,0)
(149,57,216) ; (144,0,0)
(94,54,74) ; (301,179,0)
(88,176,54) ; (304,0,0)
(123,57,136) ; (144,57,0)
(101,47,129) ; (199,121,0)
(37,63,124) ; (267,57,0)
(88,76,114) ; (304,0,54)
(87,95,74) ; (305,81,54)
(70,111,106) ; (0,0,58)
(74,113,62) ; (70,0,58)
(90,53,82) ; (305,180,74)
(95,72,106) ; (491,159,113)
(94,46,76) ; (492,113,113)
(69,81,97) ; (70,0,120)
(66,32,55) ; (70,81,120)
(37,55,33) ; (267,57,124)
(85,92,23) ; (307,84,128)
(98,45,52) ; (199,123,129)
(119,56,83) ; (144,57,136)
(80,119,75) ; (408,111,145)
(114,59,71) ; (469,0,147)
(94,48,44) ; (489,59,147)
(46,61,72) ; (423,0,147)
(63,46,68) ; (426,61,147)
(30,106,55) ; (393,0,147)
(85,92,23) ; (307,84,151)
(82,51,64) ; (313,182,156)
(37,55,33) ; (267,57,157)
(59,109,55) ; (0,0,164)
(47,76,46) ; (345,0,168)
(41,73,29) ; (304,0,168)
(73,89,46) ; (319,87,174)
(62,26,43) ; (70,81,175)
(73,41,29) ; (199,127,181)
(164,51,32) ; (0,116,182)
(34,52,28) ; (164,115,182)
(85,46,23) ; (501,113,189)
(34,54,23) ; (267,57,190)
(94,48,22) ; (489,59,191)
(34,54,23) ; (311,0,197)
