0.0809
37 3701
587 233 220
60
1 112 0  100 0  37 1 1
2 49 1  96 0  37 1 1
3 85 0  69 0  26 1 6
4 68 1  75 1  74 1 1
5 56 1  99 0  35 1 3
6 118 0  29 1  54 1 2
7 40 1  90 0  62 1 2
8 119 0  28 1  60 0 2
9 108 0  60 1  31 1 4
10 93 1  70 1  50 1 1
11 30 1  95 0  77 0 3
12 118 0  46 1  52 1 1
13 45 1  32 1  60 1 2
14 101 0  61 1  32 1 3
15 52 1  43 1  51 1 4
16 96 1  58 1  66 1 1
17 60 1  44 1  35 1 3
18 52 1  74 0  33 1 2
19 86 0  44 1  27 1 3
20 54 1  29 1  75 0 3
21 54 1  54 1  80 1 3
22 83 1  83 1  71 1 2
23 46 1  81 1  72 1 2
24 58 1  94 1  50 1 2
25 37 1  98 0  63 1 2
26 107 1  67 1  56 1 3
27 93 0  39 1  55 1 3
28 76 0  77 0  29 1 1
29 112 0  42 1  57 1 3
30 81 1  49 1  65 1 2
31 119 0  53 0  22 1 4
32 88 1  54 1  72 1 1
33 98 0  46 1  49 1 3
34 77 0  74 0  25 1 2
35 63 1  84 1  50 1 1
36 100 0  42 1  22 1 2
37 76 0  45 1  37 1 2
38 72 1  82 1  76 1 3
39 34 1  95 0  59 1 3
40 55 1  43 1  60 1 2
41 55 1  64 1  48 1 1
42 51 0  60 0  24 1 5
43 40 1  85 0  78 1 2
44 38 1  53 1  71 1 4
45 78 0  34 1  76 0 1
46 56 1  45 1  65 1 2
47 75 0  60 0  25 1 1
48 54 1  82 0  33 1 2
49 90 0  41 1  42 1 1
50 73 1  92 1  61 1 2
51 64 0  42 1  25 1 2
52 105 1  58 1  57 1 1
53 67 0  76 0  25 1 2
54 111 0  78 1  46 1 2
55 100 0  73 0  27 1 1
56 115 0  41 1  73 1 4
57 106 0  58 1  37 1 4
58 98 1  60 1  78 1 4
59 84 0  57 0  26 1 3
60 72 1  50 1  41 1 3
(156,60,220) ; (0,0,0)
(230,73,164) ; (0,160,0)
(118,108,177) ; (469,0,0)
(207,85,104) ; (380,148,0)
(65,49,217) ; (0,60,0)
(84,50,135) ; (0,110,0)
(93,39,110) ; (494,109,0)
(201,56,173) ; (268,0,0)
(94,50,186) ; (65,60,0)
(112,57,184) ; (156,0,0)
(98,49,175) ; (84,111,0)
(111,92,78) ; (358,56,0)
(92,73,122) ; (288,160,0)
(80,54,220) ; (159,57,0)
(58,66,141) ; (230,167,0)
(51,43,156) ; (182,117,0)
(64,101,98) ; (294,56,0)
(54,72,88) ; (239,57,0)
(53,38,142) ; (233,129,0)
(83,83,142) ; (386,56,78)
(27,86,88) ; (359,56,78)
(53,71,76) ; (239,57,88)
(63,98,37) ; (294,56,98)
(95,77,90) ; (491,155,104)
(78,76,88) ; (413,156,104)
(33,74,52) ; (380,158,104)
(93,39,55) ; (494,109,110)
(81,72,46) ; (299,161,122)
(81,46,72) ; (0,114,135)
(62,90,80) ; (295,56,135)
(55,60,43) ; (230,172,141)
(44,35,60) ; (233,132,142)
(33,74,52) ; (380,158,156)
(51,43,52) ; (182,117,156)
(99,70,56) ; (0,162,164)
(119,60,56) ; (99,172,164)
(45,65,56) ; (239,57,164)
(75,29,54) ; (512,119,165)
(27,86,44) ; (359,56,166)
(76,67,50) ; (304,166,168)
(118,52,46) ; (351,0,173)
(72,50,41) ; (279,0,173)
(90,42,41) ; (84,118,175)
(44,100,42) ; (543,0,177)
(45,76,37) ; (498,0,177)
(25,64,42) ; (473,0,177)
(64,25,42) ; (479,76,177)
(99,56,35) ; (156,0,184)
(44,60,35) ; (230,172,184)
(60,45,32) ; (65,60,186)
(77,74,25) ; (413,156,192)
(60,75,25) ; (526,157,194)
