0.0719
8 801
587 233 220
60
1 47 1  46 1  46 1 2
2 83 0  32 1  52 1 2
3 103 0  35 1  21 1 2
4 58 0  28 1  31 1 2
5 51 1  43 1  70 1 1
6 50 0  98 0  23 1 1
7 63 0  92 0  21 1 4
8 70 1  74 1  71 1 3
9 107 0  67 1  52 1 1
10 58 1  38 1  44 1 1
11 80 1  65 1  62 1 4
12 105 0  88 0  23 1 1
13 108 0  81 0  37 1 2
14 69 1  46 1  36 1 2
15 64 1  97 1  53 1 4
16 66 0  38 1  30 1 3
17 79 1  88 1  79 1 2
18 77 1  52 1  70 1 1
19 44 1  41 1  56 1 2
20 57 1  97 1  65 1 3
21 119 0  54 1  74 1 4
22 61 1  39 1  58 1 3
23 82 0  89 0  20 1 2
24 98 0  33 1  38 1 1
25 97 0  47 1  73 1 1
26 48 1  25 1  48 1 1
27 96 0  32 1  40 1 1
28 72 1  69 1  42 1 1
29 72 0  86 0  23 1 5
30 69 1  75 1  57 1 3
31 53 0  56 0  25 1 1
32 97 1  52 1  78 1 4
33 34 1  85 0  63 1 2
34 83 0  29 1  43 1 2
35 90 0  40 1  29 1 2
36 78 1  76 1  73 1 4
37 119 0  73 1  58 1 1
38 120 0  83 1  46 1 1
39 67 0  35 1  26 1 1
40 53 1  31 1  33 1 1
41 90 0  100 0  34 1 3
42 63 1  55 1  68 1 2
43 86 0  51 0  22 1 3
44 108 0  68 1  36 1 4
45 41 1  52 1  64 1 1
46 101 1  90 1  80 1 3
47 106 0  43 1  39 1 2
48 51 1  68 1  57 1 1
49 36 1  55 1  66 1 2
50 39 1  97 0  43 1 2
51 87 0  54 1  30 1 2
52 50 0  91 0  23 1 1
53 106 0  27 1  62 0 2
54 69 0  46 0  23 1 2
55 80 1  52 1  50 1 4
56 98 1  68 1  74 1 2
57 66 1  93 1  65 1 2
58 52 1  92 0  42 1 1
59 96 0  33 1  28 1 1
60 77 0  53 1  30 1 1
(194,65,163) ; (0,0,0)
(104,168,194) ; (0,65,0)
(189,74,216) ; (398,0,0)
(76,156,215) ; (511,77,0)
(101,158,148) ; (410,75,0)
(186,65,167) ; (104,168,0)
(80,100,147) ; (104,65,0)
(119,58,134) ; (291,175,0)
(108,68,196) ; (290,0,0)
(88,79,158) ; (194,0,0)
(68,99,143) ; (342,76,0)
(106,86,39) ; (184,82,0)
(52,70,120) ; (290,105,0)
(46,36,138) ; (296,68,0)
(72,86,115) ; (184,82,39)
(34,85,126) ; (256,83,39)
(51,68,57) ; (290,107,120)
(69,57,75) ; (339,176,134)
(44,58,79) ; (295,175,134)
(33,31,53) ; (309,68,138)
(66,90,38) ; (342,82,143)
(47,97,73) ; (104,65,147)
(29,90,40) ; (151,65,147)
(97,57,65) ; (411,176,148)
(92,52,42) ; (416,124,148)
(93,47,46) ; (415,75,148)
(62,80,65) ; (184,88,154)
(83,32,52) ; (194,0,158)
(83,43,29) ; (194,32,158)
(193,62,54) ; (0,0,163)
(30,77,53) ; (256,91,165)
(184,63,21) ; (104,168,167)
(44,56,41) ; (297,119,177)
(40,90,29) ; (368,82,181)
(26,67,35) ; (342,105,181)
(28,58,31) ; (151,65,187)
(83,43,29) ; (194,32,187)
(96,40,32) ; (104,191,188)
(83,52,32) ; (200,179,188)
(86,51,22) ; (422,125,190)
(53,56,25) ; (0,177,194)
(46,69,23) ; (53,164,194)
(50,91,23) ; (0,86,194)
(50,98,23) ; (50,65,194)
(69,46,23) ; (439,75,194)
(86,51,22) ; (311,0,196)
