0.0714
20 2001
587 233 220
60
1 53 1  54 1  65 1 2
2 70 1  43 1  75 1 1
3 82 0  36 1  28 1 3
4 92 0  44 1  50 1 4
5 91 1  77 1  48 1 6
6 44 1  67 1  79 1 2
7 33 1  54 1  54 1 2
8 95 0  66 1  36 1 3
9 39 1  47 1  31 1 1
10 40 1  26 1  55 0 3
11 52 0  79 0  25 1 2
12 33 1  47 1  58 1 4
13 77 1  56 1  64 1 1
14 84 0  25 1  67 0 2
15 78 0  53 1  32 1 2
16 114 1  67 1  75 1 2
17 68 1  87 1  78 1 2
18 45 1  68 1  71 1 3
19 91 0  78 0  26 1 3
20 53 1  37 1  31 1 2
21 33 1  92 0  62 1 2
22 42 1  93 0  42 1 3
23 79 0  48 1  30 1 3
24 82 0  30 1  50 1 1
25 93 0  97 0  28 1 3
26 34 1  41 1  32 1 5
27 114 0  57 1  30 1 2
28 115 1  88 1  60 1 3
29 45 1  77 1  47 1 2
30 110 1  83 1  71 1 2
31 84 0  32 1  25 1 2
32 43 1  61 1  74 1 2
33 64 0  53 1  30 1 5
34 35 1  79 0  26 1 2
35 72 0  53 1  29 1 4
36 38 1  87 0  71 1 2
37 108 0  88 0  30 1 2
38 51 0  25 1  60 0 3
39 77 1  92 1  59 1 2
40 67 1  50 1  36 1 2
41 86 0  26 1  30 1 3
42 101 0  74 1  46 1 3
43 43 1  49 1  63 1 2
44 87 0  29 1  65 0 2
45 31 1  76 0  39 1 1
46 105 1  81 1  60 1 1
47 120 1  86 1  65 1 2
48 77 1  95 1  49 1 3
49 119 1  89 1  65 1 2
50 105 0  31 1  60 1 1
51 41 1  56 1  44 1 4
52 38 1  63 1  61 1 5
53 72 1  46 1  73 1 2
54 83 0  58 0  29 1 2
55 50 0  30 1  21 1 5
56 36 1  32 1  59 1 5
57 99 0  38 1  32 1 2
58 51 1  62 1  77 1 1
59 31 1  33 1  51 1 4
60 53 1  77 1  41 1 2
(273,79,126) ; (0,0,0)
(67,150,114) ; (0,83,0)
(218,120,175) ; (369,113,0)
(96,113,191) ; (491,0,0)
(108,152,121) ; (67,81,0)
(83,110,174) ; (408,0,0)
(92,154,103) ; (175,79,0)
(135,97,84) ; (273,0,0)
(101,74,138) ; (268,159,0)
(51,62,123) ; (318,97,0)
(51,62,116) ; (267,97,0)
(68,87,136) ; (340,0,84)
(65,54,136) ; (275,0,84)
(67,36,100) ; (273,54,84)
(90,149,68) ; (175,80,103)
(66,92,62) ; (0,141,114)
(66,58,47) ; (0,83,114)
(50,60,21) ; (267,97,116)
(105,112,60) ; (67,117,121)
(95,36,66) ; (67,81,121)
(47,58,33) ; (321,99,123)
(72,73,92) ; (0,0,126)
(87,72,91) ; (72,0,126)
(64,77,56) ; (159,0,126)
(45,71,68) ; (223,0,126)
(44,56,82) ; (267,101,137)
(99,64,81) ; (270,169,138)
(47,58,33) ; (321,99,156)
(66,54,54) ; (0,83,161)
(77,95,49) ; (175,134,171)
(55,52,40) ; (175,80,171)
(31,53,37) ; (230,80,171)
(77,106,41) ; (409,0,174)
(67,79,44) ; (520,149,175)
(123,82,44) ; (397,146,175)
(64,34,41) ; (523,115,175)
(102,32,41) ; (421,114,175)
(28,82,36) ; (369,146,175)
(47,31,39) ; (374,115,175)
(50,92,44) ; (0,141,176)
(71,87,38) ; (67,142,181)
(32,59,36) ; (138,170,181)
(84,25,32) ; (67,117,181)
(21,50,30) ; (151,120,181)
(63,61,38) ; (159,0,182)
(59,32,36) ; (281,54,184)
(82,36,28) ; (67,81,187)
(37,53,31) ; (331,104,189)
(83,58,29) ; (499,0,191)
(72,53,29) ; (510,58,191)
(40,55,26) ; (223,0,194)
