0.0748
4 401
587 233 220
60
1 55 1  65 1  64 1 2
2 35 1  84 0  57 1 2
3 120 0  37 1  35 1 1
4 38 1  37 1  37 1 2
5 113 1  81 1  57 1 2
6 36 1  70 1  57 1 1
7 31 1  67 0  45 1 1
8 105 0  97 0  32 1 3
9 63 1  86 1  69 1 3
10 118 1  82 1  70 1 3
11 62 1  65 1  45 1 2
12 59 1  69 1  67 1 2
13 65 1  70 1  61 1 2
14 110 0  72 0  24 1 4
15 94 0  71 0  20 1 6
16 68 1  53 1  73 1 2
17 33 1  51 1  45 1 2
18 81 0  54 0  22 1 2
19 36 1  28 1  66 0 2
20 39 1  76 1  54 1 2
21 113 0  31 1  44 1 1
22 109 0  36 1  35 1 2
23 108 1  93 1  59 1 1
24 96 0  83 1  46 1 1
25 104 0  72 0  35 1 4
26 82 1  64 1  47 1 3
27 45 1  93 0  60 1 2
28 31 1  89 0  26 1 1
29 78 1  84 0  41 1 1
30 53 1  76 1  63 1 1
31 67 1  77 1  50 1 2
32 55 1  51 1  48 1 2
33 59 1  59 1  35 1 2
34 60 0  68 0  27 1 1
35 48 1  91 0  44 1 1
36 87 1  92 1  62 1 1
37 92 1  74 1  59 1 1
38 101 1  61 1  63 1 2
39 79 0  83 0  27 1 1
40 96 0  32 1  61 1 3
41 111 0  42 1  32 1 3
42 119 0  33 1  29 1 3
43 114 0  49 1  39 1 2
44 75 1  60 1  43 1 1
45 47 1  53 1  45 1 4
46 57 1  74 1  49 1 2
47 105 0  75 1  46 1 2
48 51 1  99 1  65 1 3
49 37 1  98 0  44 1 1
50 85 0  93 0  34 1 1
51 115 1  75 1  67 1 2
52 80 0  35 1  45 1 1
53 61 1  31 1  50 1 4
54 99 1  99 1  60 1 2
55 78 0  27 1  38 1 1
56 89 1  89 1  66 1 4
57 94 1  96 1  49 1 2
58 53 1  74 0  27 1 2
59 40 1  54 1  69 1 3
60 49 1  67 1  75 1 1
(75,115,210) ; (0,0,0)
(99,99,214) ; (488,0,0)
(82,118,140) ; (0,115,0)
(89,132,211) ; (498,101,0)
(114,113,177) ; (75,0,0)
(69,120,121) ; (82,113,0)
(99,65,214) ; (399,168,0)
(291,105,32) ; (197,0,0)
(94,116,120) ; (151,117,0)
(101,63,215) ; (397,105,0)
(64,65,180) ; (335,168,0)
(90,62,157) ; (245,171,0)
(69,63,172) ; (328,105,0)
(82,64,141) ; (245,107,0)
(150,105,46) ; (338,0,32)
(93,59,182) ; (197,0,32)
(47,45,106) ; (291,0,32)
(96,46,136) ; (197,59,32)
(43,60,75) ; (295,45,32)
(72,104,140) ; (416,0,78)
(78,54,139) ; (338,0,78)
(77,50,134) ; (339,54,78)
(35,59,59) ; (303,45,107)
(39,114,98) ; (151,119,120)
(53,68,73) ; (190,165,120)
(51,48,55) ; (190,117,120)
(69,86,63) ; (82,145,121)
(67,31,45) ; (82,114,121)
(37,38,75) ; (301,0,138)
(82,118,70) ; (0,115,140)
(81,54,22) ; (245,117,141)
(84,57,35) ; (245,176,157)
(81,54,22) ; (245,117,163)
(66,28,36) ; (82,117,166)
(33,51,45) ; (305,45,166)
(91,44,48) ; (197,59,168)
(51,55,48) ; (346,113,172)
(51,33,45) ; (190,132,175)
(70,109,36) ; (75,0,177)
(44,98,37) ; (145,0,177)
(59,59,35) ; (337,174,180)
(57,84,35) ; (82,147,184)
(80,45,35) ; (245,126,185)
(78,38,27) ; (245,195,192)
