0.0739
87 8701
587 233 220
60
1 44 1  43 1  68 1 2
2 115 0  76 0  30 1 2
3 88 0  67 0  20 1 2
4 61 1  90 0  42 1 3
5 59 1  31 1  59 1 1
6 55 1  51 1  29 1 2
7 62 1  91 1  79 1 2
8 112 0  39 1  43 1 1
9 75 0  26 1  80 0 3
10 93 0  46 1  41 1 2
11 68 1  62 1  35 1 5
12 34 1  93 0  48 1 4
13 75 1  79 1  65 1 2
14 73 0  68 0  30 1 1
15 120 0  74 0  34 1 1
16 92 0  35 1  67 1 2
17 39 1  53 1  49 1 1
18 115 0  38 1  28 1 2
19 71 1  82 1  44 1 2
20 93 1  83 1  59 1 4
21 82 0  71 0  31 1 1
22 98 1  93 1  51 1 2
23 42 1  79 0  33 1 1
24 65 1  78 1  53 1 1
25 49 0  50 0  21 1 5
26 77 0  25 1  61 0 1
27 76 1  96 1  71 1 2
28 42 1  58 1  79 1 2
29 88 1  53 1  77 1 3
30 71 1  68 1  55 1 1
31 95 1  98 1  52 1 2
32 84 1  84 1  59 1 3
33 85 0  94 0  28 1 1
34 103 1  78 1  79 1 1
35 95 1  57 1  53 1 3
36 36 1  53 1  55 1 1
37 61 0  34 1  28 1 1
38 55 1  48 1  35 1 4
39 102 0  67 1  39 1 1
40 45 1  90 0  41 1 4
41 74 1  64 1  61 1 2
42 63 1  41 1  57 1 1
43 53 1  90 1  55 1 2
44 71 1  69 1  43 1 3
45 50 1  81 0  31 1 1
46 99 0  55 1  34 1 2
47 97 0  62 1  43 1 3
48 107 0  86 0  22 1 4
49 87 0  47 1  43 1 4
50 78 1  96 1  69 1 3
51 53 1  79 1  79 1 3
52 80 0  74 0  24 1 2
53 47 1  42 1  59 1 1
54 92 1  52 1  73 1 1
55 87 0  81 0  40 1 1
56 103 0  35 1  26 1 3
57 81 0  34 1  72 0 1
58 101 0  30 1  47 1 3
59 68 1  55 1  73 1 3
60 93 0  47 1  26 1 4
(207,96,176) ; (0,0,0)
(84,118,219) ; (503,0,0)
(160,137,91) ; (0,96,0)
(121,55,219) ; (466,178,0)
(84,59,177) ; (503,119,0)
(96,71,219) ; (407,0,0)
(237,53,167) ; (229,180,0)
(86,107,88) ; (417,71,0)
(69,43,213) ; (160,190,0)
(99,71,219) ; (308,0,0)
(68,93,139) ; (160,97,0)
(43,97,186) ; (207,0,0)
(95,106,87) ; (322,74,0)
(57,95,53) ; (250,0,0)
(93,83,104) ; (228,97,0)
(52,92,73) ; (250,0,53)
(93,94,26) ; (323,81,87)
(79,103,78) ; (424,75,88)
(122,74,98) ; (0,159,91)
(90,61,126) ; (0,98,91)
(35,68,124) ; (122,165,91)
(68,62,70) ; (90,97,91)
(90,82,45) ; (228,97,104)
(93,94,26) ; (323,81,113)
(43,87,94) ; (250,0,126)
(67,88,20) ; (160,97,139)
(85,94,28) ; (331,81,139)
(87,81,40) ; (228,98,149)
(67,88,20) ; (160,97,159)
(68,62,35) ; (90,97,161)
(35,103,52) ; (468,75,166)
(31,81,50) ; (437,97,166)
(174,47,43) ; (286,186,167)
(78,65,53) ; (338,110,167)
(55,36,53) ; (229,197,167)
(55,29,51) ; (361,81,167)
(92,93,41) ; (0,0,176)
(112,39,43) ; (92,0,176)
(99,50,42) ; (92,39,176)
(47,59,42) ; (539,119,177)
(63,57,41) ; (160,128,179)
(61,28,34) ; (160,97,179)
(42,79,33) ; (207,0,186)
(68,73,30) ; (0,160,189)
(51,55,29) ; (68,178,189)
(82,71,31) ; (228,108,189)
(49,50,21) ; (90,109,196)
