0.0748
89 8901
587 233 220
60
1 105 0  44 1  47 1 3
2 48 1  68 1  79 1 1
3 30 1  45 0  20 1 4
4 34 1  97 0  66 1 3
5 92 0  95 0  36 1 4
6 40 1  65 1  65 1 2
7 107 0  48 1  61 1 2
8 97 0  79 0  36 1 4
9 86 0  42 1  47 1 4
10 109 0  68 0  20 1 1
11 77 0  27 1  28 1 2
12 63 1  51 1  75 1 1
13 34 1  59 1  56 1 3
14 111 0  100 0  39 1 3
15 33 1  92 0  40 1 1
16 69 1  45 1  61 1 1
17 77 1  72 1  73 1 2
18 35 1  99 0  26 1 3
19 116 0  43 1  62 1 1
20 116 0  34 1  47 1 3
21 59 0  26 1  36 1 2
22 34 1  88 0  51 1 1
23 100 1  98 1  72 1 2
24 112 0  25 1  31 1 4
25 118 0  70 0  22 1 2
26 37 1  48 1  66 1 2
27 66 1  81 1  52 1 1
28 61 1  92 0  38 1 2
29 73 0  66 0  21 1 3
30 97 1  73 1  78 1 2
31 61 1  43 1  45 1 4
32 113 1  73 1  72 1 1
33 69 1  54 1  39 1 6
34 96 1  83 1  63 1 1
35 86 0  35 1  72 0 1
36 48 0  56 0  23 1 4
37 46 1  52 0  24 1 2
38 103 1  61 1  53 1 1
39 84 1  46 1  71 1 2
40 83 1  56 1  43 1 2
41 105 0  59 1  32 1 2
42 90 1  73 1  48 1 2
43 87 0  49 0  24 1 2
44 102 0  36 1  61 1 3
45 88 0  34 1  56 1 3
46 101 0  66 0  32 1 2
47 89 0  60 1  31 1 3
48 100 0  79 1  46 1 5
49 102 0  45 1  26 1 1
50 106 1  54 1  72 1 3
51 91 0  53 1  32 1 2
52 103 0  45 1  46 1 1
53 56 0  49 0  21 1 3
54 37 1  29 1  74 0 1
55 36 1  95 0  35 1 4
56 52 1  64 0  28 1 1
57 54 1  36 1  42 1 1
58 79 1  98 0  46 1 1
59 84 1  75 1  63 1 4
60 58 1  100 0  34 1 4
(200,79,210) ; (0,0,0)
(117,154,138) ; (0,79,0)
(98,227,144) ; (489,0,0)
(74,233,145) ; (415,0,0)
(84,150,213) ; (117,83,0)
(103,61,217) ; (312,0,0)
(153,106,72) ; (262,127,0)
(108,48,212) ; (200,0,0)
(61,184,81) ; (201,49,0)
(101,66,98) ; (314,61,0)
(48,79,68) ; (262,48,0)
(48,73,90) ; (262,48,68)
(34,97,66) ; (381,132,72)
(116,102,47) ; (265,127,72)
(60,178,31) ; (201,51,81)
(97,66,34) ; (314,61,98)
(59,105,64) ; (201,124,112)
(54,72,106) ; (201,51,112)
(111,100,39) ; (270,129,119)
(96,63,83) ; (315,61,132)
(109,66,52) ; (0,167,138)
(107,88,81) ; (0,79,138)
(32,91,53) ; (383,138,138)
(92,84,71) ; (492,0,144)
(86,72,35) ; (498,155,144)
(51,63,75) ; (533,92,144)
(40,65,65) ; (493,90,144)
(72,113,73) ; (415,0,145)
(70,118,44) ; (417,115,145)
(111,100,39) ; (270,129,158)
(45,69,61) ; (262,48,158)
(59,52,36) ; (201,177,176)
(56,49,44) ; (201,128,176)
(65,65,40) ; (519,162,179)
(20,45,30) ; (499,182,179)
(60,89,31) ; (427,144,189)
(45,20,30) ; (442,124,189)
(74,37,29) ; (0,194,190)
(77,27,28) ; (0,167,190)
(20,45,30) ; (77,186,190)
(27,77,28) ; (388,152,191)
(56,48,23) ; (325,181,197)
(56,49,21) ; (325,132,197)
(49,56,21) ; (276,173,197)
(45,30,20) ; (280,143,197)
