0.0751
96 9601
587 233 220
60
1 66 0  31 1  59 1 1
2 57 1  90 1  54 1 3
3 100 0  48 1  50 1 3
4 120 0  94 0  41 1 1
5 88 1  51 1  61 1 1
6 110 0  60 1  33 1 2
7 57 1  54 1  53 1 2
8 84 0  100 0  37 1 3
9 93 1  51 1  51 1 1
10 106 1  71 1  63 1 1
11 32 1  68 0  56 1 3
12 88 0  90 0  35 1 2
13 117 0  48 1  62 1 3
14 98 0  41 1  26 1 1
15 94 1  97 1  60 1 4
16 36 1  82 0  51 1 2
17 32 1  95 0  26 1 1
18 116 0  43 1  75 1 1
19 63 1  73 1  50 1 3
20 91 1  96 1  66 1 3
21 73 1  82 1  61 1 1
22 66 0  56 0  24 1 2
23 35 1  74 0  40 1 1
24 35 1  96 0  63 1 4
25 91 1  47 1  66 1 3
26 39 1  30 1  69 0 4
27 108 0  32 1  72 0 1
28 42 1  58 1  33 1 2
29 96 0  70 0  27 1 2
30 64 1  86 0  38 1 5
31 115 1  60 1  75 1 2
32 51 1  73 1  51 1 5
33 42 1  54 1  65 1 3
34 106 0  44 1  23 1 2
35 40 1  35 1  70 0 2
36 31 1  70 0  62 0 1
37 30 1  48 0  20 1 1
38 120 0  58 1  31 1 1
39 82 0  39 1  59 1 3
40 34 1  34 1  74 0 4
41 105 1  89 1  55 1 2
42 78 1  94 0  41 1 3
43 86 0  38 1  51 1 1
44 68 1  38 1  67 1 1
45 37 1  32 1  34 1 4
46 57 1  50 1  51 1 1
47 99 0  73 0  33 1 1
48 73 1  94 0  43 1 3
49 65 1  89 1  80 1 1
50 36 1  89 0  51 1 1
51 83 0  30 1  67 0 2
52 31 1  45 1  47 1 4
53 61 1  31 1  59 1 1
54 87 0  36 1  63 1 2
55 116 0  72 1  43 1 1
56 79 1  85 1  45 1 1
57 78 1  97 1  60 1 2
58 98 0  39 1  20 1 1
59 116 0  37 1  59 1 2
60 106 1  75 1  66 1 3
(60,115,150) ; (0,0,0)
(94,120,217) ; (493,0,0)
(182,66,216) ; (0,167,0)
(212,75,152) ; (375,158,0)
(117,62,218) ; (60,0,0)
(73,51,216) ; (0,116,0)
(86,38,115) ; (501,120,0)
(156,60,163) ; (337,0,0)
(57,54,196) ; (60,62,0)
(102,51,121) ; (73,116,0)
(140,96,156) ; (353,60,0)
(105,55,178) ; (177,0,0)
(57,54,180) ; (117,62,0)
(94,78,166) ; (182,155,0)
(66,75,140) ; (309,158,0)
(84,100,111) ; (177,55,0)
(54,65,126) ; (283,0,0)
(32,68,168) ; (276,165,0)
(90,88,70) ; (263,65,0)
(89,80,65) ; (264,65,70)
(82,36,51) ; (177,55,111)
(71,63,106) ; (177,92,111)
(86,38,64) ; (501,120,115)
(100,50,96) ; (73,116,121)
(51,61,88) ; (286,0,126)
(85,79,45) ; (268,65,135)
(34,74,34) ; (339,158,140)
(30,69,39) ; (309,163,140)
(59,82,39) ; (0,0,150)
(59,31,61) ; (0,82,150)
(80,70,65) ; (505,160,152)
(38,68,67) ; (467,162,152)
(87,72,63) ; (380,158,152)
(59,82,39) ; (432,60,156)
(76,86,64) ; (356,60,156)
(82,36,51) ; (177,55,162)
(150,51,51) ; (339,0,163)
(89,36,51) ; (182,192,166)
(90,31,47) ; (182,161,166)
(31,45,47) ; (276,188,168)
(34,74,34) ; (339,158,174)
(98,26,41) ; (177,0,178)
(95,26,32) ; (177,26,178)
(74,35,40) ; (513,123,179)
(30,69,39) ; (309,163,179)
(47,45,31) ; (117,62,180)
(82,59,39) ; (271,65,180)
(48,20,30) ; (305,124,180)
(59,66,31) ; (0,0,189)
(56,66,24) ; (435,60,195)
