0.0748
32 3201
587 233 220
60
1 60 0  44 0  20 1 1
2 33 1  87 0  66 0 4
3 30 1  46 1  40 1 2
4 35 1  84 0  46 1 1
5 81 1  58 1  67 1 2
6 35 1  30 1  46 1 2
7 42 1  40 1  35 1 2
8 44 1  69 1  66 1 2
9 83 0  40 1  71 1 2
10 96 1  51 1  59 1 1
11 67 0  26 1  41 1 1
12 112 0  94 0  40 1 3
13 78 0  37 1  65 1 1
14 61 1  33 1  68 0 1
15 114 0  94 0  27 1 2
16 71 1  61 1  61 1 1
17 70 1  49 1  79 1 1
18 49 1  41 1  45 1 2
19 113 0  45 1  24 1 4
20 75 1  39 1  51 1 3
21 94 0  47 1  56 1 1
22 41 1  75 1  62 1 3
23 103 1  63 1  52 1 3
24 96 1  64 1  58 1 2
25 67 1  56 1  44 1 1
26 113 0  46 1  75 1 4
27 50 1  97 1  59 1 1
28 45 1  47 1  27 1 4
29 95 1  68 1  59 1 2
30 113 0  28 1  47 1 1
31 118 1  89 1  70 1 2
32 49 1  86 1  69 1 3
33 54 1  54 1  31 1 3
34 96 0  74 1  39 1 4
35 37 1  68 1  58 1 3
36 34 1  87 0  75 0 2
37 57 1  44 1  60 1 1
38 63 0  46 1  26 1 2
39 46 0  61 0  22 1 2
40 44 1  44 1  40 1 3
41 102 1  53 1  58 1 2
42 59 1  57 1  39 1 2
43 105 1  81 1  63 1 3
44 107 0  46 1  57 1 1
45 76 1  51 1  73 1 1
46 78 1  89 1  54 1 3
47 118 0  45 1  45 1 3
48 71 0  35 1  44 1 3
49 30 1  76 0  80 0 3
50 60 1  51 1  31 1 5
51 59 1  51 1  54 1 3
52 110 0  38 1  63 1 3
53 78 0  78 0  39 1 3
54 90 1  75 1  78 1 2
55 86 0  67 1  36 1 2
56 48 1  86 1  61 1 1
57 76 0  93 0  25 1 1
58 83 0  84 0  30 1 3
59 64 0  81 0  26 1 3
60 120 0  68 1  50 1 2
(68,118,213) ; (0,0,0)
(105,81,214) ; (482,0,0)
(113,150,182) ; (474,83,0)
(94,114,174) ; (0,119,0)
(90,118,185) ; (68,0,0)
(104,63,215) ; (94,170,0)
(88,69,213) ; (394,0,0)
(78,162,128) ; (396,71,0)
(120,50,164) ; (94,120,0)
(96,117,183) ; (158,0,0)
(83,160,90) ; (313,73,0)
(51,73,76) ; (343,0,0)
(110,63,114) ; (198,170,0)
(87,66,132) ; (256,0,0)
(59,51,162) ; (214,119,0)
(58,53,102) ; (254,66,0)
(39,51,75) ; (273,119,0)
(39,51,75) ; (273,119,75)
(51,59,96) ; (343,0,76)
(80,83,71) ; (313,150,90)
(79,70,49) ; (314,73,90)
(58,53,102) ; (254,66,102)
(48,61,106) ; (198,172,114)
(61,61,71) ; (246,172,114)
(78,129,39) ; (396,98,128)
(63,26,46) ; (411,71,128)
(81,64,52) ; (262,0,132)
(78,65,37) ; (315,73,139)
(31,51,60) ; (273,119,150)
(60,83,57) ; (333,150,161)
(59,39,57) ; (214,131,162)
(67,44,56) ; (94,123,164)
(45,47,54) ; (161,120,164)
(75,124,41) ; (396,103,167)
(45,54,47) ; (349,0,172)
(49,82,45) ; (0,149,174)
(44,80,44) ; (49,151,174)
(80,30,46) ; (0,119,174)
(63,26,46) ; (411,71,174)
(75,62,41) ; (318,73,176)
(61,68,33) ; (526,157,182)
(44,71,35) ; (482,154,182)
(58,68,37) ; (529,89,182)
(54,54,31) ; (475,100,182)
(86,67,36) ; (158,0,183)
(84,40,35) ; (158,67,183)
(81,64,26) ; (262,0,184)
(87,75,34) ; (68,0,185)
(67,41,26) ; (68,75,185)
(54,54,31) ; (246,179,185)
