0.07
36 3601
587 233 220
60
1 118 0  39 1  72 1 4
2 117 0  79 0  35 1 3
3 68 0  44 1  25 1 4
4 55 1  47 1  55 1 5
5 58 1  71 1  38 1 4
6 71 1  88 1  53 1 2
7 55 0  44 0  20 1 1
8 119 0  65 1  35 1 3
9 116 0  41 1  52 1 4
10 31 1  40 1  31 1 3
11 54 1  64 1  56 1 6
12 107 0  69 1  48 1 3
13 43 1  35 1  77 0 4
14 68 1  53 1  69 1 3
15 100 0  87 0  36 1 2
16 103 0  94 0  47 1 2
17 82 0  49 1  41 1 2
18 116 0  72 1  42 1 2
19 58 1  42 1  72 1 4
20 66 1  46 1  56 1 2
21 73 0  44 1  23 1 2
22 117 0  53 0  25 1 2
23 37 1  76 0  53 1 1
24 65 1  73 1  79 1 2
25 63 0  26 1  45 1 2
26 116 0  46 1  52 1 2
27 31 1  40 1  56 1 5
28 97 0  100 0  21 1 2
29 41 1  84 0  64 1 1
30 116 0  46 1  51 1 3
31 38 1  28 1  79 0 3
32 40 1  62 0  21 1 1
33 83 1  49 1  72 1 2
34 75 1  100 1  57 1 3
35 80 1  86 1  76 1 1
36 52 0  85 0  25 1 1
37 68 1  84 1  61 1 2
38 118 0  27 1  64 0 3
39 55 1  29 1  53 1 1
40 109 1  79 1  59 1 1
41 99 0  84 0  32 1 2
42 105 1  55 1  76 1 1
43 58 1  37 1  32 1 3
44 80 0  40 1  23 1 1
45 64 1  47 1  38 1 1
46 80 0  46 1  32 1 2
47 37 1  90 0  34 1 3
48 78 1  98 1  67 1 3
49 106 0  87 0  33 1 1
50 60 0  30 1  47 1 1
51 30 1  41 1  80 0 4
52 60 0  46 0  20 1 2
53 108 0  30 1  50 1 1
54 38 1  44 1  26 1 3
55 46 1  44 1  68 1 3
56 111 1  63 1  78 1 2
57 64 0  48 1  31 1 1
58 88 0  89 0  24 1 2
59 30 1  65 0  59 1 2
60 48 1  97 0  60 1 3
(107,168,141) ; (0,0,0)
(128,232,106) ; (459,0,0)
(111,63,156) ; (0,170,0)
(236,39,215) ; (107,0,0)
(144,119,105) ; (111,114,0)
(201,98,99) ; (258,135,0)
(116,46,219) ; (343,0,0)
(171,75,100) ; (107,39,0)
(176,89,95) ; (283,46,0)
(140,84,125) ; (317,46,95)
(32,80,123) ; (285,46,95)
(103,94,120) ; (355,138,99)
(96,97,60) ; (259,135,99)
(158,73,65) ; (107,39,100)
(144,116,42) ; (111,115,105)
(80,86,114) ; (507,0,106)
(47,110,110) ; (540,114,106)
(80,82,112) ; (460,142,106)
(48,107,69) ; (459,0,106)
(80,23,40) ; (507,86,106)
(80,31,112) ; (460,111,106)
(105,55,76) ; (0,0,141)
(59,109,79) ; (0,55,141)
(47,64,38) ; (59,55,141)
(46,44,68) ; (59,120,141)
(73,23,44) ; (514,86,146)
(100,87,72) ; (111,144,147)
(55,29,53) ; (111,115,147)
(43,77,70) ; (211,154,147)
(62,21,40) ; (166,123,147)
(26,38,44) ; (228,116,147)
(37,58,64) ; (0,175,156)
(65,59,60) ; (37,174,156)
(48,97,60) ; (307,135,159)
(48,64,31) ; (259,168,159)
(40,31,56) ; (259,137,159)
(68,69,53) ; (107,39,165)
(76,37,53) ; (175,39,165)
(77,35,43) ; (175,76,165)
(25,68,44) ; (482,0,175)
(23,73,44) ; (459,0,175)
(40,31,31) ; (467,73,175)
(46,60,40) ; (59,55,179)
(47,60,30) ; (259,172,190)
