0.0783
77 7701
587 233 220
60
1 97 0  81 1  48 1 1
2 42 1  31 1  74 0 1
3 87 0  29 1  38 1 2
4 77 0  71 0  34 1 2
5 90 1  57 1  78 1 2
6 99 0  43 1  78 1 1
7 54 1  77 1  62 1 2
8 44 1  87 1  65 1 1
9 50 0  89 0  25 1 2
10 43 1  57 1  44 1 1
11 105 0  89 0  26 1 2
12 54 1  48 1  68 1 2
13 51 1  32 1  67 0 3
14 88 1  90 1  61 1 2
15 50 1  66 1  61 1 2
16 107 0  51 1  79 1 4
17 50 1  69 1  40 1 2
18 118 0  60 1  46 1 2
19 115 0  69 1  38 1 3
20 76 0  76 0  20 1 3
21 107 0  61 1  51 1 2
22 103 1  95 1  71 1 2
23 91 0  94 0  43 1 2
24 45 1  46 1  37 1 2
25 116 0  54 1  56 1 2
26 105 1  68 1  72 1 1
27 42 1  87 0  45 1 3
28 51 1  97 0  48 1 4
29 47 1  38 1  28 1 2
30 116 0  93 0  40 1 1
31 90 1  92 1  73 1 2
32 36 1  63 1  34 1 2
33 57 1  57 1  38 1 2
34 83 0  33 1  46 1 2
35 70 1  37 1  73 1 1
36 77 0  26 1  53 0 1
37 101 0  94 1  48 1 1
38 110 0  81 0  39 1 1
39 83 1  49 1  73 1 1
40 92 0  78 0  33 1 2
41 98 0  48 1  68 1 1
42 102 1  83 1  64 1 1
43 111 1  87 1  68 1 3
44 73 1  66 1  71 1 1
45 82 1  71 1  51 1 1
46 48 1  99 0  53 1 2
47 31 1  99 0  75 0 3
48 69 1  39 1  76 1 1
49 68 0  47 0  23 1 3
50 112 0  91 1  56 1 2
51 30 1  25 1  53 0 3
52 44 1  39 1  47 1 1
53 44 1  81 0  27 1 3
54 55 1  54 1  77 1 3
55 55 1  71 1  37 1 1
56 39 1  85 0  64 1 3
57 83 0  64 0  28 1 2
58 88 0  25 1  80 0 2
59 94 0  26 1  65 0 2
60 98 1  96 1  55 1 2
(91,94,159) ; (0,0,0)
(68,174,216) ; (519,0,0)
(90,139,178) ; (0,94,0)
(295,55,96) ; (292,178,0)
(107,102,219) ; (412,0,0)
(103,95,215) ; (90,138,0)
(117,133,108) ; (91,0,0)
(154,76,89) ; (365,102,0)
(112,91,180) ; (300,0,0)
(97,48,220) ; (193,185,0)
(87,45,218) ; (208,0,0)
(98,48,170) ; (193,137,0)
(90,92,73) ; (208,45,0)
(64,85,95) ; (301,93,0)
(78,92,66) ; (208,45,73)
(99,75,31) ; (418,103,89)
(53,75,30) ; (365,103,89)
(64,83,102) ; (301,93,95)
(40,50,69) ; (547,181,96)
(118,46,120) ; (429,185,96)
(71,51,122) ; (358,180,96)
(66,50,122) ; (292,181,96)
(116,93,40) ; (91,0,108)
(115,38,69) ; (91,93,108)
(49,73,83) ; (369,105,119)
(99,75,62) ; (418,103,120)
(73,37,70) ; (208,45,139)
(77,55,80) ; (208,82,139)
(105,89,26) ; (91,0,148)
(83,92,33) ; (0,0,159)
(39,47,44) ; (548,184,165)
(68,47,46) ; (193,138,170)
(28,47,38) ; (261,138,170)
(105,89,26) ; (91,0,174)
(87,38,29) ; (91,93,177)
(74,31,42) ; (0,202,178)
(55,71,37) ; (0,131,178)
(29,87,38) ; (55,115,178)
(47,28,38) ; (0,94,178)
(110,81,39) ; (301,0,180)
(57,57,38) ; (460,121,182)
(36,63,34) ; (424,115,182)
(81,88,27) ; (0,0,192)
(47,68,23) ; (318,108,197)
(76,76,20) ; (91,0,200)
