0.0787
22 2201
587 233 220
60
1 73 0  56 0  28 1 2
2 39 1  78 0  67 1 2
3 104 1  67 1  67 1 1
4 81 1  72 1  63 1 3
5 92 1  60 1  61 1 2
6 43 1  93 0  58 1 2
7 84 0  74 0  30 1 1
8 38 1  82 0  42 1 3
9 103 0  73 0  26 1 4
10 110 0  77 1  54 1 1
11 33 1  57 1  72 0 2
12 80 1  86 1  79 1 2
13 93 1  58 1  74 1 2
14 63 0  30 1  31 1 3
15 86 1  75 1  79 1 1
16 85 1  76 1  70 1 3
17 64 1  71 1  67 1 2
18 51 1  35 1  35 1 1
19 42 1  38 1  65 1 1
20 67 0  42 1  32 1 2
21 31 1  82 0  51 1 3
22 117 1  96 1  59 1 3
23 35 1  90 0  66 1 3
24 77 1  85 1  47 1 2
25 62 0  28 1  80 0 1
26 100 1  76 1  51 1 1
27 117 0  40 1  54 1 1
28 59 0  32 1  26 1 3
29 110 1  100 1  75 1 1
30 57 0  58 0  28 1 2
31 76 1  53 1  66 1 2
32 46 1  73 1  77 1 3
33 66 1  78 1  49 1 2
34 83 0  52 1  27 1 1
35 111 0  42 1  56 1 1
36 31 1  98 0  58 1 1
37 92 1  60 1  66 1 1
38 113 0  87 0  37 1 1
39 64 1  82 1  50 1 2
40 57 1  35 1  53 1 3
41 98 0  88 0  23 1 2
42 98 0  31 1  72 0 2
43 107 0  33 1  74 0 2
44 99 0  51 1  28 1 3
45 68 0  31 1  68 0 2
46 35 1  98 0  69 1 4
47 91 0  77 0  24 1 1
48 51 1  45 1  40 1 2
49 120 1  72 1  75 1 2
50 53 1  53 1  47 1 1
51 69 1  80 0  35 1 5
52 42 1  75 1  70 1 3
53 59 1  33 1  67 0 3
54 35 1  36 1  78 0 2
55 33 1  84 0  68 0 2
56 49 1  87 0  34 1 2
57 99 1  53 1  73 1 3
58 105 0  57 1  36 1 3
59 61 1  63 1  50 1 3
60 83 1  54 1  53 1 1
(86,79,190) ; (0,0,0)
(138,72,219) ; (449,0,0)
(85,154,187) ; (0,79,0)
(117,96,220) ; (470,137,0)
(82,64,200) ; (505,72,0)
(178,69,218) ; (85,164,0)
(100,160,124) ; (86,0,0)
(74,58,219) ; (396,175,0)
(189,61,142) ; (260,0,0)
(67,64,217) ; (438,72,0)
(82,38,126) ; (388,137,0)
(72,75,120) ; (186,0,0)
(132,53,76) ; (264,180,0)
(110,75,100) ; (328,61,0)
(111,42,56) ; (277,138,0)
(75,86,79) ; (186,78,0)
(67,67,104) ; (261,61,0)
(105,36,57) ; (283,144,56)
(83,53,112) ; (313,180,76)
(47,53,53) ; (264,180,76)
(73,77,138) ; (186,87,79)
(107,74,33) ; (331,61,100)
(67,66,59) ; (261,61,104)
(90,35,66) ; (298,145,113)
(68,68,62) ; (186,0,120)
(98,88,46) ; (86,0,124)
(90,70,66) ; (86,89,124)
(78,36,35) ; (392,139,126)
(40,51,90) ; (264,182,129)
(107,74,33) ; (331,61,133)
(117,54,40) ; (329,0,142)
(63,60,31) ; (266,0,142)
(53,35,57) ; (417,140,161)
(58,57,56) ; (270,61,163)
(103,73,52) ; (335,61,166)
(68,87,49) ; (86,0,170)
(30,63,31) ; (154,0,170)
(35,51,35) ; (294,0,173)
(26,59,32) ; (266,0,173)
(78,35,36) ; (310,145,179)
(114,53,35) ; (332,0,182)
(65,42,38) ; (186,0,182)
(59,26,32) ; (186,42,182)
(84,136,33) ; (0,94,187)
(82,51,31) ; (313,180,188)
(56,73,28) ; (0,0,190)
(73,56,28) ; (86,103,190)
