0.0793
10 1001
587 233 220
60
1 102 0  36 1  76 0 1
2 54 1  74 1  67 1 1
3 41 1  76 1  79 1 5
4 82 1  66 1  64 1 1
5 120 0  79 1  47 1 4
6 93 1  81 1  59 1 1
7 72 1  80 1  55 1 1
8 120 1  87 1  66 1 2
9 60 1  62 0  31 1 3
10 93 0  35 1  21 1 6
11 67 1  70 1  61 1 2
12 111 0  41 1  50 1 4
13 117 0  31 1  22 1 1
14 31 1  31 1  75 0 1
15 40 1  35 1  37 1 1
16 95 0  58 0  26 1 2
17 50 1  44 1  57 1 1
18 98 0  95 0  35 1 1
19 88 1  94 1  49 1 1
20 75 1  43 1  57 1 1
21 97 0  86 1  45 1 2
22 79 1  56 1  78 1 2
23 41 1  61 1  61 1 2
24 62 1  46 1  69 1 2
25 63 1  47 1  53 1 4
26 108 0  73 0  36 1 1
27 106 0  78 0  39 1 1
28 107 0  77 1  46 1 3
29 116 0  37 1  62 1 2
30 106 0  47 1  45 1 2
31 60 0  81 0  22 1 3
32 34 1  90 0  49 1 3
33 32 1  32 1  53 1 2
34 48 1  33 1  34 1 3
35 77 0  92 0  38 1 2
36 47 1  95 0  31 1 2
37 57 1  69 1  57 1 2
38 40 1  38 1  24 1 2
39 49 1  96 0  47 1 5
40 78 0  37 1  72 1 3
41 45 1  39 1  44 1 1
42 58 1  87 1  69 1 3
43 91 0  29 1  52 1 2
44 102 0  39 1  58 1 3
45 109 0  47 1  24 1 1
46 107 0  80 0  29 1 3
47 85 0  94 0  21 1 3
48 65 1  49 1  37 1 4
49 78 0  31 1  33 1 2
50 90 0  95 0  42 1 2
51 111 0  61 1  40 1 4
52 117 0  68 1  52 1 3
53 65 1  86 1  75 1 2
54 112 0  92 0  32 1 3
55 108 0  31 1  31 1 1
56 104 0  34 1  48 1 2
57 87 0  57 1  40 1 3
58 42 1  32 1  24 1 1
59 63 0  73 0  27 1 2
60 38 1  56 1  33 1 1
(87,120,220) ; (0,0,0)
(240,47,220) ; (347,0,0)
(218,80,133) ; (369,153,0)
(92,112,173) ; (0,121,0)
(164,106,126) ; (423,47,0)
(90,97,219) ; (87,0,0)
(75,135,184) ; (92,98,0)
(187,82,161) ; (167,151,0)
(98,96,163) ; (177,0,0)
(48,104,102) ; (375,47,0)
(70,61,134) ; (277,0,0)
(117,52,68) ; (167,99,0)
(21,93,105) ; (354,47,0)
(69,87,174) ; (285,61,0)
(91,52,58) ; (167,99,68)
(24,40,76) ; (258,111,68)
(47,96,49) ; (376,47,102)
(21,93,70) ; (354,47,105)
(81,59,93) ; (506,47,126)
(44,39,45) ; (543,110,126)
(82,64,66) ; (424,47,126)
(116,37,62) ; (427,112,126)
(90,49,34) ; (167,102,126)
(80,72,55) ; (507,158,133)
(92,77,76) ; (415,153,133)
(41,76,79) ; (374,154,133)
(61,61,82) ; (286,0,134)
(24,32,42) ; (258,119,144)
(44,57,50) ; (379,47,151)
(33,38,56) ; (390,105,151)
(75,43,57) ; (167,108,160)
(156,79,56) ; (167,151,161)
(31,78,33) ; (323,152,161)
(95,58,52) ; (177,0,163)
(64,32,53) ; (177,58,163)
(40,37,35) ; (547,112,171)
(90,106,47) ; (0,122,173)
(60,81,22) ; (294,61,174)
(21,93,35) ; (354,47,175)
(73,108,36) ; (92,120,184)
(78,64,31) ; (509,166,188)
(108,31,31) ; (435,118,188)
(81,60,22) ; (425,47,192)
(60,81,22) ; (294,61,196)
