0.072
64 6401
587 233 220
60
1 59 1  45 1  51 1 3
2 30 1  52 1  79 0 3
3 98 0  51 1  47 1 2
4 99 0  76 1  44 1 3
5 88 1  47 1  51 1 4
6 105 0  25 1  20 1 2
7 109 0  60 0  23 1 1
8 64 1  59 1  51 1 4
9 64 1  43 1  70 1 3
10 86 1  57 1  78 1 1
11 55 1  58 1  52 1 3
12 105 0  30 1  52 1 2
13 39 1  98 0  39 1 2
14 116 0  44 1  32 1 1
15 80 0  62 1  35 1 2
16 84 1  65 1  62 1 2
17 88 1  99 1  77 1 2
18 50 1  69 1  40 1 2
19 105 0  58 1  44 1 2
20 100 0  32 1  69 0 3
21 35 1  71 0  65 1 2
22 114 0  93 0  21 1 2
23 96 1  59 1  53 1 3
24 63 1  89 1  49 1 2
25 112 0  25 1  31 1 5
26 40 1  87 0  70 1 3
27 72 0  41 0  20 1 4
28 32 1  97 0  51 1 2
29 60 1  58 1  69 1 2
30 103 0  94 0  42 1 3
31 117 0  43 1  47 1 3
32 77 0  33 1  54 1 3
33 36 1  33 1  63 1 3
34 118 0  52 1  43 1 1
35 119 1  82 1  75 1 2
36 114 0  25 1  76 0 4
37 34 1  93 0  41 1 1
38 65 1  34 1  35 1 2
39 97 0  34 1  32 1 6
40 90 0  68 0  20 1 4
41 63 1  91 1  59 1 1
42 78 1  46 1  58 1 1
43 82 0  30 1  54 1 2
44 48 1  55 1  63 1 1
45 62 1  82 0  40 1 1
46 47 1  54 1  61 1 5
47 56 1  45 1  44 1 2
48 111 0  37 1  50 1 2
49 104 0  30 1  38 1 3
50 56 1  57 1  34 1 1
51 56 0  49 1  26 1 1
52 53 1  68 1  60 1 2
53 96 1  63 1  80 1 3
54 69 1  51 1  58 1 1
55 59 0  38 1  22 1 2
56 57 1  39 1  48 1 3
57 73 1  41 1  64 1 4
58 113 1  92 1  70 1 2
59 50 1  96 0  40 1 3
60 113 0  42 0  21 1 3
(52,174,173) ; (0,0,0)
(77,230,174) ; (510,0,0)
(105,58,88) ; (0,175,0)
(184,70,217) ; (52,0,0)
(164,75,218) ; (346,158,0)
(177,96,133) ; (333,0,0)
(103,94,214) ; (105,139,0)
(52,105,80) ; (52,70,0)
(130,62,138) ; (380,96,0)
(100,69,136) ; (104,70,0)
(80,63,218) ; (208,170,0)
(47,61,216) ; (236,0,0)
(58,69,171) ; (288,164,0)
(49,89,126) ; (284,0,0)
(76,99,132) ; (208,71,0)
(53,60,136) ; (327,98,0)
(43,70,64) ; (284,94,0)
(36,66,63) ; (291,98,64)
(47,98,102) ; (52,77,80)
(78,58,132) ; (0,175,88)
(26,56,49) ; (78,177,88)
(48,63,55) ; (285,0,126)
(35,65,34) ; (292,99,127)
(70,87,80) ; (208,83,132)
(117,94,85) ; (392,0,133)
(59,91,63) ; (333,0,133)
(97,68,32) ; (104,70,136)
(51,59,45) ; (329,99,136)
(126,60,38) ; (383,96,138)
(34,56,57) ; (293,108,161)
(97,64,51) ; (104,70,168)
(57,39,48) ; (289,194,171)
(43,117,47) ; (0,0,173)
(44,56,45) ; (0,117,173)
(42,113,42) ; (542,0,174)
(70,87,40) ; (514,138,174)
(32,116,44) ; (510,0,174)
(59,22,38) ; (525,116,174)
(118,52,43) ; (391,103,176)
(48,57,39) ; (285,0,181)
(48,57,39) ; (332,101,181)
(41,93,34) ; (52,82,182)
(41,72,20) ; (351,0,196)
