0.0789
95 9501
587 233 220
60
1 86 1  45 1  45 1 2
2 73 0  72 0  35 1 4
3 42 1  92 0  25 1 2
4 48 1  82 1  55 1 2
5 51 1  74 1  51 1 1
6 91 0  55 1  40 1 2
7 35 1  75 0  56 1 1
8 95 0  72 1  38 1 4
9 85 1  73 1  62 1 3
10 118 0  48 1  38 1 2
11 55 0  62 0  25 1 1
12 81 1  99 1  58 1 3
13 52 0  25 1  74 0 3
14 32 1  57 1  79 0 1
15 108 0  38 1  44 1 3
16 100 1  57 1  72 1 1
17 113 0  84 1  51 1 1
18 69 0  54 0  20 1 2
19 90 0  56 1  35 1 3
20 92 0  34 1  30 1 3
21 60 1  69 1  59 1 5
22 52 1  73 1  44 1 1
23 67 1  55 1  64 1 3
24 105 0  42 0  20 1 4
25 69 1  90 1  63 1 2
26 51 0  66 0  20 1 2
27 100 0  57 1  49 1 1
28 70 1  68 1  63 1 1
29 38 1  56 1  60 1 2
30 115 0  71 1  43 1 2
31 49 1  51 1  56 1 4
32 79 0  32 1  71 0 2
33 120 0  93 0  40 1 5
34 93 0  58 1  30 1 1
35 70 1  76 1  78 1 1
36 35 1  77 0  36 1 1
37 87 1  58 1  45 1 1
38 102 0  25 1  22 1 2
39 72 1  58 1  44 1 1
40 89 0  97 0  37 1 5
41 113 0  46 1  76 1 3
42 41 1  93 0  48 1 1
43 106 0  42 1  52 1 3
44 112 0  43 1  24 1 2
45 115 0  70 0  23 1 2
46 49 1  58 1  75 1 2
47 74 1  41 1  51 1 3
48 109 0  94 0  44 1 3
49 48 1  94 1  55 1 1
50 96 0  28 1  40 1 2
51 42 1  25 1  69 0 4
52 98 1  85 1  61 1 3
53 67 0  29 1  41 1 2
54 77 1  54 1  51 1 1
55 76 0  87 0  35 1 2
56 103 0  56 1  32 1 2
57 87 1  95 1  48 1 1
58 100 0  84 1  47 1 1
59 53 1  82 1  78 1 1
60 99 1  60 1  57 1 1
(72,95,152) ; (0,0,0)
(115,71,212) ; (472,0,0)
(120,162,145) ; (467,71,0)
(97,89,213) ; (0,144,0)
(251,99,116) ; (72,0,0)
(106,42,124) ; (0,102,0)
(73,85,218) ; (97,148,0)
(55,67,217) ; (417,0,0)
(132,109,132) ; (335,124,0)
(165,76,162) ; (170,157,0)
(93,120,80) ; (324,0,0)
(49,56,102) ; (418,67,0)
(75,49,116) ; (106,99,0)
(141,58,99) ; (181,99,0)
(73,72,140) ; (344,0,80)
(93,48,41) ; (324,72,80)
(100,57,121) ; (181,99,99)
(38,56,60) ; (284,100,99)
(49,56,51) ; (418,67,102)
(92,30,102) ; (72,0,116)
(91,55,40) ; (72,30,116)
(113,46,100) ; (164,0,116)
(74,41,102) ; (106,107,116)
(106,42,72) ; (163,46,116)
(45,87,103) ; (278,0,116)
(87,48,95) ; (330,72,121)
(105,42,40) ; (0,102,124)
(98,61,85) ; (369,171,132)
(100,47,84) ; (367,124,132)
(32,103,56) ; (335,129,132)
(113,84,51) ; (470,143,145)
(115,70,46) ; (468,71,145)
(70,63,68) ; (0,0,152)
(67,29,41) ; (0,63,152)
(49,56,51) ; (418,67,153)
(73,52,44) ; (72,30,156)
(38,56,60) ; (284,100,159)
(90,70,56) ; (170,161,162)
(44,72,58) ; (290,159,162)
(29,67,41) ; (260,164,162)
(103,32,56) ; (0,112,164)
(92,42,25) ; (163,46,188)
(25,102,22) ; (342,130,188)
(112,43,24) ; (471,71,191)
(102,25,22) ; (481,116,191)
(108,69,20) ; (475,158,196)
(66,51,20) ; (72,30,200)
