0.0713
79 7901
587 233 220
60
1 64 1  52 1  68 1 1
2 30 1  52 1  41 1 4
3 91 0  36 1  66 1 3
4 93 1  100 1  72 1 5
5 61 1  44 1  53 1 1
6 69 0  79 0  21 1 1
7 106 0  40 1  74 1 1
8 54 1  40 1  68 1 2
9 86 1  50 1  60 1 1
10 51 1  38 1  67 1 2
11 59 1  82 1  51 1 1
12 106 0  51 1  53 1 1
13 50 1  55 1  30 1 2
14 107 1  68 1  62 1 2
15 90 0  30 1  26 1 2
16 50 1  30 1  48 1 4
17 104 0  63 0  20 1 5
18 61 1  60 1  67 1 2
19 68 0  34 1  74 0 3
20 49 1  31 1  79 0 3
21 57 1  53 1  70 1 1
22 92 1  89 1  59 1 2
23 49 1  83 1  57 1 4
24 95 0  40 1  21 1 4
25 101 0  35 1  53 1 2
26 49 1  53 1  49 1 2
27 70 0  29 1  56 1 2
28 32 1  78 0  66 0 2
29 91 0  25 1  50 0 2
30 98 1  67 1  50 1 1
31 66 0  33 1  53 1 2
32 48 1  26 1  45 1 1
33 79 1  89 1  53 1 2
34 94 1  82 1  58 1 2
35 119 0  96 1  55 1 1
36 95 1  75 1  75 1 2
37 60 1  88 1  59 1 3
38 72 1  76 1  64 1 2
39 45 1  53 1  76 1 4
40 54 1  61 1  78 1 3
41 118 0  53 1  56 1 1
42 32 1  71 0  41 1 3
43 108 1  81 1  68 1 2
44 109 0  52 1  27 1 3
45 114 1  89 1  80 1 1
46 36 1  60 1  56 1 4
47 42 1  62 1  42 1 5
48 77 1  58 1  39 1 1
49 119 0  99 0  36 1 3
50 41 1  41 1  22 1 3
51 44 1  42 1  60 1 1
52 118 0  72 0  21 1 3
53 89 1  58 1  63 1 2
54 47 1  58 1  44 1 2
55 41 1  88 0  29 1 3
56 68 1  38 1  49 1 2
57 55 1  71 1  79 1 1
58 44 1  88 0  30 1 2
59 37 1  34 1  74 0 3
60 75 0  33 1  58 1 3
(186,100,144) ; (0,0,0)
(184,59,215) ; (403,0,0)
(89,80,220) ; (0,153,0)
(124,68,215) ; (463,165,0)
(152,106,105) ; (435,59,0)
(118,53,56) ; (0,100,0)
(134,61,213) ; (89,172,0)
(172,68,108) ; (291,165,0)
(101,70,91) ; (118,102,0)
(98,57,215) ; (305,0,0)
(119,99,163) ; (186,0,0)
(126,104,62) ; (309,59,0)
(68,74,139) ; (223,159,0)
(88,60,177) ; (219,99,0)
(109,52,134) ; (0,101,56)
(64,72,152) ; (369,59,62)
(50,30,110) ; (383,133,62)
(70,29,56) ; (313,134,62)
(58,75,99) ; (311,59,62)
(98,67,50) ; (118,102,91)
(150,95,75) ; (437,59,105)
(78,66,64) ; (385,165,108)
(94,58,82) ; (291,173,108)
(70,29,56) ; (313,134,118)
(55,71,79) ; (223,162,139)
(54,61,78) ; (118,108,141)
(44,61,53) ; (172,108,141)
(93,100,72) ; (0,0,144)
(91,100,25) ; (93,0,144)
(53,70,57) ; (316,59,161)
(118,72,21) ; (186,0,163)
(95,21,40) ; (186,72,163)
(82,59,51) ; (93,0,169)
(67,38,51) ; (93,59,169)
(22,41,41) ; (160,59,169)
(71,64,41) ; (392,167,172)
(45,26,48) ; (388,137,172)
(41,22,41) ; (342,141,174)
(88,58,41) ; (219,101,177)
(106,74,40) ; (481,59,180)
(95,21,40) ; (492,133,180)
(42,95,40) ; (439,59,180)
(56,60,36) ; (186,0,184)
(53,66,33) ; (242,0,184)
(88,41,29) ; (0,111,190)
(90,52,30) ; (295,179,190)
(41,41,22) ; (172,128,194)
