0.071
53 5301
587 233 220
60
1 110 1  57 1  77 1 2
2 89 0  45 1  39 1 2
3 107 0  55 1  28 1 1
4 97 0  31 1  48 1 2
5 94 1  65 1  71 1 1
6 114 1  84 1  64 1 1
7 116 0  34 1  43 1 1
8 62 1  90 1  53 1 2
9 60 1  79 1  68 1 4
10 116 0  39 1  58 1 3
11 113 0  30 1  80 0 1
12 72 1  93 1  64 1 1
13 114 0  88 1  55 1 2
14 71 1  92 1  65 1 1
15 114 0  81 0  34 1 1
16 30 1  56 1  29 1 1
17 37 1  97 0  59 1 6
18 39 1  41 1  27 1 1
19 100 1  63 1  77 1 2
20 41 1  74 1  69 1 1
21 54 1  75 1  41 1 2
22 56 0  96 0  21 1 2
23 40 1  37 1  57 1 3
24 56 0  90 0  26 1 2
25 44 1  81 1  69 1 2
26 75 0  52 1  37 1 3
27 89 0  39 1  32 1 2
28 35 1  84 0  60 1 1
29 54 1  39 1  52 1 1
30 95 1  75 1  52 1 1
31 96 0  70 1  47 1 3
32 85 0  90 0  35 1 2
33 46 1  79 0  34 1 3
34 56 1  34 1  55 1 1
35 93 1  87 1  61 1 1
36 55 1  65 1  49 1 3
37 118 1  88 1  61 1 4
38 95 0  45 1  60 1 1
39 109 1  79 1  79 1 1
40 62 1  91 1  47 1 2
41 59 1  95 1  65 1 4
42 73 1  37 1  70 1 2
43 37 1  77 0  47 1 1
44 71 0  51 1  33 1 4
45 89 0  41 1  72 1 3
46 84 0  28 1  57 0 1
47 112 0  43 1  60 1 2
48 51 1  38 1  63 1 2
49 39 1  45 1  72 1 2
50 109 0  70 0  24 1 3
51 109 0  43 1  32 1 2
52 99 1  90 1  51 1 1
53 31 1  53 1  29 1 1
54 62 1  53 1  63 1 3
55 72 1  47 1  38 1 2
56 39 1  31 1  66 0 2
57 99 0  65 1  44 1 2
58 92 0  87 0  43 1 4
59 114 0  64 1  46 1 2
60 46 1  43 1  24 1 1
(130,95,189) ; (0,0,0)
(232,122,176) ; (355,0,0)
(100,77,214) ; (0,156,0)
(194,111,116) ; (393,122,0)
(136,60,158) ; (0,96,0)
(54,75,119) ; (100,158,0)
(149,93,186) ; (130,0,0)
(174,92,78) ; (154,141,0)
(65,110,92) ; (328,123,0)
(96,47,210) ; (136,94,0)
(75,95,52) ; (280,0,0)
(95,45,60) ; (232,96,0)
(72,94,102) ; (283,0,52)
(89,41,144) ; (232,100,60)
(99,90,116) ; (154,141,78)
(69,88,81) ; (253,143,78)
(63,106,62) ; (329,126,92)
(79,109,79) ; (508,123,116)
(114,81,34) ; (394,151,116)
(107,28,55) ; (401,123,116)
(51,71,99) ; (100,162,119)
(73,74,70) ; (435,158,150)
(41,74,69) ; (394,158,150)
(55,49,65) ; (337,183,154)
(66,39,62) ; (289,0,154)
(62,53,63) ; (330,130,154)
(71,51,33) ; (284,39,154)
(90,53,62) ; (0,103,158)
(39,54,52) ; (90,102,158)
(35,84,60) ; (253,147,159)
(34,55,56) ; (288,176,159)
(31,29,53) ; (291,147,159)
(41,27,39) ; (467,124,171)
(46,24,43) ; (421,127,171)
(224,60,43) ; (363,0,176)
(232,58,39) ; (355,60,176)
(57,84,28) ; (130,0,186)
(92,79,34) ; (187,0,186)
(56,30,29) ; (299,39,187)
(113,80,30) ; (0,0,189)
(90,56,26) ; (154,173,194)
(70,109,24) ; (517,123,195)
