0.048
39 3901
587 233 220
12
1 76 1  100 1  68 1 9
2 34 1  93 0  40 1 8
3 111 1  84 1  72 1 8
4 90 1  99 1  69 1 8
5 79 1  45 1  43 1 7
6 79 1  64 1  43 1 6
7 77 1  51 1  52 1 11
8 113 0  38 1  36 1 6
9 38 1  70 1  39 1 4
10 51 1  40 1  33 1 7
11 36 1  45 1  65 1 3
12 89 1  89 1  61 1 15
(100,228,204) ; (0,0,0)
(198,138,220) ; (389,0,0)
(158,43,218) ; (429,190,0)
(156,51,154) ; (431,139,0)
(288,111,168) ; (100,0,0)
(267,122,178) ; (100,111,0)
(61,89,178) ; (368,144,0)
(77,51,52) ; (510,139,154)
(79,43,64) ; (431,147,154)
(208,110,51) ; (100,0,168)
(79,109,43) ; (309,0,168)
(265,72,38) ; (100,161,178)
(51,80,33) ; (378,153,178)
(195,45,36) ; (100,116,178)
(70,39,38) ; (297,122,178)
