0.0419
84 8401
587 233 220
12
1 48 1  64 0  31 1 18
2 40 1  44 1  78 1 15
3 45 1  30 1  52 1 6
4 115 0  72 1  37 1 16
5 58 1  89 1  59 1 10
6 114 0  95 0  29 1 9
7 95 0  42 1  67 1 8
8 64 1  56 1  47 1 9
9 69 0  41 1  24 1 9
10 120 0  35 1  56 1 9
11 95 0  40 1  76 1 16
12 70 1  92 1  57 1 11
(288,115,148) ; (0,0,0)
(252,95,219) ; (335,0,0)
(290,118,147) ; (0,115,0)
(228,95,219) ; (359,138,0)
(95,42,210) ; (492,95,0)
(156,40,220) ; (336,95,0)
(69,96,113) ; (290,137,0)
(44,80,196) ; (291,0,0)
(45,52,180) ; (290,80,0)
(64,94,104) ; (290,139,113)
(276,114,70) ; (0,115,147)
(240,112,70) ; (0,0,148)
(47,112,64) ; (240,0,148)
(41,69,24) ; (294,0,196)
