0.0557
38 3801
587 233 220
3
1 44 1  75 1  54 1 59
2 108 0  26 1  62 0 56
3 67 1  37 1  66 1 59
(0,0,0) ; (67,37,66)
(67,0,0) ; (134,37,66)
(134,0,0) ; (201,37,66)
(0,37,0) ; (67,74,66)
(67,37,0) ; (134,74,66)
(134,37,0) ; (201,74,66)
(0,74,0) ; (67,111,66)
(67,74,0) ; (134,111,66)
(134,74,0) ; (201,111,66)
(0,0,66) ; (67,37,132)
(67,0,66) ; (134,37,132)
(134,0,66) ; (201,37,132)
(0,37,66) ; (67,74,132)
(67,37,66) ; (134,74,132)
(134,37,66) ; (201,74,132)
(0,74,66) ; (67,111,132)
(67,74,66) ; (134,111,132)
(134,74,66) ; (201,111,132)
(212,0,0) ; (287,54,44)
(287,0,0) ; (362,54,44)
(362,0,0) ; (437,54,44)
(437,0,0) ; (512,54,44)
(512,0,0) ; (587,54,44)
(212,54,0) ; (287,108,44)
(287,54,0) ; (362,108,44)
(362,54,0) ; (437,108,44)
(437,54,0) ; (512,108,44)
(512,54,0) ; (587,108,44)
(212,0,44) ; (287,54,88)
(287,0,44) ; (362,54,88)
(362,0,44) ; (437,54,88)
(437,0,44) ; (512,54,88)
(512,0,44) ; (587,54,88)
(212,54,44) ; (287,108,88)
(287,54,44) ; (362,108,88)
(362,54,44) ; (437,108,88)
(437,54,44) ; (512,108,88)
(512,54,44) ; (587,108,88)
(212,0,88) ; (274,108,114)
(274,0,88) ; (336,108,114)
(336,0,88) ; (398,108,114)
(398,0,88) ; (460,108,114)
(460,0,88) ; (522,108,114)
(522,0,88) ; (584,108,114)
(212,0,114) ; (274,108,140)
(274,0,114) ; (336,108,140)
(336,0,114) ; (398,108,140)
(398,0,114) ; (460,108,140)
(460,0,114) ; (522,108,140)
(522,0,114) ; (584,108,140)
(212,0,140) ; (274,108,166)
(274,0,140) ; (336,108,166)
(336,0,140) ; (398,108,166)
(398,0,140) ; (460,108,166)
(460,0,140) ; (522,108,166)
(522,0,140) ; (584,108,166)
(212,0,166) ; (274,108,192)
(274,0,166) ; (336,108,192)
(336,0,166) ; (398,108,192)
(398,0,166) ; (460,108,192)
(460,0,166) ; (522,108,192)
(522,0,166) ; (584,108,192)
(212,0,192) ; (274,108,218)
(274,0,192) ; (336,108,218)
(336,0,192) ; (398,108,218)
(398,0,192) ; (460,108,218)
(460,0,192) ; (522,108,218)
(522,0,192) ; (584,108,218)
(0,166,0) ; (67,232,37)
(67,166,0) ; (134,232,37)
(134,166,0) ; (201,232,37)
(201,166,0) ; (268,232,37)
(268,166,0) ; (334,233,37)
(0,166,37) ; (67,232,74)
(67,166,37) ; (134,232,74)
(134,166,37) ; (201,232,74)
(201,166,37) ; (268,232,74)
(268,166,37) ; (334,233,74)
(0,166,74) ; (67,232,111)
(67,166,74) ; (134,232,111)
(134,166,74) ; (201,232,111)
(201,166,74) ; (268,232,111)
(268,166,74) ; (334,233,111)
(0,166,111) ; (67,232,148)
(67,166,111) ; (134,232,148)
(134,166,111) ; (201,232,148)
(201,166,111) ; (268,232,148)
(268,166,111) ; (334,233,148)
(0,166,148) ; (37,232,215)
(37,166,148) ; (74,232,215)
(74,166,148) ; (111,232,215)
(111,166,148) ; (148,232,215)
(148,166,148) ; (185,232,215)
(185,166,148) ; (222,232,215)
(222,166,148) ; (259,232,215)
(259,166,148) ; (296,232,215)
(296,166,148) ; (333,232,215)
(371,109,0) ; (479,171,26)
(479,109,0) ; (587,171,26)
(371,171,0) ; (479,233,26)
(479,171,0) ; (587,233,26)
(371,109,26) ; (479,171,52)
(479,109,26) ; (587,171,52)
(371,171,26) ; (479,233,52)
(479,171,26) ; (587,233,52)
(371,109,52) ; (479,171,78)
(479,109,52) ; (587,171,78)
(371,171,52) ; (479,233,78)
(479,171,52) ; (587,233,78)
(371,109,78) ; (479,171,104)
(479,109,78) ; (587,171,104)
(371,171,78) ; (479,233,104)
(479,171,78) ; (587,233,104)
(371,109,104) ; (479,171,130)
(479,109,104) ; (587,171,130)
(371,171,104) ; (479,233,130)
(479,171,104) ; (587,233,130)
(0,112,0) ; (75,166,44)
(75,112,0) ; (150,166,44)
(150,112,0) ; (225,166,44)
(0,112,44) ; (75,166,88)
(75,112,44) ; (150,166,88)
(150,112,44) ; (225,166,88)
(0,112,88) ; (75,166,132)
(75,112,88) ; (150,166,132)
(150,112,88) ; (225,166,132)
(0,112,132) ; (75,166,176)
(75,112,132) ; (150,166,176)
(150,112,132) ; (225,166,176)
(0,112,176) ; (75,166,220)
(75,112,176) ; (150,166,220)
(150,112,176) ; (225,166,220)
(334,166,0) ; (371,233,66)
(334,166,66) ; (371,233,132)
(239,112,0) ; (283,166,75)
(283,112,0) ; (327,166,75)
(327,112,0) ; (371,166,75)
(239,112,75) ; (283,166,150)
(283,112,75) ; (327,166,150)
(327,112,75) ; (371,166,150)
(371,158,130) ; (425,233,174)
(425,158,130) ; (479,233,174)
(479,158,130) ; (533,233,174)
(533,158,130) ; (587,233,174)
(371,158,174) ; (425,233,218)
(425,158,174) ; (479,233,218)
(479,158,174) ; (533,233,218)
(533,158,174) ; (587,233,218)
(371,114,130) ; (425,158,205)
(425,114,130) ; (479,158,205)
(479,114,130) ; (533,158,205)
(533,114,130) ; (587,158,205)
(0,0,132) ; (75,54,176)
(0,54,132) ; (75,108,176)
(0,0,176) ; (75,54,220)
(0,54,176) ; (75,108,220)
(75,0,132) ; (137,108,158)
(137,0,132) ; (199,108,158)
(75,0,158) ; (137,108,184)
(137,0,158) ; (199,108,184)
(75,0,184) ; (137,108,210)
(137,0,184) ; (199,108,210)
(334,166,132) ; (371,233,198)
(239,129,150) ; (305,166,217)
(305,129,150) ; (371,166,217)
