0.0453
66 6601
587 233 220
15
1 90 1  65 1  80 1 8
2 80 0  46 1  25 1 4
3 95 0  43 1  59 1 5
4 83 1  87 1  56 1 13
5 60 1  94 0  42 1 5
6 43 1  91 0  30 1 9
7 93 0  64 0  20 1 6
8 65 1  68 1  41 1 9
9 71 1  99 1  64 1 11
10 119 0  61 1  42 1 5
11 71 0  70 0  33 1 7
12 66 0  25 1  58 0 4
13 117 0  37 1  31 1 6
14 69 1  51 1  72 1 6
15 96 1  99 1  77 1 6
(303,71,198) ; (0,0,0)
(288,99,218) ; (0,134,0)
(166,168,174) ; (421,0,0)
(240,65,217) ; (347,168,0)
(213,61,210) ; (0,71,0)
(65,164,158) ; (356,0,0)
(51,138,216) ; (305,0,0)
(59,95,215) ; (288,138,0)
(91,60,172) ; (213,71,0)
(65,136,41) ; (356,0,158)
(91,43,30) ; (213,71,172)
(160,50,46) ; (427,0,174)
(132,116,25) ; (455,50,174)
(31,117,37) ; (424,50,174)
(279,64,20) ; (0,0,198)
(128,93,20) ; (459,50,199)
(64,93,20) ; (357,0,199)
