0.0494
3 301
587 233 220
15
1 45 1  55 1  60 1 10
2 110 0  38 1  64 1 10
3 87 1  52 1  71 1 9
4 98 0  55 0  25 1 10
5 78 1  56 1  49 1 9
6 104 0  70 1  52 1 11
7 69 1  69 1  52 1 13
8 117 0  39 1  64 1 5
9 69 1  72 1  79 1 7
10 45 1  27 1  49 1 6
11 48 0  29 1  24 1 8
12 104 0  54 0  27 1 7
13 101 0  72 0  36 1 8
14 72 1  81 1  75 1 7
15 113 0  61 0  24 1 7
(405,72,216) ; (0,0,0)
(72,158,219) ; (0,75,0)
(350,104,219) ; (237,129,0)
(110,128,190) ; (477,0,0)
(104,104,210) ; (72,129,0)
(64,117,219) ; (413,0,0)
(234,56,147) ; (72,72,0)
(60,45,220) ; (176,188,0)
(60,55,204) ; (176,133,0)
(98,55,220) ; (315,72,0)
(87,52,71) ; (72,72,147)
(120,55,45) ; (159,72,147)
(24,48,58) ; (279,72,147)
(110,98,25) ; (477,0,190)
(96,24,29) ; (491,98,190)
(104,54,27) ; (159,72,192)
