0.0456
50 5001
587 233 220
15
1 34 1  47 1  63 1 16
2 36 1  99 0  65 1 4
3 58 0  87 0  26 1 16
4 60 0  27 1  30 1 14
5 94 0  27 1  58 0 14
6 91 1  74 1  56 1 11
7 92 1  61 1  60 1 9
8 99 0  40 1  24 1 8
9 77 0  94 0  25 1 19
10 86 0  34 1  52 1 18
11 37 1  67 1  58 1 8
12 35 1  47 1  62 1 12
13 49 1  85 1  48 1 7
14 74 0  54 0  24 1 12
15 103 0  68 0  29 1 18
(0,0,0) ; (34,63,47)
(34,0,0) ; (68,63,47)
(68,0,0) ; (102,63,47)
(102,0,0) ; (136,63,47)
(0,0,47) ; (34,63,94)
(34,0,47) ; (68,63,94)
(68,0,47) ; (102,63,94)
(102,0,47) ; (136,63,94)
(0,0,94) ; (34,63,141)
(34,0,94) ; (68,63,141)
(68,0,94) ; (102,63,141)
(102,0,94) ; (136,63,141)
(0,0,141) ; (34,63,188)
(34,0,141) ; (68,63,188)
(68,0,141) ; (102,63,188)
(102,0,141) ; (136,63,188)
(0,0,188) ; (27,60,218)
(27,0,188) ; (54,60,218)
(54,0,188) ; (81,60,218)
(81,0,188) ; (108,60,218)
(108,0,188) ; (135,60,218)
(311,0,0) ; (403,60,61)
(403,0,0) ; (495,60,61)
(495,0,0) ; (587,60,61)
(311,0,61) ; (403,60,122)
(403,0,61) ; (495,60,122)
(495,0,61) ; (587,60,122)
(311,0,122) ; (403,60,183)
(403,0,122) ; (495,60,183)
(495,0,122) ; (587,60,183)
(311,0,183) ; (378,58,220)
(378,0,183) ; (445,58,220)
(445,0,183) ; (512,58,220)
(512,0,183) ; (579,58,220)
(0,156,0) ; (94,233,25)
(94,156,0) ; (188,233,25)
(188,156,0) ; (282,233,25)
(0,156,25) ; (94,233,50)
(94,156,25) ; (188,233,50)
(188,156,25) ; (282,233,50)
(0,156,50) ; (94,233,75)
(94,156,50) ; (188,233,75)
(188,156,50) ; (282,233,75)
(0,156,75) ; (94,233,100)
(94,156,75) ; (188,233,100)
(188,156,75) ; (282,233,100)
(0,156,100) ; (94,233,125)
(94,156,100) ; (188,233,125)
(188,156,100) ; (282,233,125)
(0,156,125) ; (56,230,216)
(56,156,125) ; (112,230,216)
(112,156,125) ; (168,230,216)
(168,156,125) ; (224,230,216)
(224,156,125) ; (280,230,216)
(379,61,0) ; (431,147,34)
(431,61,0) ; (483,147,34)
(483,61,0) ; (535,147,34)
(535,61,0) ; (587,147,34)
(379,147,0) ; (431,233,34)
(431,147,0) ; (483,233,34)
(483,147,0) ; (535,233,34)
(535,147,0) ; (587,233,34)
(379,61,34) ; (431,147,68)
(431,61,34) ; (483,147,68)
(483,61,34) ; (535,147,68)
(535,61,34) ; (587,147,68)
(379,147,34) ; (431,233,68)
(431,147,34) ; (483,233,68)
(483,147,34) ; (535,233,68)
(535,147,34) ; (587,233,68)
(379,61,68) ; (447,164,97)
(447,61,68) ; (515,164,97)
(515,61,68) ; (583,164,97)
(379,164,68) ; (482,232,97)
(482,164,68) ; (585,232,97)
(379,61,97) ; (447,164,126)
(447,61,97) ; (515,164,126)
(515,61,97) ; (583,164,126)
(379,164,97) ; (482,232,126)
(482,164,97) ; (585,232,126)
(379,61,126) ; (447,164,155)
(447,61,126) ; (515,164,155)
(515,61,126) ; (583,164,155)
(379,164,126) ; (482,232,155)
(482,164,126) ; (585,232,155)
(0,63,0) ; (74,154,56)
(74,63,0) ; (148,154,56)
(0,63,56) ; (74,154,112)
(74,63,56) ; (148,154,112)
(0,63,112) ; (74,154,168)
(74,63,112) ; (148,154,168)
(136,0,0) ; (223,58,26)
(223,0,0) ; (310,58,26)
(136,0,26) ; (223,58,52)
(223,0,26) ; (310,58,52)
(136,0,52) ; (223,58,78)
(223,0,52) ; (310,58,78)
(136,0,78) ; (223,58,104)
(223,0,78) ; (310,58,104)
(136,0,104) ; (223,58,130)
(223,0,104) ; (310,58,130)
(136,0,130) ; (223,58,156)
(223,0,130) ; (310,58,156)
(136,0,156) ; (223,58,182)
(223,0,156) ; (310,58,182)
(136,0,182) ; (222,52,216)
(222,0,182) ; (308,52,216)
(148,58,0) ; (206,152,27)
(148,58,27) ; (206,152,54)
(148,58,54) ; (206,152,81)
(148,58,81) ; (206,152,108)
(148,58,108) ; (206,152,135)
(148,58,135) ; (206,152,162)
(148,58,162) ; (206,145,188)
(148,58,188) ; (206,145,214)
(285,175,0) ; (379,233,27)
(285,175,27) ; (379,233,54)
(285,175,54) ; (379,233,81)
(285,175,81) ; (379,233,108)
(285,175,108) ; (379,233,135)
(285,175,135) ; (379,233,162)
(285,175,162) ; (379,233,189)
(285,175,189) ; (379,233,216)
(206,58,0) ; (255,106,85)
(255,58,0) ; (304,106,85)
(206,106,0) ; (255,154,85)
(255,106,0) ; (304,154,85)
(305,121,0) ; (379,175,24)
(305,121,24) ; (379,175,48)
(305,121,48) ; (379,175,72)
(305,121,72) ; (379,175,96)
(305,121,96) ; (379,175,120)
(305,121,120) ; (379,175,144)
(305,121,144) ; (379,175,168)
(305,121,168) ; (379,175,192)
(305,121,192) ; (379,175,216)
(305,60,0) ; (342,118,67)
(342,60,0) ; (379,118,67)
(305,60,67) ; (342,118,134)
(342,60,67) ; (379,118,134)
(305,60,134) ; (379,114,158)
(206,58,85) ; (268,105,120)
(206,105,85) ; (268,152,120)
(206,58,120) ; (268,105,155)
(206,105,120) ; (268,152,155)
(206,58,155) ; (268,105,190)
(206,105,155) ; (268,152,190)
(206,58,190) ; (266,88,217)
(206,88,190) ; (266,118,217)
(206,118,190) ; (266,148,217)
(268,58,85) ; (303,105,147)
(268,105,85) ; (303,152,147)
(268,58,147) ; (303,105,209)
(268,105,147) ; (303,152,209)
(385,160,155) ; (484,196,220)
(484,160,155) ; (583,196,220)
(385,196,155) ; (484,232,220)
(484,196,155) ; (583,232,220)
(415,61,155) ; (439,160,195)
(439,61,155) ; (463,160,195)
(463,61,155) ; (487,160,195)
(487,61,155) ; (511,160,195)
(511,61,155) ; (535,160,195)
(535,61,155) ; (559,160,195)
(559,61,155) ; (583,160,195)
(380,61,155) ; (415,108,217)
(380,108,155) ; (415,155,217)
(319,60,158) ; (379,87,188)
(319,87,158) ; (379,114,188)
(319,60,188) ; (379,87,218)
(319,87,188) ; (379,114,218)
(0,63,168) ; (48,148,217)
(48,63,168) ; (96,148,217)
(96,63,168) ; (144,148,217)
(429,61,195) ; (506,155,220)
(506,61,195) ; (583,155,220)
