0.046
38 3801
587 233 220
15
1 44 1  75 1  54 1 12
2 108 0  26 1  62 0 5
3 67 1  37 1  66 1 12
4 43 1  88 0  77 1 9
5 118 0  72 1  51 1 10
6 61 1  43 1  57 1 12
7 92 0  90 0  43 1 5
8 52 1  54 1  45 1 18
9 69 1  89 1  68 1 6
10 76 0  82 0  36 1 10
11 106 0  96 0  42 1 8
12 58 0  56 0  24 1 11
13 50 0  50 0  25 1 14
14 51 1  69 1  61 1 9
15 37 1  41 1  37 1 8
(76,164,217) ; (0,0,0)
(207,156,216) ; (380,0,0)
(204,69,211) ; (0,164,0)
(264,77,196) ; (323,156,0)
(212,96,168) ; (76,0,0)
(69,68,215) ; (76,96,0)
(114,61,220) ; (204,172,0)
(92,90,215) ; (288,0,0)
(69,68,126) ; (145,96,0)
(108,75,88) ; (214,97,0)
(57,61,220) ; (323,95,0)
(108,62,130) ; (214,110,88)
(67,66,74) ; (145,96,126)
(162,45,52) ; (76,0,168)
(150,50,50) ; (76,45,168)
(50,50,50) ; (238,0,168)
(54,45,52) ; (226,50,168)
(228,58,24) ; (359,172,196)
