0.0961
39 3901
587 233 220
80
1 76 1  100 1  68 1 1
2 34 1  93 0  40 1 1
3 111 1  84 1  72 1 1
4 90 1  99 1  69 1 3
5 79 1  45 1  43 1 2
6 79 1  64 1  43 1 1
7 77 1  51 1  52 1 2
8 113 0  38 1  36 1 1
9 38 1  70 1  39 1 3
10 51 1  40 1  33 1 1
11 36 1  45 1  65 1 2
12 89 1  89 1  61 1 1
13 91 0  38 1  33 1 1
14 84 1  43 1  49 1 2
15 45 1  48 1  69 1 1
16 70 0  28 1  57 0 2
17 37 1  27 1  33 1 3
18 80 1  66 1  80 1 1
19 60 1  36 1  52 1 1
20 54 1  81 0  38 1 3
21 73 0  48 1  26 1 3
22 65 1  100 1  60 1 1
23 106 1  76 1  58 1 3
24 117 0  60 1  49 1 1
25 68 1  67 1  41 1 1
26 82 1  62 1  75 1 2
27 92 0  34 1  71 0 1
28 96 1  86 1  50 1 1
29 110 0  32 1  26 1 2
30 43 1  26 1  50 1 3
31 111 0  74 0  25 1 2
32 51 1  39 1  59 1 1
33 103 1  65 1  52 1 1
34 38 1  61 1  54 1 2
35 100 0  39 1  55 1 2
36 80 0  37 1  80 0 1
37 66 0  62 0  30 1 5
38 66 1  35 1  59 1 1
39 74 1  47 1  66 1 2
40 59 1  66 1  68 1 1
41 98 0  48 0  21 1 1
42 106 0  89 0  31 1 1
43 88 0  25 1  79 0 1
44 31 1  53 1  59 1 2
45 80 1  100 1  61 1 1
46 31 1  53 1  75 0 1
47 52 1  98 1  78 1 2
48 76 0  69 0  22 1 2
49 117 0  40 1  33 1 1
50 113 0  98 0  21 1 3
51 90 1  70 1  69 1 2
52 89 0  29 1  57 1 2
53 36 1  76 0  29 1 1
54 80 0  84 0  24 1 1
55 53 1  70 1  74 1 2
56 84 1  94 1  78 1 1
57 98 0  99 0  30 1 1
58 103 0  68 1  47 1 1
59 92 0  61 1  36 1 2
60 90 1  85 1  64 1 1
61 38 1  98 0  43 1 2
62 52 1  57 1  38 1 1
63 118 0  67 0  29 1 1
64 34 1  93 0  49 1 1
65 83 1  51 1  71 1 1
66 116 0  31 1  68 0 1
67 54 1  47 1  41 1 1
68 80 1  90 1  62 1 1
69 84 1  80 1  48 1 2
70 90 0  39 1  50 1 1
71 112 0  39 1  56 1 1
72 106 1  87 1  67 1 3
73 95 0  36 1  35 1 2
74 100 0  38 1  21 1 1
75 33 1  60 1  62 1 1
76 105 0  43 0  21 1 1
77 119 1  91 1  72 1 1
78 77 0  48 1  29 1 1
79 64 0  67 0  20 1 2
80 91 1  87 1  59 1 2
(0,0,0) ; (58,76,106)
(58,0,0) ; (116,76,106)
(116,0,0) ; (174,76,106)
(0,76,0) ; (87,143,106)
(87,76,0) ; (174,143,106)
(407,0,0) ; (497,70,69)
(497,0,0) ; (587,70,69)
(407,0,69) ; (497,69,168)
(497,0,69) ; (587,69,168)
(407,0,168) ; (481,66,215)
(481,0,168) ; (584,68,215)
(468,74,0) ; (527,161,91)
(527,74,0) ; (586,161,91)
(468,161,0) ; (587,233,91)
(468,74,91) ; (525,163,120)
(525,74,91) ; (582,163,120)
(468,163,91) ; (586,230,120)
(0,143,0) ; (69,233,99)
(69,143,0) ; (149,233,62)
(69,143,62) ; (148,188,105)
(69,188,62) ; (148,233,105)
(370,73,0) ; (419,157,43)
(419,73,0) ; (468,157,43)
(370,157,0) ; (468,195,43)
(370,195,0) ; (468,233,43)
(370,73,43) ; (468,151,95)
(370,151,43) ; (468,229,95)
(149,153,0) ; (222,201,26)
(222,153,0) ; (295,201,26)
(295,153,0) ; (368,201,26)
(149,201,0) ; (259,233,26)
(259,201,0) ; (369,233,26)
(149,153,26) ; (178,230,74)
(178,153,26) ; (272,231,110)
(272,153,26) ; (320,233,110)
(320,153,26) ; (368,233,110)
(149,153,74) ; (178,229,110)
(174,0,0) ; (236,66,30)
(174,66,0) ; (236,148,75)
(174,0,30) ; (236,66,60)
(174,0,60) ; (236,66,90)
(174,66,75) ; (236,148,150)
(174,0,90) ; (236,66,120)
(174,0,120) ; (236,66,150)
(323,0,0) ; (407,72,111)
(323,0,111) ; (406,71,162)
(236,0,0) ; (323,67,106)
(304,72,0) ; (370,152,80)
(236,67,0) ; (304,143,100)
(306,72,80) ; (370,151,123)
(370,116,95) ; (468,229,116)
(373,73,95) ; (468,108,131)
(373,73,131) ; (468,108,167)
(373,73,167) ; (466,107,216)
(0,144,99) ; (61,233,188)
(236,67,100) ; (304,134,141)
(69,182,105) ; (146,233,157)
(69,182,157) ; (146,233,209)
(69,143,105) ; (107,182,175)
(107,143,105) ; (145,182,175)
(0,0,106) ; (54,81,144)
(0,81,106) ; (54,142,144)
(0,0,144) ; (54,81,182)
(0,81,144) ; (54,142,182)
(0,0,182) ; (54,81,220)
(0,81,182) ; (52,138,220)
(54,0,106) ; (119,103,158)
(54,0,158) ; (119,100,218)
(119,0,106) ; (172,70,180)
(119,70,106) ; (172,140,180)
(54,104,106) ; (113,143,157)
(236,0,106) ; (321,64,196)
(149,155,110) ; (260,229,135)
(299,153,110) ; (368,229,132)
(260,159,110) ; (299,229,148)
(379,123,116) ; (468,229,147)
(470,74,120) ; (525,174,159)
(525,74,120) ; (580,174,159)
(470,174,120) ; (582,230,159)
(311,72,123) ; (370,125,154)
(320,125,123) ; (370,151,166)
(302,155,132) ; (368,229,179)
(149,155,135) ; (260,229,160)
(236,67,141) ; (304,133,200)
(236,67,200) ; (303,131,220)
(382,129,147) ; (430,227,168)
(430,129,147) ; (468,229,168)
(260,163,148) ; (297,196,175)
(260,196,148) ; (297,229,175)
(174,0,150) ; (234,117,199)
(174,117,150) ; (233,148,203)
(311,72,154) ; (370,107,220)
(54,107,157) ; (106,143,217)
(480,150,159) ; (580,230,220)
(488,74,159) ; (580,110,220)
(488,110,159) ; (580,146,220)
(149,158,160) ; (241,229,194)
(349,0,162) ; (406,70,190)
(349,0,190) ; (406,70,218)
(323,0,162) ; (349,43,212)
(320,125,166) ; (370,151,209)
(382,131,168) ; (468,227,218)
(69,146,175) ; (134,182,220)
(260,164,175) ; (296,229,220)
(314,182,179) ; (368,229,220)
(335,155,179) ; (368,182,216)
(119,0,180) ; (169,90,219)
(119,90,180) ; (170,123,220)
(0,158,188) ; (53,233,219)
(149,160,194) ; (225,229,216)
(236,0,196) ; (303,64,216)
(174,0,199) ; (217,105,220)
