0.0883
14 1401
587 233 220
80
1 64 1  69 1  39 1 1
2 66 1  64 1  47 1 3
3 66 0  31 1  30 1 3
4 97 1  64 1  53 1 2
5 70 0  50 0  21 1 1
6 34 1  97 0  41 1 1
7 77 0  27 1  76 0 3
8 87 0  26 1  77 0 1
9 55 1  35 1  70 0 1
10 72 1  42 1  52 1 2
11 75 1  83 1  51 1 1
12 49 0  34 1  22 1 2
13 61 0  92 0  20 1 1
14 39 1  90 0  48 1 2
15 62 0  58 0  22 1 1
16 90 1  56 1  60 1 1
17 98 0  85 0  24 1 2
18 34 1  88 0  25 1 1
19 54 1  64 1  38 1 1
20 94 0  30 1  33 1 1
21 94 0  87 0  39 1 1
22 47 1  39 1  38 1 1
23 101 0  47 1  54 1 2
24 47 1  33 1  74 0 3
25 111 0  40 1  67 1 1
26 73 1  42 1  50 1 2
27 72 1  71 1  59 1 2
28 81 0  49 1  26 1 2
29 54 1  67 1  46 1 1
30 74 1  44 1  51 1 1
31 119 0  29 1  31 1 1
32 77 1  81 1  67 1 1
33 92 1  72 1  68 1 2
34 73 1  100 0  41 1 2
35 33 1  69 0  22 1 1
36 67 1  96 1  77 1 2
37 87 0  100 0  42 1 2
38 67 1  69 1  36 1 3
39 47 1  50 1  58 1 2
40 32 1  99 0  37 1 3
41 101 0  36 1  66 1 1
42 43 1  88 0  54 1 1
43 98 0  36 1  68 1 1
44 76 0  25 1  44 1 3
45 79 1  58 1  76 1 2
46 65 1  94 0  46 1 2
47 39 1  28 1  55 1 1
48 88 1  72 1  47 1 1
49 106 0  77 0  27 1 1
50 45 1  66 1  77 1 1
51 97 0  44 1  27 1 1
52 69 1  90 1  79 1 2
53 54 1  81 1  73 1 2
54 47 1  83 0  38 1 1
55 67 0  62 1  32 1 1
56 104 0  92 0  45 1 2
57 72 1  70 1  44 1 1
58 106 0  43 1  68 1 2
59 75 1  51 1  64 1 2
60 112 1  59 1  62 1 3
61 78 0  88 0  26 1 1
62 101 0  82 0  36 1 1
63 61 1  96 1  78 1 1
64 113 0  57 0  20 1 2
65 81 1  42 1  63 1 2
66 97 0  34 1  31 1 2
67 106 0  28 1  42 1 2
68 91 0  41 1  57 1 2
69 90 0  55 1  36 1 2
70 120 1  81 1  76 1 3
71 91 1  89 1  76 1 1
72 37 1  57 0  22 1 1
73 64 1  96 1  69 1 3
74 56 0  51 0  21 1 1
75 61 1  72 0  31 1 2
76 91 0  58 1  31 1 1
77 107 0  94 1  52 1 1
78 65 0  32 1  65 0 2
79 76 1  70 1  40 1 1
80 35 1  66 1  49 1 2
(192,69,220) ; (0,0,0)
(120,162,152) ; (0,71,0)
(79,90,212) ; (508,0,0)
(72,68,220) ; (515,165,0)
(51,75,214) ; (536,90,0)
(186,59,153) ; (329,174,0)
(208,82,73) ; (300,0,0)
(51,75,125) ; (485,90,0)
(104,92,90) ; (120,141,0)
(76,89,163) ; (409,85,0)
(71,72,185) ; (120,69,0)
(106,136,107) ; (192,0,0)
(104,94,87) ; (224,139,0)
(60,90,56) ; (349,84,0)
(50,47,58) ; (299,82,0)
(55,90,72) ; (354,84,56)
(50,47,58) ; (299,82,58)
(144,77,81) ; (364,0,73)
(63,81,84) ; (301,0,73)
(100,87,132) ; (224,146,87)
(94,92,65) ; (120,141,90)
(97,62,112) ; (192,0,107)
(98,35,107) ; (192,62,107)
(99,37,32) ; (192,97,107)
(49,44,34) ; (300,82,116)
(50,70,21) ; (485,93,125)
(54,88,43) ; (355,86,128)
(98,36,68) ; (192,97,139)
(44,70,72) ; (491,93,146)
(47,39,38) ; (302,82,150)
(40,111,67) ; (0,120,152)
(36,101,66) ; (40,130,152)
(77,45,66) ; (0,71,152)
(39,69,64) ; (76,162,152)
(39,28,55) ; (76,134,152)
(38,54,64) ; (77,71,152)
(67,54,46) ; (444,177,153)
(113,57,20) ; (331,174,153)
(65,65,64) ; (443,0,154)
(76,70,40) ; (367,0,154)
(94,87,39) ; (120,146,155)
(62,72,61) ; (302,0,157)
(72,84,52) ; (409,89,163)
(52,81,49) ; (357,93,171)
(106,56,42) ; (338,175,173)
(55,70,35) ; (120,69,185)
(87,77,26) ; (120,156,194)
(69,33,22) ; (374,0,194)
(57,37,22) ; (386,33,194)
(56,51,21) ; (455,180,199)
