0.0871
16 1601
587 233 220
80
1 60 0  38 1  24 1 2
2 34 1  36 1  28 1 3
3 85 1  69 1  76 1 2
4 56 1  85 1  57 1 1
5 69 1  81 1  47 1 2
6 40 1  39 1  64 1 1
7 56 1  56 1  47 1 1
8 77 0  29 1  76 0 2
9 84 0  41 1  69 1 1
10 34 1  59 1  64 1 2
11 85 0  90 0  34 1 1
12 89 0  84 1  43 1 4
13 102 0  71 0  20 1 2
14 103 0  54 1  36 1 1
15 120 0  47 1  65 1 2
16 82 0  34 1  74 0 1
17 96 0  40 1  56 1 1
18 96 0  55 0  25 1 2
19 67 1  43 1  42 1 1
20 31 1  52 0  21 1 3
21 75 1  62 1  72 1 1
22 120 0  61 0  25 1 1
23 45 1  30 1  68 0 3
24 118 1  77 1  66 1 2
25 100 0  82 0  22 1 2
26 36 1  48 1  50 1 1
27 56 0  27 1  23 1 1
28 107 0  29 1  31 1 2
29 35 1  70 0  21 1 2
30 80 0  67 0  24 1 1
31 81 1  75 1  66 1 1
32 68 0  91 0  24 1 2
33 100 0  67 0  32 1 2
34 49 1  63 0  27 1 3
35 87 1  48 1  44 1 1
36 71 0  33 1  53 1 2
37 67 1  34 1  37 1 2
38 46 1  96 0  24 1 2
39 35 1  73 0  71 0 1
40 36 1  87 0  45 1 2
41 51 1  82 1  53 1 1
42 117 0  77 1  50 1 3
43 94 0  41 1  61 1 1
44 35 1  52 0  23 1 3
45 49 1  63 1  80 1 1
46 100 0  37 1  33 1 2
47 73 1  58 1  55 1 1
48 73 1  82 1  62 1 1
49 37 1  47 1  62 1 2
50 94 1  64 1  77 1 1
51 63 1  100 0  50 1 2
52 97 0  39 1  31 1 2
53 50 1  87 0  29 1 1
54 83 0  96 0  29 1 2
55 65 1  58 1  79 1 1
56 65 1  47 1  64 1 1
57 91 1  86 1  74 1 1
58 41 1  40 1  51 1 2
59 101 1  98 1  69 1 1
60 39 1  45 1  72 1 1
61 106 0  31 1  61 1 1
62 117 0  30 1  25 1 3
63 74 0  92 0  28 1 4
64 63 0  81 0  25 1 2
65 49 0  34 1  20 1 1
66 107 0  50 1  42 1 2
67 96 1  79 1  63 1 3
68 107 0  68 1  37 1 4
69 119 0  74 0  35 1 2
70 84 0  25 1  41 1 1
71 98 0  42 1  25 1 1
72 109 0  48 1  79 1 2
73 113 0  34 1  53 1 1
74 31 1  93 0  48 1 1
75 119 0  56 1  68 1 2
76 108 0  99 1  53 1 1
77 31 1  36 1  80 0 1
78 75 1  54 1  62 1 3
79 103 0  56 1  38 1 3
80 120 0  98 1  56 1 1
(108,164,99) ; (0,0,0)
(179,77,214) ; (408,0,0)
(66,154,197) ; (521,79,0)
(85,69,217) ; (0,164,0)
(112,156,68) ; (409,77,0)
(98,69,101) ; (85,164,0)
(98,160,119) ; (108,0,0)
(178,84,86) ; (231,149,0)
(92,74,194) ; (316,0,0)
(47,69,81) ; (183,164,0)
(109,48,158) ; (206,0,0)
(119,74,70) ; (289,74,0)
(82,100,44) ; (206,48,0)
(81,100,126) ; (206,48,44)
(103,56,150) ; (413,177,68)
(107,100,42) ; (409,77,68)
(62,73,82) ; (346,74,70)
(55,73,58) ; (291,74,70)
(47,64,139) ; (183,169,81)
(126,81,74) ; (283,152,86)
(51,82,93) ; (231,151,86)
(34,118,117) ; (0,0,99)
(65,120,119) ; (34,0,99)
(87,44,48) ; (0,120,99)
(94,64,118) ; (85,169,101)
(67,100,64) ; (449,77,110)
(37,100,66) ; (412,77,110)
(96,24,92) ; (108,0,119)
(81,75,66) ; (108,24,119)
(96,55,25) ; (108,103,119)
(53,71,89) ; (293,74,128)
(96,55,25) ; (108,103,144)
(45,39,72) ; (0,125,147)
(42,43,67) ; (45,121,147)
(60,68,45) ; (348,74,152)
(56,47,56) ; (206,0,158)
(36,48,50) ; (262,0,158)
(76,77,58) ; (333,155,160)
(45,68,30) ; (288,164,160)
(87,29,50) ; (108,129,169)
(84,25,41) ; (108,103,169)
(81,69,47) ; (206,48,170)
(60,24,38) ; (206,117,170)
(36,87,45) ; (480,90,174)
(25,98,42) ; (455,79,174)
(36,80,31) ; (413,97,176)
(39,64,40) ; (231,169,179)
(73,71,35) ; (108,24,185)
(38,60,24) ; (295,172,190)
(91,68,24) ; (316,0,194)
(35,140,21) ; (549,93,197)
(27,56,23) ; (522,177,197)
(52,35,23) ; (356,74,197)
(52,31,21) ; (356,111,197)
