0.0899
62 6201
587 233 220
80
1 100 0  44 1  47 1 2
2 84 0  65 1  36 1 2
3 114 0  80 0  33 1 1
4 91 0  35 1  45 1 3
5 56 0  25 1  31 1 1
6 101 0  41 1  58 1 2
7 53 1  30 1  38 1 1
8 86 1  87 1  46 1 1
9 69 1  85 1  61 1 1
10 102 0  41 1  66 1 1
11 104 0  96 0  31 1 1
12 110 1  73 1  72 1 1
13 39 1  35 1  29 1 1
14 58 0  60 0  24 1 2
15 55 1  77 1  41 1 1
16 39 1  78 0  69 1 2
17 47 1  40 1  58 1 4
18 116 1  100 1  79 1 1
19 88 1  57 1  52 1 1
20 59 1  66 1  49 1 3
21 118 0  55 1  44 1 1
22 55 1  49 1  67 1 3
23 108 0  34 1  39 1 1
24 88 1  93 1  72 1 2
25 38 1  71 1  38 1 1
26 38 1  73 1  45 1 2
27 99 0  37 1  60 1 1
28 63 1  54 1  55 1 2
29 90 1  55 1  56 1 3
30 59 1  63 1  64 1 1
31 34 1  94 0  58 1 2
32 47 1  32 1  62 1 4
33 44 1  100 0  36 1 1
34 37 1  95 0  56 1 1
35 86 0  43 1  26 1 1
36 90 0  37 1  77 0 2
37 66 0  32 1  67 0 2
38 55 1  50 1  79 1 1
39 113 1  77 1  73 1 3
40 96 0  99 0  37 1 2
41 95 1  55 1  72 1 1
42 37 1  93 0  73 1 2
43 58 1  33 1  31 1 1
44 76 1  70 1  78 1 1
45 118 0  87 0  37 1 2
46 119 0  60 1  52 1 1
47 105 0  75 1  49 1 1
48 78 1  54 1  68 1 1
49 66 1  90 1  46 1 1
50 56 0  79 0  22 1 3
51 112 0  45 0  21 1 1
52 69 1  50 1  69 1 1
53 59 0  28 1  33 1 2
54 34 1  35 1  51 1 2
55 89 0  32 1  59 1 1
56 66 1  97 1  69 1 1
57 102 0  34 1  51 1 2
58 47 1  100 0  47 1 2
59 79 0  96 0  30 1 2
60 39 1  69 1  38 1 1
61 49 1  56 1  58 1 1
62 74 1  52 1  66 1 4
63 42 1  96 0  46 1 1
64 111 1  94 1  78 1 2
65 69 1  58 1  74 1 1
66 64 1  82 1  46 1 1
67 119 0  86 1  47 1 1
68 87 0  33 1  69 0 1
69 86 1  56 1  49 1 2
70 34 1  40 1  40 1 1
71 70 1  90 1  61 1 1
72 59 1  52 1  43 1 1
73 44 1  27 1  39 1 2
74 108 1  99 1  64 1 1
75 115 0  26 1  53 0 1
76 116 0  81 0  25 1 3
77 109 0  45 1  73 1 1
78 41 1  88 0  43 1 1
79 89 0  42 1  42 1 2
80 33 1  50 1  41 1 1
(0,0,0) ; (105,75,49)
(0,0,49) ; (52,74,115)
(52,0,49) ; (104,74,115)
(0,0,115) ; (52,74,181)
(52,0,115) ; (104,74,181)
(514,0,0) ; (587,77,113)
(514,77,0) ; (587,154,113)
(514,154,0) ; (587,231,113)
(0,76,0) ; (47,134,40)
(47,76,0) ; (94,134,40)
(0,134,0) ; (96,233,37)
(0,134,37) ; (96,233,74)
(0,76,40) ; (94,134,74)
(0,76,74) ; (94,154,185)
(0,154,74) ; (94,232,185)
(419,0,0) ; (512,88,72)
(419,88,0) ; (512,176,72)
(419,176,0) ; (514,231,72)
(96,169,0) ; (204,233,99)
(96,169,99) ; (150,232,154)
(150,169,99) ; (204,232,154)
(96,169,154) ; (143,231,186)
(143,169,154) ; (202,232,218)
(96,169,186) ; (143,231,218)
(105,0,0) ; (221,81,25)
(105,0,25) ; (221,81,50)
(105,0,50) ; (221,81,75)
(105,0,75) ; (221,79,175)
(96,81,0) ; (196,128,44)
(96,128,0) ; (198,169,66)
(96,81,44) ; (196,128,88)
(96,128,66) ; (197,169,124)
(96,81,88) ; (196,128,135)
(96,128,124) ; (197,169,182)
(96,81,135) ; (196,128,182)
(360,0,0) ; (419,49,66)
(360,49,0) ; (419,98,66)
(360,98,0) ; (419,147,66)
(360,147,0) ; (416,226,22)
(360,147,22) ; (416,226,44)
(360,147,44) ; (416,226,66)
(204,143,0) ; (281,233,37)
(281,143,0) ; (358,233,37)
(204,143,37) ; (290,230,83)
(290,143,37) ; (356,233,83)
(221,0,0) ; (290,78,39)
(290,0,0) ; (360,76,78)
(221,0,39) ; (290,78,78)
(198,81,0) ; (317,141,52)
(317,81,0) ; (360,140,52)
(198,81,52) ; (267,139,126)
(270,81,52) ; (360,137,107)
(360,0,66) ; (415,67,115)
(360,67,66) ; (416,125,115)
(360,128,66) ; (416,177,152)
(360,177,66) ; (416,226,152)
(360,128,152) ; (415,177,219)
(360,177,152) ; (415,226,219)
(426,0,72) ; (512,119,119)
(419,119,72) ; (464,157,145)
(464,119,72) ; (509,157,145)
(419,157,72) ; (512,194,145)
(419,194,72) ; (512,231,145)
(221,0,78) ; (293,73,188)
(294,0,78) ; (360,69,175)
(204,143,83) ; (322,230,120)
(204,143,120) ; (322,230,157)
(322,195,83) ; (356,230,134)
(322,195,134) ; (356,230,185)
(323,145,83) ; (356,195,124)
(270,81,107) ; (360,137,162)
(270,81,162) ; (360,137,217)
(517,0,113) ; (552,91,158)
(552,0,113) ; (587,91,158)
(517,0,158) ; (587,90,219)
(514,122,113) ; (587,231,158)
(529,91,113) ; (587,122,146)
(529,91,146) ; (585,122,171)
(360,0,115) ; (415,118,159)
(427,0,119) ; (512,61,188)
(433,61,119) ; (512,116,169)
(324,148,124) ; (356,195,186)
(198,81,126) ; (238,139,173)
(198,81,173) ; (238,139,220)
(238,81,126) ; (265,125,165)
(238,81,165) ; (265,125,204)
(425,166,145) ; (509,231,181)
(425,166,181) ; (509,231,217)
(427,120,145) ; (509,166,209)
(204,150,157) ; (318,230,190)
(550,132,158) ; (587,231,218)
(516,137,158) ; (550,231,216)
(362,0,159) ; (415,115,185)
(435,61,169) ; (512,116,210)
(532,91,171) ; (585,121,209)
(105,0,175) ; (193,41,218)
(105,41,175) ; (205,77,219)
(294,0,175) ; (360,67,207)
(0,0,181) ; (38,69,220)
(38,0,181) ; (76,71,219)
(76,0,181) ; (104,59,214)
(96,113,182) ; (191,169,219)
(96,81,182) ; (155,109,215)
(155,81,182) ; (194,110,217)
(0,130,185) ; (51,232,219)
(51,124,185) ; (90,232,219)
(0,76,185) ; (91,121,220)
(364,0,185) ; (415,102,219)
(450,0,188) ; (512,47,220)
(221,0,188) ; (288,66,220)
(204,151,190) ; (300,230,220)
