0.0844
69 6901
587 233 220
80
1 59 1  61 1  58 1 1
2 32 1  31 1  66 0 1
3 109 0  32 1  79 0 2
4 94 0  78 0  37 1 1
5 30 1  93 0  40 1 1
6 54 1  99 0  41 1 2
7 117 0  30 1  59 1 3
8 118 0  62 1  50 1 1
9 33 1  35 1  67 0 1
10 80 0  93 0  29 1 1
11 100 0  47 1  45 1 2
12 53 1  89 1  58 1 1
13 41 0  58 0  20 1 1
14 56 1  62 1  52 1 1
15 64 1  55 1  78 1 1
16 82 0  71 0  23 1 1
17 103 0  57 1  41 1 2
18 39 1  97 0  70 1 2
19 72 1  74 1  78 1 1
20 108 0  40 1  39 1 2
21 103 0  87 0  41 1 2
22 82 0  36 1  49 1 2
23 37 1  46 1  60 1 1
24 86 0  32 1  69 0 2
25 89 1  87 1  50 1 2
26 36 1  77 0  21 1 1
27 106 1  75 1  68 1 2
28 107 0  91 0  28 1 1
29 90 0  76 0  37 1 2
30 82 0  33 1  64 1 2
31 112 0  54 1  59 1 1
32 103 1  99 1  56 1 1
33 36 1  37 1  43 1 1
34 82 0  59 0  20 1 2
35 32 1  35 1  64 0 1
36 68 1  97 1  76 1 1
37 34 1  59 1  79 0 2
38 32 1  34 1  50 1 2
39 98 0  60 0  25 1 1
40 105 0  70 1  48 1 2
41 68 1  72 1  70 1 1
42 57 1  89 1  57 1 1
43 96 1  65 1  49 1 1
44 67 1  93 1  47 1 3
45 89 0  30 1  23 1 1
46 51 1  27 1  37 1 1
47 76 0  85 0  31 1 2
48 93 0  84 0  26 1 1
49 36 1  53 1  75 0 2
50 40 1  85 0  56 1 1
51 54 1  90 0  45 1 1
52 97 1  100 1  69 1 1
53 58 1  81 0  31 1 1
54 33 1  54 1  38 1 2
55 117 0  28 1  76 0 2
56 76 1  95 1  55 1 1
57 43 1  81 0  39 1 2
58 94 1  67 1  79 1 2
59 51 1  27 1  60 0 2
60 65 1  45 1  64 1 2
61 60 1  37 1  74 0 1
62 119 0  49 1  67 1 1
63 95 0  62 0  23 1 1
64 48 0  44 1  24 1 1
65 68 0  31 1  73 0 3
66 120 0  48 1  35 1 2
67 113 0  76 0  24 1 1
68 53 1  29 1  39 1 1
69 32 1  70 0  53 1 1
70 44 1  64 1  71 1 1
71 112 1  90 1  62 1 2
72 108 1  86 1  76 1 1
73 43 1  89 0  32 1 2
74 108 0  47 1  80 1 3
75 50 1  62 1  69 1 1
76 38 1  46 1  62 1 1
77 55 1  77 1  80 1 1
78 94 1  96 1  73 1 4
79 90 1  70 1  48 1 1
80 66 0  28 1  62 0 2
(188,192,73) ; (0,0,0)
(80,163,215) ; (507,0,0)
(79,68,153) ; (508,165,0)
(103,41,114) ; (0,192,0)
(195,70,87) ; (313,163,0)
(106,75,220) ; (401,0,0)
(85,40,56) ; (103,193,0)
(100,87,89) ; (407,76,0)
(94,67,220) ; (307,0,0)
(118,62,165) ; (188,0,0)
(124,112,90) ; (188,121,0)
(95,55,76) ; (312,108,0)
(110,58,89) ; (188,62,0)
(99,41,138) ; (302,67,0)
(82,36,49) ; (103,197,56)
(87,103,146) ; (0,0,73)
(76,86,108) ; (0,106,73)
(100,97,114) ; (87,0,73)
(109,79,32) ; (76,113,73)
(90,54,45) ; (317,109,76)
(76,68,128) ; (431,165,87)
(45,65,128) ; (386,168,87)
(73,68,132) ; (313,165,87)
(39,81,86) ; (468,82,89)
(59,82,71) ; (409,81,89)
(103,56,99) ; (188,62,89)
(120,35,128) ; (188,198,90)
(117,76,80) ; (188,122,90)
(82,36,70) ; (103,197,105)
(109,79,72) ; (76,113,105)
(74,37,60) ; (0,196,114)
(29,39,53) ; (74,194,114)
(66,54,38) ; (341,109,121)
(24,48,44) ; (317,115,121)
(89,32,43) ; (306,67,138)
(71,64,44) ; (516,168,153)
(60,51,27) ; (347,112,159)
(58,61,59) ; (409,101,160)
(112,59,54) ; (188,0,165)
(27,37,51) ; (74,196,167)
(96,65,49) ; (188,133,170)
(60,37,46) ; (0,196,174)
(67,33,35) ; (103,200,175)
(32,50,34) ; (475,113,175)
(89,32,43) ; (76,159,177)
(37,36,43) ; (76,123,177)
(62,46,38) ; (113,113,177)
(76,85,31) ; (0,107,181)
(66,32,31) ; (329,67,181)
(60,51,27) ; (347,112,186)
(76,85,31) ; (87,0,187)
(23,89,30) ; (163,0,187)
(70,53,32) ; (188,62,188)
(41,58,20) ; (546,174,197)
