0.0804
71 7101
587 233 220
80
1 113 0  42 1  39 1 1
2 75 1  73 1  71 1 2
3 118 0  31 1  56 1 1
4 83 1  86 1  54 1 1
5 86 1  66 1  58 1 1
6 99 1  58 1  56 1 1
7 86 1  96 1  62 1 1
8 63 1  48 1  75 1 2
9 112 1  83 1  69 1 1
10 74 1  50 1  50 1 2
11 117 0  72 1  58 1 1
12 114 0  53 1  71 1 2
13 49 1  54 1  41 1 2
14 41 1  57 1  30 1 1
15 118 1  71 1  63 1 2
16 52 1  31 1  31 1 4
17 76 1  76 1  47 1 1
18 36 1  31 1  38 1 1
19 32 1  29 1  56 1 4
20 74 0  71 0  28 1 3
21 113 0  37 1  73 1 1
22 76 1  46 1  42 1 1
23 105 0  33 1  71 0 1
24 58 0  68 0  24 1 3
25 30 1  75 0  54 1 2
26 115 0  34 1  73 0 1
27 117 1  91 1  73 1 1
28 67 1  35 1  50 1 2
29 118 0  67 1  37 1 2
30 39 1  71 1  48 1 3
31 51 1  39 1  42 1 3
32 92 0  81 1  41 1 3
33 118 0  49 1  35 1 2
34 33 1  71 0  63 1 2
35 54 1  86 0  34 1 1
36 38 1  45 1  53 1 1
37 109 0  88 0  34 1 2
38 49 0  42 0  20 1 3
39 75 1  83 1  67 1 2
40 50 1  57 1  43 1 3
41 109 0  49 1  41 1 2
42 30 1  47 1  40 1 6
43 115 0  78 0  31 1 1
44 38 1  35 1  36 1 3
45 119 0  28 1  63 0 2
46 99 0  57 1  38 1 4
47 39 1  38 1  35 1 2
48 54 1  38 1  80 0 2
49 44 1  62 1  70 1 3
50 119 0  72 1  47 1 1
51 49 1  80 1  74 1 2
52 64 0  56 0  27 1 2
53 63 1  37 1  52 1 1
54 49 1  90 1  77 1 2
55 87 1  47 1  48 1 3
56 104 0  50 1  60 1 4
57 93 0  49 1  44 1 1
58 52 1  34 1  58 1 2
59 34 1  30 1  67 0 3
60 110 0  37 1  32 1 2
61 51 1  69 1  42 1 1
62 80 0  35 1  57 1 1
63 93 0  35 1  39 1 2
64 35 1  51 1  66 1 3
65 107 1  67 1  59 1 1
66 61 1  54 1  35 1 1
67 87 0  64 0  30 1 1
68 83 1  99 1  56 1 1
69 31 1  85 0  54 1 2
70 68 1  96 1  72 1 1
71 31 1  90 0  74 0 1
72 92 0  90 0  20 1 2
73 32 1  58 1  55 1 1
74 80 1  64 1  65 1 2
75 47 1  26 1  70 0 2
76 74 1  55 1  56 1 2
77 104 0  32 1  38 1 1
78 55 1  61 1  36 1 2
79 95 1  81 1  51 1 2
80 41 1  52 1  70 1 2
(0,0,0) ; (83,67,75)
(0,0,75) ; (83,67,150)
(0,0,150) ; (80,65,214)
(513,0,0) ; (550,118,67)
(550,0,0) ; (587,118,67)
(513,0,67) ; (586,117,158)
(513,0,158) ; (585,117,216)
(0,162,0) ; (118,233,63)
(118,162,0) ; (151,233,63)
(0,162,63) ; (75,233,136)
(75,162,63) ; (150,233,136)
(0,162,136) ; (74,233,164)
(74,162,136) ; (148,233,164)
(0,162,164) ; (58,196,216)
(0,196,164) ; (58,230,216)
(58,162,164) ; (99,232,216)
(99,162,164) ; (146,232,190)
(99,162,190) ; (146,232,216)
(516,119,0) ; (587,233,53)
(516,119,53) ; (587,233,106)
(516,119,106) ; (585,231,189)
(0,67,0) ; (92,108,81)
(0,108,0) ; (95,159,81)
(0,67,81) ; (92,108,162)
(0,108,81) ; (95,159,162)
(0,67,162) ; (92,157,182)
(390,185,0) ; (453,233,75)
(453,185,0) ; (516,233,75)
(390,185,75) ; (477,233,122)
(477,185,75) ; (516,233,146)
(390,185,122) ; (477,233,169)
(477,185,146) ; (516,233,217)
(390,185,169) ; (477,232,217)
(414,0,0) ; (513,58,56)
(414,0,56) ; (513,57,94)
(414,0,94) ; (513,57,132)
(414,0,132) ; (513,56,215)
(83,0,0) ; (187,50,60)
(187,0,0) ; (264,49,90)
(83,0,60) ; (187,50,120)
(187,0,90) ; (264,49,180)
(83,0,120) ; (187,50,180)
(83,0,180) ; (113,47,220)
(113,0,180) ; (143,47,220)
(143,0,180) ; (173,47,220)
(173,0,180) ; (203,47,220)
(203,0,180) ; (233,47,220)
(233,0,180) ; (263,47,220)
(457,118,0) ; (516,185,107)
(457,118,107) ; (515,184,193)
(427,58,0) ; (513,112,83)
(427,58,83) ; (513,112,117)
(427,58,117) ; (512,112,148)
(427,58,148) ; (512,112,179)
(427,58,179) ; (507,112,217)
(95,50,0) ; (127,160,37)
(127,50,0) ; (183,105,74)
(127,105,0) ; (183,160,74)
(95,50,37) ; (127,160,74)
(95,50,74) ; (183,159,108)
(95,50,108) ; (183,159,142)
(151,162,0) ; (214,233,118)
(151,162,118) ; (214,233,151)
(151,162,151) ; (213,232,195)
(151,162,195) ; (209,230,219)
(266,0,0) ; (340,50,50)
(340,0,0) ; (414,50,50)
(266,0,50) ; (340,49,130)
(340,0,50) ; (414,49,130)
(389,113,0) ; (457,185,96)
(389,113,96) ; (455,148,147)
(389,148,96) ; (455,183,147)
(271,186,0) ; (390,233,72)
(271,186,72) ; (347,233,148)
(347,186,72) ; (389,232,148)
(214,183,0) ; (271,233,43)
(214,183,43) ; (271,233,86)
(214,183,86) ; (271,233,129)
(214,183,129) ; (268,232,170)
(391,58,0) ; (427,113,61)
(391,58,61) ; (427,113,122)
(391,58,122) ; (426,112,183)
(183,50,0) ; (227,112,70)
(227,50,0) ; (271,112,70)
(183,50,70) ; (269,112,166)
(271,52,0) ; (389,108,31)
(271,108,0) ; (386,186,31)
(183,112,0) ; (218,162,67)
(183,112,67) ; (218,162,134)
(218,113,0) ; (270,183,41)
(218,113,41) ; (269,182,83)
(272,52,31) ; (308,87,69)
(308,52,31) ; (347,87,69)
(347,52,31) ; (386,87,69)
(272,87,31) ; (329,186,69)
(329,87,31) ; (386,186,69)
(273,113,69) ; (386,186,106)
(282,52,69) ; (386,112,119)
(218,116,83) ; (269,182,118)
(281,115,106) ; (386,186,139)
(218,140,118) ; (269,182,157)
(318,52,119) ; (386,110,143)
(286,52,119) ; (318,107,177)
(296,0,130) ; (414,49,165)
(296,0,165) ; (414,49,200)
(266,0,130) ; (296,41,187)
(183,124,134) ; (218,162,170)
(322,121,139) ; (386,186,219)
(283,115,139) ; (322,186,187)
(95,50,142) ; (136,159,191)
(136,50,142) ; (177,159,191)
(318,52,143) ; (386,110,167)
(392,115,147) ; (423,146,199)
(423,115,147) ; (454,146,199)
(392,146,147) ; (455,183,199)
(276,190,148) ; (389,232,187)
(218,140,157) ; (269,182,196)
(183,50,166) ; (258,80,220)
(183,80,166) ; (258,110,220)
(348,52,167) ; (386,97,220)
(319,52,167) ; (348,108,199)
(214,191,170) ; (268,232,219)
(183,124,170) ; (218,162,206)
(287,52,177) ; (318,104,208)
(0,67,182) ; (54,147,220)
(54,67,182) ; (90,98,220)
(54,101,182) ; (86,157,211)
(395,58,183) ; (426,110,214)
(285,194,187) ; (389,232,219)
(293,130,187) ; (322,186,219)
(517,130,189) ; (551,197,219)
(551,130,189) ; (585,197,219)
(517,197,189) ; (584,231,219)
(95,50,191) ; (169,121,219)
(95,127,191) ; (151,159,220)
(459,120,193) ; (515,184,220)
(218,140,196) ; (267,182,216)
(405,141,199) ; (454,183,219)
(372,0,200) ; (414,49,220)
