0.0838
33 3301
587 233 220
80
1 104 1  88 1  72 1 1
2 92 1  62 1  56 1 2
3 60 1  65 1  71 1 1
4 95 1  87 1  48 1 1
5 41 1  58 1  63 1 1
6 107 0  46 1  28 1 3
7 92 0  32 1  28 1 2
8 38 1  83 0  22 1 1
9 56 0  57 0  23 1 1
10 70 0  44 1  26 1 1
11 57 1  39 1  42 1 2
12 88 1  89 1  64 1 1
13 74 1  86 1  62 1 2
14 82 0  58 0  23 1 2
15 58 1  34 1  48 1 2
16 115 0  48 1  77 1 2
17 49 1  66 0  28 1 4
18 45 1  99 0  32 1 1
19 57 1  94 0  38 1 1
20 61 1  36 1  46 1 1
21 61 1  56 1  69 1 2
22 67 1  55 1  50 1 1
23 106 0  33 1  48 1 1
24 100 0  38 1  54 1 3
25 75 1  89 1  50 1 1
26 70 1  70 1  37 1 2
27 95 0  62 1  47 1 1
28 59 0  27 1  47 1 1
29 78 0  32 1  38 1 1
30 66 1  68 1  47 1 2
31 69 0  58 0  26 1 2
32 88 0  37 1  33 1 2
33 39 1  28 1  39 1 2
34 62 1  69 1  40 1 1
35 40 1  28 1  65 0 1
36 76 0  88 0  32 1 4
37 81 0  28 1  20 1 4
38 63 0  99 0  30 1 2
39 102 1  56 1  71 1 1
40 116 0  82 0  22 1 3
41 33 1  46 1  74 0 2
42 99 1  53 1  68 1 1
43 64 0  31 1  47 1 3
44 115 0  27 1  55 0 2
45 33 1  28 1  37 1 2
46 118 1  89 1  80 1 2
47 54 1  53 1  62 1 1
48 43 1  98 0  52 1 1
49 63 1  85 1  66 1 4
50 50 0  25 1  61 0 3
51 35 1  81 0  64 1 1
52 49 1  89 1  62 1 4
53 56 1  46 1  30 1 2
54 40 1  84 0  54 1 1
55 36 1  49 1  54 1 4
56 89 1  97 1  53 1 1
57 75 1  62 1  78 1 1
58 41 1  56 1  29 1 1
59 87 1  99 1  57 1 2
60 118 1  60 1  62 1 1
61 95 1  60 1  69 1 4
62 58 1  70 0  31 1 4
63 102 0  28 1  77 0 1
64 108 0  89 1  50 1 1
65 73 0  68 0  30 1 3
66 97 1  78 1  64 1 1
67 98 0  89 0  43 1 2
68 37 1  45 1  30 1 1
69 92 0  80 0  34 1 1
70 117 0  90 1  51 1 1
71 52 0  40 1  21 1 1
72 99 1  75 1  59 1 1
73 56 1  39 1  34 1 4
74 100 0  31 1  35 1 2
75 82 0  68 0  34 1 1
76 113 0  78 1  49 1 1
77 44 0  65 0  22 1 1
78 119 0  59 1  54 1 1
79 58 1  71 1  60 1 1
80 61 0  71 0  22 1 2
(0,0,0) ; (82,58,23)
(0,58,0) ; (82,116,23)
(82,0,0) ; (162,118,89)
(0,0,23) ; (82,116,45)
(0,0,45) ; (82,116,67)
(0,0,67) ; (82,116,89)
(0,0,89) ; (70,58,120)
(0,58,89) ; (70,116,120)
(70,0,89) ; (162,56,151)
(70,56,89) ; (162,112,151)
(0,0,120) ; (70,58,151)
(0,58,120) ; (70,116,151)
(492,0,0) ; (587,69,60)
(492,0,60) ; (587,69,120)
(492,0,120) ; (539,68,186)
(539,0,120) ; (586,68,186)
(492,0,186) ; (539,64,217)
(539,0,186) ; (586,64,217)
(498,73,0) ; (587,122,62)
(498,122,0) ; (587,171,62)
(498,171,0) ; (584,233,74)
(498,73,62) ; (587,171,105)
(498,171,74) ; (584,233,148)
(498,73,105) ; (587,171,148)
(0,118,0) ; (49,180,89)
(49,118,0) ; (98,180,89)
(0,180,0) ; (97,233,89)
(0,118,89) ; (48,233,166)
(48,118,89) ; (96,233,166)
(398,119,0) ; (498,157,54)
(398,157,0) ; (498,195,54)
(398,195,0) ; (498,233,54)
(398,119,54) ; (497,176,141)
(398,176,54) ; (497,233,141)
(403,0,0) ; (492,118,80)
(98,121,0) ; (167,177,61)
(98,177,0) ; (167,233,61)
(98,121,61) ; (132,177,100)
(132,121,61) ; (166,177,100)
(98,177,61) ; (132,233,100)
(132,177,61) ; (166,233,100)
(98,121,100) ; (164,149,149)
(98,149,100) ; (164,177,149)
(98,177,100) ; (164,205,149)
(98,205,100) ; (164,233,149)
(162,0,0) ; (238,88,32)
(238,0,0) ; (314,88,32)
(314,0,0) ; (403,88,64)
(162,0,32) ; (238,88,64)
(238,0,32) ; (314,88,64)
(167,167,0) ; (252,233,63)
(252,167,0) ; (337,233,63)
(167,167,63) ; (252,233,126)
(252,167,63) ; (337,233,126)
(167,167,126) ; (266,230,156)
(266,167,126) ; (337,232,186)
(167,167,156) ; (266,230,186)
(338,164,0) ; (398,233,95)
(338,164,95) ; (398,233,190)
(338,164,190) ; (396,233,216)
(167,116,0) ; (284,167,90)
(162,88,0) ; (269,116,46)
(162,88,46) ; (269,116,92)
(348,89,0) ; (398,164,89)
(286,89,0) ; (348,164,78)
(162,0,64) ; (275,49,142)
(278,0,64) ; (308,46,120)
(308,0,64) ; (403,48,151)
(278,0,120) ; (308,46,176)
(308,0,151) ; (403,47,213)
(278,0,176) ; (308,45,213)
(162,49,64) ; (204,88,121)
(204,49,64) ; (246,88,121)
(246,49,64) ; (340,87,121)
(342,48,64) ; (403,84,110)
(289,89,78) ; (348,164,177)
(404,0,80) ; (492,72,184)
(418,72,80) ; (492,118,113)
(418,72,113) ; (492,118,146)
(348,97,89) ; (398,164,144)
(167,117,90) ; (275,167,179)
(167,117,179) ; (221,166,215)
(221,117,179) ; (275,166,215)
(162,88,92) ; (269,116,138)
(354,48,110) ; (403,84,164)
(354,48,164) ; (403,84,218)
(162,49,121) ; (245,87,143)
(245,49,121) ; (315,86,191)
(245,49,191) ; (278,86,219)
(278,49,191) ; (311,86,219)
(162,88,138) ; (243,116,158)
(162,88,158) ; (243,116,178)
(162,88,178) ; (243,116,198)
(162,88,198) ; (243,116,218)
(400,169,141) ; (497,233,219)
(399,126,141) ; (497,169,193)
(162,0,142) ; (268,48,175)
(162,49,143) ; (240,87,175)
(348,103,144) ; (398,164,169)
(348,103,169) ; (398,164,194)
(348,103,194) ; (398,164,219)
(422,72,146) ; (492,116,172)
(502,73,148) ; (582,165,182)
(502,165,148) ; (584,233,182)
(98,131,149) ; (154,233,220)
(0,0,151) ; (99,53,219)
(0,53,151) ; (48,111,185)
(0,53,185) ; (48,111,219)
(99,0,151) ; (161,40,220)
(48,53,151) ; (101,107,213)
(101,40,151) ; (162,111,173)
(101,40,173) ; (162,111,195)
(0,118,166) ; (55,233,193)
(0,118,193) ; (55,233,220)
(55,149,166) ; (95,233,220)
(55,121,166) ; (94,149,205)
(428,72,172) ; (492,103,219)
(162,0,175) ; (261,32,220)
(162,49,175) ; (227,77,215)
(290,101,177) ; (348,164,218)
(512,163,182) ; (582,233,219)
(516,75,182) ; (549,163,219)
(549,75,182) ; (582,163,219)
(411,0,184) ; (492,64,219)
(167,172,186) ; (236,230,212)
(236,195,186) ; (336,230,217)
(236,167,186) ; (328,195,218)
(445,129,193) ; (497,169,214)
(101,40,195) ; (158,96,218)
