0.0835
46 4601
587 233 220
80
1 88 1  54 1  77 1 1
2 30 1  82 0  48 1 1
3 94 1  87 1  48 1 1
4 41 1  67 1  66 1 2
5 119 0  34 1  32 1 2
6 31 1  96 0  36 1 2
7 80 1  63 1  80 1 1
8 101 0  53 0  22 1 2
9 60 1  89 1  65 1 2
10 68 1  71 1  79 1 1
11 89 0  47 1  35 1 1
12 105 0  39 1  59 1 1
13 59 1  52 1  34 1 1
14 81 0  43 0  20 1 3
15 117 0  39 1  50 1 1
16 102 0  48 1  67 1 3
17 74 1  89 1  79 1 2
18 114 1  61 1  63 1 1
19 64 1  90 1  78 1 1
20 108 0  74 0  33 1 2
21 68 1  37 1  53 1 3
22 80 0  68 0  22 1 1
23 112 1  58 1  58 1 2
24 86 1  93 1  71 1 1
25 96 1  88 1  69 1 1
26 90 1  75 1  47 1 1
27 51 1  83 1  52 1 1
28 107 1  62 1  78 1 1
29 46 1  53 1  75 1 1
30 39 1  66 1  63 1 2
31 44 1  61 1  74 1 1
32 80 1  98 0  46 1 1
33 112 1  66 1  68 1 1
34 112 0  61 1  48 1 1
35 91 0  47 1  33 1 1
36 102 0  95 0  36 1 1
37 109 1  80 1  75 1 1
38 72 0  41 1  28 1 1
39 115 0  65 0  23 1 2
40 51 1  96 0  43 1 1
41 63 0  45 1  25 1 1
42 118 0  70 1  51 1 1
43 110 0  32 1  35 1 2
44 31 1  67 0  51 1 1
45 115 0  57 1  44 1 2
46 102 0  62 1  44 1 1
47 47 1  59 1  35 1 2
48 103 0  54 0  23 1 1
49 80 1  67 1  45 1 1
50 31 1  58 1  44 1 1
51 71 0  62 1  32 1 1
52 109 0  31 1  42 1 1
53 106 1  100 1  80 1 2
54 106 1  75 1  62 1 1
55 75 1  99 0  40 1 2
56 42 1  25 1  62 0 3
57 105 0  69 1  37 1 4
58 120 0  79 1  58 1 1
59 72 0  32 1  60 1 2
60 33 1  47 1  43 1 1
61 102 0  75 1  48 1 1
62 111 0  48 1  72 1 1
63 75 0  98 0  21 1 2
64 91 1  55 1  62 1 1
65 44 1  31 1  42 1 2
66 48 1  96 0  36 1 1
67 85 1  62 1  60 1 1
68 106 0  91 1  48 1 1
69 117 1  63 1  71 1 2
70 58 1  79 1  71 1 1
71 96 1  90 1  70 1 2
72 44 0  41 0  20 1 1
73 118 1  68 1  70 1 1
74 52 0  26 1  54 0 1
75 83 1  50 1  66 1 1
76 61 1  36 1  70 1 1
77 111 0  65 0  28 1 1
78 33 1  68 0  21 1 1
79 82 1  57 1  50 1 3
80 34 1  92 0  24 1 2
(196,126,71) ; (0,0,0)
(100,80,217) ; (487,0,0)
(276,105,85) ; (0,128,0)
(100,152,101) ; (487,81,0)
(90,70,214) ; (397,0,0)
(89,158,74) ; (398,75,0)
(119,118,70) ; (279,115,0)
(116,112,119) ; (281,0,0)
(83,61,70) ; (196,0,0)
(82,67,111) ; (196,61,0)
(75,109,146) ; (323,124,70)
(82,57,150) ; (196,0,70)
(44,115,114) ; (279,118,70)
(112,68,147) ; (0,0,71)
(120,58,79) ; (0,68,71)
(80,63,146) ; (112,0,71)
(75,62,148) ; (120,63,71)
(88,96,117) ; (399,137,74)
(89,60,65) ; (398,75,74)
(71,93,86) ; (0,137,85)
(106,101,22) ; (71,129,85)
(95,102,36) ; (177,128,85)
(51,83,118) ; (534,148,101)
(47,75,90) ; (487,156,101)
(60,62,85) ; (525,81,101)
(32,71,62) ; (493,85,101)
(106,91,48) ; (71,139,107)
(78,62,107) ; (196,61,111)
(111,72,80) ; (282,0,119)
(105,39,59) ; (288,72,119)
(93,102,44) ; (177,128,121)
(88,54,77) ; (399,75,139)
(119,32,34) ; (0,68,150)
(92,24,68) ; (0,100,150)
(60,89,65) ; (71,141,155)
(44,74,61) ; (131,156,155)
(31,67,51) ; (494,89,163)
(62,91,55) ; (177,137,165)
(30,82,48) ; (239,146,165)
(68,91,47) ; (0,139,171)
(96,36,31) ; (297,72,178)
(119,32,34) ; (0,68,184)
(42,109,31) ; (281,124,184)
(59,52,34) ; (526,81,186)
(41,72,28) ; (493,159,191)
(54,52,26) ; (432,179,191)
(44,41,20) ; (442,138,191)
(33,68,21) ; (399,163,191)
(81,43,20) ; (311,0,199)
