0.0815
47 4701
587 233 220
80
1 101 0  28 1  59 0 1
2 80 1  81 1  75 1 1
3 115 0  29 1  79 0 3
4 89 0  75 0  36 1 1
5 119 0  46 1  28 1 1
6 47 1  40 1  75 1 2
7 62 1  64 1  53 1 3
8 92 0  66 0  23 1 1
9 94 1  49 1  54 1 1
10 105 0  63 1  52 1 2
11 44 1  52 1  78 1 1
12 104 1  61 1  57 1 2
13 53 1  28 1  71 0 1
14 65 1  78 0  35 1 1
15 94 0  28 1  71 0 2
16 90 1  60 1  68 1 1
17 81 1  97 1  71 1 4
18 98 0  74 1  46 1 1
19 93 1  53 1  61 1 1
20 59 0  85 0  22 1 2
21 66 0  99 0  32 1 2
22 36 1  40 1  37 1 2
23 38 1  38 1  20 1 1
24 30 1  39 1  50 1 2
25 96 0  75 0  23 1 1
26 90 1  64 1  62 1 1
27 61 1  62 1  56 1 1
28 83 1  47 1  58 1 1
29 119 0  34 1  47 1 1
30 44 1  70 1  76 1 1
31 47 1  82 0  31 1 1
32 49 1  89 1  76 1 1
33 48 0  87 0  24 1 1
34 92 0  38 1  57 1 1
35 113 0  51 1  69 1 2
36 108 1  72 1  70 1 2
37 96 1  88 1  58 1 1
38 35 1  31 1  67 0 1
39 114 0  50 1  36 1 1
40 52 1  94 1  68 1 3
41 106 1  64 1  69 1 3
42 72 1  63 1  38 1 1
43 114 1  69 1  77 1 3
44 75 1  99 1  55 1 2
45 44 1  56 1  52 1 1
46 47 1  95 0  54 1 1
47 53 1  54 1  57 1 1
48 77 1  83 1  46 1 1
49 96 1  95 1  55 1 1
50 45 1  73 1  59 1 1
51 44 1  47 1  65 1 2
52 38 1  46 1  26 1 1
53 87 0  85 0  21 1 2
54 109 0  43 1  50 1 1
55 103 0  85 0  24 1 1
56 100 0  34 1  72 0 2
57 30 1  37 1  51 1 2
58 108 0  41 1  61 1 1
59 77 1  98 1  79 1 2
60 116 0  51 1  73 1 1
61 112 0  35 1  37 1 1
62 82 1  49 1  44 1 1
63 45 1  63 0  30 1 1
64 38 1  97 0  59 1 2
65 68 0  28 1  50 1 1
66 90 1  77 1  50 1 1
67 93 1  95 1  51 1 1
68 105 0  71 0  33 1 2
69 57 1  42 1  41 1 1
70 109 0  94 0  33 1 1
71 63 1  68 1  59 1 1
72 87 1  95 0  45 1 1
73 95 1  77 1  68 1 1
74 117 1  59 1  71 1 1
75 35 1  55 0  27 1 2
76 43 1  97 0  32 1 2
77 32 1  42 1  57 1 1
78 78 0  56 0  22 1 1
79 84 1  61 1  75 1 1
80 42 1  68 1  70 1 1
(0,0,0) ; (97,81,71)
(97,0,0) ; (194,81,71)
(0,81,0) ; (97,162,71)
(97,81,0) ; (194,162,71)
(356,0,0) ; (433,69,114)
(433,0,0) ; (510,69,114)
(510,0,0) ; (587,69,114)
(356,0,114) ; (469,69,165)
(469,0,114) ; (582,69,165)
(380,169,0) ; (449,233,106)
(449,169,0) ; (518,233,106)
(518,169,0) ; (587,233,106)
(380,169,106) ; (433,233,168)
(433,169,106) ; (486,233,168)
(486,169,106) ; (576,233,168)
(0,162,0) ; (105,233,33)
(105,162,0) ; (210,233,33)
(512,70,0) ; (587,169,55)
(512,70,55) ; (587,169,110)
(512,70,110) ; (586,168,156)
(435,71,0) ; (512,169,79)
(435,71,79) ; (512,169,158)
(435,71,158) ; (506,165,186)
(194,0,0) ; (299,63,52)
(299,0,0) ; (356,61,104)
(194,0,52) ; (299,63,104)
(286,165,0) ; (380,233,52)
(286,165,52) ; (380,233,104)
(286,165,104) ; (380,233,156)
(286,165,156) ; (376,233,216)
(210,153,0) ; (285,233,81)
(397,72,0) ; (435,169,59)
(397,72,59) ; (435,169,118)
(397,72,118) ; (435,164,175)
(194,63,0) ; (290,151,58)
(194,63,58) ; (289,150,103)
(346,70,0) ; (397,165,93)
(346,70,93) ; (395,164,147)
(291,63,0) ; (346,158,96)
(0,163,33) ; (72,233,141)
(72,163,33) ; (144,233,141)
(144,162,33) ; (203,233,150)
(144,162,150) ; (203,230,213)
(0,0,71) ; (79,115,100)
(0,0,100) ; (79,115,129)
(0,0,129) ; (79,115,158)
(0,116,71) ; (77,162,154)
(79,0,71) ; (141,64,124)
(79,64,71) ; (140,157,124)
(141,0,71) ; (192,116,144)
(141,118,71) ; (188,162,136)
(210,153,81) ; (285,193,128)
(210,193,81) ; (285,233,128)
(292,63,96) ; (346,158,143)
(194,63,103) ; (279,150,124)
(194,0,104) ; (298,61,161)
(300,0,104) ; (356,61,166)
(79,0,124) ; (137,83,171)
(79,84,124) ; (136,125,166)
(79,125,124) ; (136,157,166)
(194,63,124) ; (279,150,145)
(210,195,128) ; (282,233,191)
(210,153,128) ; (280,195,196)
(141,118,136) ; (188,162,201)
(0,165,141) ; (95,233,218)
(95,163,141) ; (139,233,217)
(296,63,143) ; (346,153,220)
(141,0,144) ; (190,89,220)
(141,89,144) ; (187,115,182)
(194,63,145) ; (272,115,189)
(194,63,189) ; (233,113,219)
(233,63,189) ; (272,113,219)
(194,115,145) ; (272,150,210)
(347,77,147) ; (395,164,171)
(0,117,154) ; (73,162,213)
(543,71,156) ; (586,168,188)
(543,71,188) ; (586,168,220)
(513,94,156) ; (543,131,207)
(513,131,156) ; (543,168,207)
(0,0,158) ; (75,84,219)
(0,84,158) ; (71,112,211)
(194,0,161) ; (295,59,189)
(384,0,165) ; (483,66,197)
(483,0,165) ; (582,66,197)
(356,0,165) ; (384,68,215)
(79,104,166) ; (136,157,220)
(79,84,166) ; (117,104,204)
(300,0,166) ; (356,44,218)
(462,197,168) ; (576,233,218)
(457,169,168) ; (576,197,214)
(380,202,168) ; (462,233,215)
(394,172,168) ; (457,202,213)
(79,0,171) ; (135,78,193)
(351,82,171) ; (395,164,220)
(398,84,175) ; (435,124,211)
(398,124,175) ; (435,164,211)
(435,71,186) ; (506,165,214)
(194,0,189) ; (279,59,211)
(210,198,191) ; (265,233,218)
(79,0,193) ; (134,35,220)
(490,0,197) ; (582,66,220)
(405,0,197) ; (490,59,219)
