0.0825
87 8701
587 233 220
80
1 44 1  43 1  68 1 2
2 115 0  76 0  30 1 1
3 88 0  67 0  20 1 1
4 61 1  90 0  42 1 2
5 59 1  31 1  59 1 1
6 55 1  51 1  29 1 1
7 62 1  91 1  79 1 2
8 112 0  39 1  43 1 1
9 75 0  26 1  80 0 1
10 93 0  46 1  41 1 1
11 68 1  62 1  35 1 1
12 34 1  93 0  48 1 1
13 75 1  79 1  65 1 2
14 73 0  68 0  30 1 2
15 120 0  74 0  34 1 1
16 92 0  35 1  67 1 2
17 39 1  53 1  49 1 1
18 115 0  38 1  28 1 3
19 71 1  82 1  44 1 1
20 93 1  83 1  59 1 4
21 82 0  71 0  31 1 1
22 98 1  93 1  51 1 1
23 42 1  79 0  33 1 1
24 65 1  78 1  53 1 1
25 49 0  50 0  21 1 2
26 77 0  25 1  61 0 1
27 76 1  96 1  71 1 1
28 42 1  58 1  79 1 1
29 88 1  53 1  77 1 1
30 71 1  68 1  55 1 2
31 95 1  98 1  52 1 3
32 84 1  84 1  59 1 1
33 85 0  94 0  28 1 2
34 103 1  78 1  79 1 1
35 95 1  57 1  53 1 1
36 36 1  53 1  55 1 1
37 61 0  34 1  28 1 1
38 55 1  48 1  35 1 2
39 102 0  67 1  39 1 2
40 45 1  90 0  41 1 1
41 74 1  64 1  61 1 1
42 63 1  41 1  57 1 1
43 53 1  90 1  55 1 3
44 71 1  69 1  43 1 2
45 50 1  81 0  31 1 3
46 99 0  55 1  34 1 1
47 97 0  62 1  43 1 1
48 107 0  86 0  22 1 1
49 87 0  47 1  43 1 3
50 78 1  96 1  69 1 1
51 53 1  79 1  79 1 2
52 80 0  74 0  24 1 1
53 47 1  42 1  59 1 1
54 92 1  52 1  73 1 2
55 87 0  81 0  40 1 2
56 103 0  35 1  26 1 1
57 81 0  34 1  72 0 2
58 101 0  30 1  47 1 1
59 68 1  55 1  73 1 1
60 93 0  47 1  26 1 2
61 37 1  80 0  63 1 1
62 73 0  75 0  35 1 1
63 73 1  92 0  43 1 4
64 55 1  64 1  35 1 2
65 38 1  27 1  72 0 2
66 104 1  61 1  69 1 1
67 78 1  44 1  55 1 1
68 44 1  75 1  46 1 2
69 119 0  87 1  55 1 1
70 119 0  78 1  43 1 1
71 43 1  52 1  32 1 2
72 97 1  50 1  63 1 2
73 77 1  86 1  55 1 1
74 98 0  75 1  44 1 1
75 36 1  59 1  54 1 2
76 93 0  52 1  35 1 3
77 66 1  51 1  65 1 2
78 76 1  66 1  45 1 1
79 71 1  66 1  39 1 1
80 110 1  73 1  68 1 3
(93,83,220) ; (0,0,0)
(73,136,220) ; (514,0,0)
(91,79,219) ; (0,154,0)
(98,95,155) ; (489,138,0)
(95,135,146) ; (419,0,0)
(93,70,139) ; (0,84,0)
(65,75,219) ; (91,158,0)
(53,158,174) ; (93,0,0)
(63,97,143) ; (426,136,0)
(270,84,59) ; (146,0,0)
(103,78,146) ; (156,155,0)
(162,88,83) ; (264,145,0)
(96,71,154) ; (146,84,0)
(104,61,69) ; (315,84,0)
(72,59,54) ; (242,84,0)
(71,55,68) ; (242,84,54)
(72,81,68) ; (146,0,59)
(90,55,159) ; (326,0,59)
(71,82,75) ; (218,0,59)
(115,28,76) ; (301,55,59)
(35,55,160) ; (291,0,59)
(90,61,42) ; (329,84,69)
(119,87,55) ; (307,145,83)
(43,87,47) ; (264,145,83)
(90,61,42) ; (329,84,111)
(64,55,35) ; (242,84,122)
(68,73,60) ; (146,0,127)
(37,80,63) ; (264,152,130)
(71,69,86) ; (218,0,134)
(115,28,38) ; (301,55,135)
(119,43,78) ; (307,189,138)
(112,43,39) ; (314,146,138)
(45,66,76) ; (0,85,139)
(39,66,71) ; (45,85,139)
(55,86,77) ; (433,147,143)
(85,94,28) ; (426,0,146)
(98,75,44) ; (156,158,146)
(90,41,45) ; (421,94,146)
(77,61,25) ; (342,84,153)
(51,66,65) ; (146,87,154)
(35,68,62) ; (197,85,154)
(53,78,65) ; (534,153,155)
(44,78,55) ; (490,153,155)
(57,41,63) ; (242,84,157)
(103,26,35) ; (313,55,173)
(75,88,46) ; (436,0,174)
(50,49,42) ; (93,0,174)
(41,93,46) ; (93,49,174)
(104,32,43) ; (322,157,177)
(47,59,42) ; (372,84,178)
(28,61,34) ; (344,84,178)
(59,59,31) ; (146,0,187)
(51,55,29) ; (156,178,190)
(38,72,27) ; (207,161,190)
(72,38,27) ; (439,94,191)
