0.0814
59 5901
587 233 220
80
1 102 1  63 1  78 1 3
2 95 1  84 1  58 1 1
3 106 0  42 1  64 1 2
4 52 1  69 1  45 1 2
5 83 1  73 1  73 1 2
6 78 0  50 1  35 1 1
7 68 0  56 0  21 1 1
8 32 1  49 1  51 1 3
9 62 1  44 1  63 1 1
10 76 1  66 1  60 1 2
11 108 0  93 0  43 1 1
12 45 1  52 1  64 1 1
13 48 1  100 0  78 1 2
14 67 1  53 1  64 1 5
15 90 1  57 1  77 1 1
16 90 0  29 1  20 1 1
17 103 0  41 1  38 1 1
18 116 0  37 1  69 1 1
19 104 0  56 1  42 1 1
20 69 0  27 1  77 0 1
21 78 1  83 1  50 1 3
22 114 0  37 1  48 1 1
23 74 1  39 1  50 1 1
24 78 1  78 1  55 1 2
25 47 1  100 0  72 1 3
26 62 1  95 1  69 1 1
27 34 1  79 0  24 1 1
28 49 0  79 0  21 1 1
29 61 1  64 1  61 1 1
30 50 1  44 1  69 1 4
31 120 1  91 1  65 1 1
32 107 0  46 1  48 1 1
33 38 1  45 1  56 1 1
34 44 1  29 1  76 0 3
35 56 1  58 1  70 1 1
36 55 1  28 1  31 1 1
37 88 0  41 1  37 1 2
38 103 0  68 0  31 1 1
39 65 1  72 1  43 1 1
40 97 1  72 1  57 1 1
41 64 1  35 1  55 1 2
42 98 1  60 1  60 1 1
43 85 1  67 1  55 1 1
44 80 0  87 0  39 1 2
45 102 1  88 1  60 1 3
46 102 0  27 1  50 1 2
47 66 1  44 1  73 1 1
48 31 1  35 1  27 1 1
49 83 0  88 0  22 1 1
50 40 1  83 0  24 1 2
51 107 0  37 1  26 1 2
52 38 1  42 1  61 1 2
53 47 1  94 0  35 1 2
54 48 1  72 1  41 1 1
55 54 1  28 1  53 1 1
56 80 1  54 1  64 1 1
57 32 1  68 0  64 0 2
58 42 1  50 1  57 1 1
59 91 1  84 1  48 1 3
60 84 1  75 1  76 1 1
61 94 1  85 1  72 1 1
62 30 1  92 0  78 0 1
63 97 1  86 1  67 1 2
64 47 1  27 1  74 0 1
65 76 0  26 1  34 1 1
66 119 0  100 1  58 1 2
67 74 0  26 1  37 1 1
68 53 1  79 1  52 1 1
69 91 1  58 1  53 1 1
70 41 1  59 1  62 1 1
71 117 0  53 1  58 1 1
72 116 0  50 1  76 1 1
73 32 1  85 0  36 1 2
74 49 1  80 0  35 1 1
75 106 0  81 0  34 1 1
76 76 1  92 1  71 1 1
77 85 1  54 1  57 1 1
78 96 0  64 1  47 1 1
79 55 1  56 1  49 1 1
80 88 1  50 1  66 1 1
(106,67,170) ; (0,0,0)
(102,166,189) ; (485,0,0)
(179,100,125) ; (0,133,0)
(97,67,172) ; (490,166,0)
(167,66,120) ; (0,67,0)
(238,58,153) ; (252,175,0)
(149,96,84) ; (336,0,0)
(44,66,145) ; (106,0,0)
(102,60,148) ; (150,0,0)
(156,78,105) ; (329,97,0)
(72,97,57) ; (179,136,0)
(83,73,146) ; (167,60,0)
(83,88,59) ; (253,0,0)
(76,87,44) ; (251,88,0)
(75,76,110) ; (251,99,44)
(72,94,161) ; (179,139,57)
(80,87,78) ; (255,0,59)
(84,48,131) ; (401,0,84)
(107,46,48) ; (378,48,84)
(64,45,52) ; (337,0,84)
(42,50,57) ; (336,45,84)
(116,69,37) ; (368,102,105)
(35,64,110) ; (333,107,105)
(61,64,61) ; (0,67,120)
(106,64,42) ; (61,67,120)
(108,93,43) ; (0,134,125)
(69,62,95) ; (108,165,125)
(51,32,49) ; (108,133,125)
(104,42,56) ; (381,48,132)
(63,44,62) ; (338,0,136)
(78,50,83) ; (257,0,137)
(80,35,49) ; (255,50,137)
(41,48,72) ; (337,45,141)
(104,69,76) ; (380,102,142)
(42,61,38) ; (106,0,145)
(79,52,74) ; (167,60,146)
(56,58,70) ; (150,0,148)
(41,59,62) ; (206,0,148)
(88,50,66) ; (400,179,153)
(64,53,67) ; (336,176,153)
(80,54,64) ; (256,175,153)
(68,64,64) ; (251,109,154)
(85,54,57) ; (61,67,162)
(102,54,50) ; (0,173,168)
(107,37,52) ; (0,136,168)
(51,64,49) ; (0,0,170)
(55,56,49) ; (51,0,170)
(96,64,47) ; (491,169,172)
(31,27,35) ; (108,138,174)
(61,42,38) ; (0,67,181)
(28,55,31) ; (106,0,183)
(79,24,34) ; (256,50,186)
(85,36,32) ; (400,48,188)
(78,92,30) ; (507,0,189)
(77,69,27) ; (508,97,189)
(20,90,29) ; (487,0,189)
