0.0904
75 7501
587 233 220
80
1 59 1  81 1  60 1 1
2 105 0  33 1  64 1 1
3 30 1  58 1  35 1 1
4 30 1  27 1  73 0 1
5 37 1  75 0  64 1 1
6 89 0  43 1  30 1 1
7 84 0  43 1  34 1 1
8 112 1  57 1  63 1 2
9 49 1  50 1  27 1 2
10 76 1  89 1  67 1 3
11 118 0  29 1  74 0 1
12 92 1  47 1  73 1 1
13 72 0  57 0  23 1 1
14 53 1  54 1  37 1 1
15 94 0  26 1  77 0 3
16 50 1  41 1  29 1 1
17 107 0  77 0  29 1 2
18 71 0  74 0  22 1 2
19 83 0  30 1  74 0 1
20 60 0  25 1  32 1 1
21 112 0  97 1  53 1 3
22 69 1  70 1  72 1 2
23 51 0  47 0  23 1 3
24 50 1  52 1  27 1 1
25 51 1  94 1  60 1 1
26 82 1  54 1  60 1 3
27 120 0  41 1  22 1 1
28 69 1  77 1  44 1 1
29 97 1  62 1  50 1 1
30 102 0  75 0  36 1 1
31 112 0  79 0  22 1 1
32 64 1  71 1  46 1 1
33 87 0  75 0  32 1 1
34 92 0  31 1  60 1 2
35 95 1  67 1  57 1 2
36 49 1  80 1  73 1 3
37 69 1  89 1  59 1 1
38 43 1  52 1  28 1 2
39 36 1  93 0  28 1 1
40 85 0  25 1  64 0 1
41 108 0  49 1  67 1 1
42 48 1  33 1  32 1 1
43 112 0  32 1  72 0 1
44 87 1  61 1  70 1 1
45 32 1  90 0  42 1 1
46 65 1  60 1  51 1 1
47 43 1  64 1  43 1 2
48 42 1  34 1  27 1 2
49 50 1  96 1  68 1 1
50 46 1  26 1  38 1 1
51 60 1  54 1  72 1 2
52 83 0  54 0  22 1 1
53 64 1  57 1  65 1 3
54 78 1  84 1  79 1 1
55 109 0  27 1  73 0 2
56 86 0  47 1  28 1 1
57 117 0  98 0  49 1 2
58 54 1  44 1  75 1 1
59 83 0  29 1  73 0 1
60 50 1  90 1  71 1 2
61 120 0  49 1  27 1 2
62 65 1  85 1  63 1 1
63 46 1  59 0  25 1 1
64 84 1  55 1  47 1 1
65 113 0  78 1  49 1 2
66 70 1  94 1  67 1 4
67 102 0  39 1  37 1 1
68 30 1  69 0  57 1 1
69 49 1  58 1  76 1 1
70 73 1  74 1  45 1 2
71 85 1  75 1  65 1 1
72 109 1  84 1  65 1 2
73 36 1  94 0  57 1 1
74 55 1  52 1  35 1 1
75 117 0  86 1  46 1 1
76 111 0  93 1  53 1 2
77 111 0  64 0  32 1 1
78 93 1  100 1  66 1 2
79 68 1  89 0  39 1 1
80 73 1  42 1  62 1 1
(106,112,190) ; (0,0,0)
(94,134,216) ; (493,0,0)
(170,119,109) ; (0,114,0)
(190,98,78) ; (397,135,0)
(95,67,214) ; (398,0,0)
(64,114,177) ; (106,0,0)
(108,67,49) ; (385,67,0)
(73,229,54) ; (170,0,0)
(80,49,219) ; (318,0,0)
(117,98,151) ; (280,135,0)
(75,85,65) ; (243,0,0)
(36,94,57) ; (243,139,0)
(64,86,133) ; (321,49,0)
(76,49,58) ; (243,85,0)
(100,66,93) ; (393,67,49)
(71,90,161) ; (170,0,54)
(72,138,70) ; (170,91,54)
(36,93,28) ; (243,140,57)
(75,44,54) ; (243,85,58)
(74,83,59) ; (243,0,65)
(47,92,101) ; (540,137,78)
(113,94,60) ; (427,135,78)
(30,89,43) ; (397,140,78)
(32,90,42) ; (243,143,85)
(86,117,46) ; (0,116,109)
(78,79,84) ; (86,154,109)
(75,37,64) ; (86,117,109)
(69,44,104) ; (243,85,112)
(29,50,41) ; (398,179,121)
(30,35,58) ; (397,144,121)
(69,135,89) ; (170,94,124)
(73,74,90) ; (243,0,124)
(28,52,93) ; (243,181,127)
(32,33,48) ; (243,148,127)
(55,84,47) ; (329,49,133)
(113,82,82) ; (427,145,138)
(97,62,50) ; (396,67,142)
(105,33,64) ; (287,199,151)
(111,64,32) ; (281,135,151)
(64,57,65) ; (0,176,155)
(51,60,65) ; (0,116,155)
(35,55,52) ; (51,121,155)
(28,43,52) ; (399,186,162)
(59,25,46) ; (86,129,173)
(62,73,42) ; (106,0,177)
(60,32,25) ; (106,73,177)
(43,84,34) ; (544,139,179)
(54,53,37) ; (330,49,180)
(46,26,38) ; (338,107,180)
(102,39,37) ; (290,160,183)
(77,107,29) ; (0,0,190)
(27,73,30) ; (77,0,190)
(94,51,23) ; (399,67,192)
(74,71,22) ; (86,162,193)
