0.0909
22 2201
587 233 220
80
1 73 0  56 0  28 1 2
2 39 1  78 0  67 1 1
3 104 1  67 1  67 1 1
4 81 1  72 1  63 1 1
5 92 1  60 1  61 1 1
6 43 1  93 0  58 1 2
7 84 0  74 0  30 1 1
8 38 1  82 0  42 1 1
9 103 0  73 0  26 1 2
10 110 0  77 1  54 1 1
11 33 1  57 1  72 0 1
12 80 1  86 1  79 1 2
13 93 1  58 1  74 1 1
14 63 0  30 1  31 1 2
15 86 1  75 1  79 1 2
16 85 1  76 1  70 1 2
17 64 1  71 1  67 1 1
18 51 1  35 1  35 1 1
19 42 1  38 1  65 1 1
20 67 0  42 1  32 1 1
21 31 1  82 0  51 1 1
22 117 1  96 1  59 1 2
23 35 1  90 0  66 1 1
24 77 1  85 1  47 1 2
25 62 0  28 1  80 0 1
26 100 1  76 1  51 1 1
27 117 0  40 1  54 1 1
28 59 0  32 1  26 1 1
29 110 1  100 1  75 1 2
30 57 0  58 0  28 1 2
31 76 1  53 1  66 1 3
32 46 1  73 1  77 1 1
33 66 1  78 1  49 1 2
34 83 0  52 1  27 1 2
35 111 0  42 1  56 1 1
36 31 1  98 0  58 1 1
37 92 1  60 1  66 1 1
38 113 0  87 0  37 1 1
39 64 1  82 1  50 1 1
40 57 1  35 1  53 1 1
41 98 0  88 0  23 1 1
42 98 0  31 1  72 0 1
43 107 0  33 1  74 0 1
44 99 0  51 1  28 1 1
45 68 0  31 1  68 0 1
46 35 1  98 0  69 1 1
47 91 0  77 0  24 1 1
48 51 1  45 1  40 1 2
49 120 1  72 1  75 1 1
50 53 1  53 1  47 1 1
51 69 1  80 0  35 1 1
52 42 1  75 1  70 1 2
53 59 1  33 1  67 0 1
54 35 1  36 1  78 0 1
55 33 1  84 0  68 0 1
56 49 1  87 0  34 1 1
57 99 1  53 1  73 1 1
58 105 0  57 1  36 1 3
59 61 1  63 1  50 1 1
60 83 1  54 1  53 1 2
61 108 0  96 1  50 1 2
62 108 0  48 1  30 1 2
63 100 1  52 1  52 1 2
64 83 0  100 0  23 1 1
65 72 1  68 1  73 1 1
66 58 1  49 1  54 1 1
67 96 1  56 1  71 1 1
68 85 0  32 1  46 1 2
69 52 1  72 1  59 1 1
70 87 0  97 0  20 1 3
71 35 1  85 0  25 1 3
72 72 0  72 0  20 1 1
73 84 1  63 1  54 1 2
74 58 1  84 1  60 1 1
75 116 0  85 1  52 1 1
76 78 1  88 1  74 1 3
77 40 1  31 1  59 1 1
78 117 0  57 1  66 1 2
79 94 0  34 1  62 1 1
80 116 0  87 0  37 1 1
(110,171,136) ; (0,0,0)
(238,79,155) ; (349,0,0)
(234,88,111) ; (353,145,0)
(285,59,117) ; (0,174,0)
(50,64,143) ; (537,79,0)
(77,170,117) ; (110,0,0)
(117,66,114) ; (420,79,0)
(162,73,127) ; (187,0,0)
(67,67,104) ; (286,166,0)
(72,63,81) ; (348,79,0)
(76,100,192) ; (187,74,0)
(83,89,105) ; (265,77,0)
(61,60,92) ; (359,79,81)
(60,58,112) ; (293,175,104)
(46,85,32) ; (297,81,105)
(32,85,46) ; (265,81,105)
(116,85,106) ; (466,147,111)
(110,54,77) ; (356,178,111)
(108,30,48) ; (358,148,111)
(78,66,102) ; (459,79,114)
(38,65,42) ; (421,79,114)
(40,45,102) ; (0,187,117)
(63,54,84) ; (40,178,117)
(104,52,100) ; (103,180,117)
(73,112,28) ; (110,0,117)
(73,53,99) ; (110,117,117)
(71,56,96) ; (207,176,117)
(98,69,35) ; (187,0,127)
(60,66,92) ; (289,0,127)
(98,88,83) ; (0,0,136)
(100,83,23) ; (0,88,136)
(46,77,73) ; (297,89,137)
(49,58,54) ; (538,79,143)
(72,68,73) ; (110,0,145)
(70,42,75) ; (110,68,145)
(31,82,51) ; (265,84,151)
(85,75,65) ; (502,0,155)
(67,71,64) ; (435,0,155)
(84,68,33) ; (351,0,155)
(30,63,62) ; (429,79,156)
(31,40,59) ; (0,131,159)
(93,43,58) ; (0,88,159)
(67,33,59) ; (31,138,159)
(108,30,48) ; (358,148,159)
(98,31,58) ; (187,0,162)
(53,35,57) ; (187,31,162)
(35,35,51) ; (240,31,162)
(53,53,47) ; (367,79,173)
(99,51,28) ; (367,181,188)
(68,68,31) ; (367,0,188)
(58,57,28) ; (187,115,192)
(59,32,26) ; (187,74,192)
