0.0865
43 4301
587 233 220
80
1 83 0  33 1  65 1 4
2 38 1  33 1  79 0 1
3 42 1  66 1  62 1 3
4 82 1  70 1  43 1 1
5 88 1  54 1  79 1 1
6 102 0  31 1  56 1 2
7 56 1  74 1  80 1 1
8 61 1  52 1  33 1 1
9 111 0  55 1  74 1 1
10 49 1  70 1  70 1 2
11 70 1  53 1  53 1 1
12 90 1  47 1  65 1 1
13 48 1  95 0  26 1 1
14 39 1  56 0  25 1 1
15 33 1  93 0  27 1 1
16 35 1  50 1  52 1 2
17 88 0  43 1  57 1 1
18 49 1  53 1  38 1 2
19 109 0  32 1  33 1 2
20 117 0  55 1  40 1 1
21 42 1  79 0  26 1 1
22 117 0  50 1  38 1 1
23 51 1  93 1  67 1 1
24 75 0  33 1  73 0 2
25 58 1  88 1  68 1 1
26 110 0  41 1  70 1 1
27 36 1  51 1  60 1 2
28 74 0  30 1  38 1 4
29 53 1  73 1  45 1 1
30 68 0  35 1  25 1 1
31 79 0  76 0  31 1 2
32 30 1  99 0  43 1 3
33 39 1  96 0  65 1 2
34 98 1  50 1  76 1 2
35 79 1  80 1  42 1 1
36 38 1  49 0  20 1 1
37 103 0  69 1  48 1 1
38 81 0  39 1  65 1 1
39 93 0  76 0  26 1 2
40 39 1  44 1  46 1 2
41 46 1  80 1  56 1 1
42 100 0  59 1  30 1 1
43 42 1  96 0  75 1 1
44 72 0  33 1  74 0 3
45 72 0  54 1  36 1 1
46 45 1  91 0  30 1 1
47 86 0  32 1  27 1 1
48 36 1  33 1  63 1 2
49 78 1  62 1  40 1 3
50 90 0  66 0  30 1 1
51 105 1  91 1  58 1 3
52 46 1  99 0  66 1 2
53 69 1  87 1  78 1 3
54 89 0  32 1  78 0 1
55 114 1  93 1  62 1 4
56 99 0  63 0  20 1 1
57 69 1  94 1  63 1 1
58 86 1  59 1  48 1 1
59 103 1  56 1  58 1 4
60 53 1  73 1  57 1 2
61 118 0  28 1  52 1 1
62 75 1  81 1  56 1 2
63 69 0  78 0  29 1 1
64 109 0  29 1  20 1 1
65 98 0  53 0  26 1 1
66 32 1  36 1  68 0 1
67 64 0  94 0  24 1 2
68 86 1  77 1  48 1 1
69 57 1  57 1  63 1 1
70 94 0  43 1  75 1 4
71 79 1  54 1  52 1 2
72 119 0  53 1  31 1 1
73 101 0  46 1  26 1 2
74 54 0  88 0  27 1 2
75 59 1  36 1  32 1 2
76 46 1  86 1  54 1 1
77 67 1  94 0  46 1 2
78 106 1  82 1  77 1 2
79 113 0  27 1  66 0 1
80 64 1  90 0  38 1 1
(0,0,0) ; (105,58,91)
(0,58,0) ; (105,116,91)
(0,116,0) ; (105,174,91)
(0,0,91) ; (103,58,147)
(0,58,91) ; (103,116,147)
(0,116,91) ; (103,174,147)
(473,0,0) ; (587,93,62)
(473,0,62) ; (587,93,124)
(473,0,124) ; (587,93,186)
(473,0,186) ; (518,91,216)
(518,0,186) ; (584,90,216)
(326,155,0) ; (413,233,69)
(413,155,0) ; (500,233,69)
(500,155,0) ; (587,233,69)
(326,155,69) ; (388,233,109)
(388,155,69) ; (450,233,109)
(450,155,69) ; (512,233,109)
(512,155,69) ; (585,230,102)
(512,155,102) ; (585,230,135)
(326,155,109) ; (419,231,135)
(419,155,109) ; (512,231,135)
(0,175,0) ; (88,233,68)
(473,93,0) ; (587,155,93)
(88,183,0) ; (186,233,76)
(186,183,0) ; (284,233,76)
(105,0,0) ; (199,43,75)
(199,0,0) ; (293,43,75)
(105,0,75) ; (199,43,150)
(199,0,75) ; (293,43,150)
(105,0,150) ; (167,42,216)
(167,0,150) ; (229,42,216)
(229,0,150) ; (291,42,216)
(367,0,0) ; (473,77,82)
(367,77,0) ; (473,154,82)
(105,43,0) ; (161,118,81)
(161,43,0) ; (217,118,81)
(105,43,81) ; (216,117,136)
(105,43,136) ; (154,96,174)
(105,96,136) ; (154,116,174)
(154,43,136) ; (184,117,174)
(184,43,136) ; (214,117,174)
(105,118,0) ; (188,183,33)
(188,118,0) ; (271,183,33)
(105,118,33) ; (188,183,66)
(188,118,33) ; (271,183,66)
(294,0,0) ; (367,53,45)
(294,0,45) ; (367,53,102)
(294,0,102) ; (367,53,159)
(217,43,0) ; (273,117,80)
(217,43,80) ; (271,115,116)
(284,154,0) ; (326,233,80)
(275,53,0) ; (321,154,26)
(321,53,0) ; (367,154,26)
(275,53,26) ; (321,152,92)
(321,53,26) ; (367,152,92)
(105,118,66) ; (195,183,113)
(105,118,113) ; (195,182,151)
(195,120,66) ; (264,183,160)
(0,179,68) ; (88,233,147)
(0,179,147) ; (88,233,174)
(0,179,174) ; (86,233,220)
(88,185,76) ; (174,233,135)
(88,185,135) ; (174,233,212)
(174,184,76) ; (244,233,146)
(244,184,76) ; (282,233,129)
(284,154,80) ; (326,233,106)
(369,0,82) ; (421,79,136)
(421,0,82) ; (473,79,136)
(369,0,136) ; (420,36,196)
(420,0,136) ; (471,36,196)
(369,36,136) ; (468,79,166)
(369,36,166) ; (468,79,196)
(377,79,82) ; (473,154,124)
(275,53,92) ; (321,147,159)
(321,53,92) ; (367,147,159)
(484,97,93) ; (587,155,149)
(288,154,106) ; (326,233,139)
(217,43,116) ; (270,113,169)
(217,43,169) ; (269,78,219)
(217,78,169) ; (269,113,219)
(377,79,124) ; (473,144,163)
(377,79,163) ; (471,143,187)
(244,200,129) ; (280,233,192)
(369,156,135) ; (441,230,168)
(441,156,135) ; (513,230,168)
(513,156,135) ; (585,230,168)
(326,160,135) ; (369,230,217)
(288,159,139) ; (326,233,169)
(288,159,169) ; (326,233,199)
(174,184,146) ; (244,233,216)
(0,0,147) ; (103,48,216)
(0,48,147) ; (43,147,177)
(43,48,147) ; (102,148,177)
(0,148,147) ; (95,174,195)
(485,99,149) ; (587,155,180)
(105,119,151) ; (157,180,184)
(157,119,151) ; (193,182,184)
(295,0,159) ; (331,32,218)
(331,0,159) ; (367,32,218)
(289,53,159) ; (367,142,191)
(195,120,160) ; (252,183,217)
(492,163,168) ; (585,230,219)
(375,192,168) ; (492,230,218)
(383,159,168) ; (492,192,200)
(105,43,174) ; (185,99,220)
(185,43,174) ; (210,99,213)
(0,48,177) ; (57,136,220)
(57,48,177) ; (101,94,216)
(57,94,177) ; (101,140,216)
(485,99,180) ; (587,155,211)
(105,148,184) ; (173,180,220)
(105,123,184) ; (173,148,219)
(378,79,187) ; (471,106,220)
(385,116,187) ; (471,143,219)
(298,53,191) ; (367,131,220)
(374,0,196) ; (468,64,220)
(383,163,200) ; (492,192,220)
