0.092
44 4401
587 233 220
80
1 56 1  85 1  47 1 1
2 60 0  29 1  22 1 1
3 38 1  72 1  72 1 2
4 55 1  76 1  73 1 2
5 57 1  90 1  65 1 1
6 31 1  93 0  60 1 1
7 68 0  92 0  28 1 1
8 66 0  34 1  28 1 1
9 90 0  60 0  22 1 1
10 83 0  51 1  37 1 1
11 67 1  47 1  59 1 2
12 79 0  73 0  24 1 1
13 44 1  51 1  65 1 3
14 58 1  87 1  56 1 1
15 116 1  91 1  65 1 2
16 63 1  93 1  77 1 1
17 37 1  70 0  20 1 2
18 80 0  32 1  64 0 2
19 90 1  55 1  56 1 2
20 91 1  60 1  72 1 2
21 52 0  51 0  21 1 1
22 71 1  38 1  40 1 1
23 53 1  77 1  48 1 1
24 61 0  91 0  23 1 2
25 82 0  27 1  72 0 3
26 94 0  28 1  79 0 1
27 93 0  33 1  69 0 2
28 69 1  64 1  35 1 2
29 88 1  50 1  72 1 4
30 67 0  32 1  48 1 2
31 110 0  67 1  47 1 2
32 78 1  61 1  43 1 2
33 39 1  96 0  36 1 1
34 54 1  99 1  77 1 1
35 57 1  89 0  40 1 2
36 93 0  87 0  32 1 3
37 109 0  26 1  30 1 1
38 32 1  48 1  48 1 2
39 64 0  88 0  31 1 1
40 45 1  43 1  43 1 1
41 101 0  33 1  43 1 1
42 70 1  94 1  66 1 1
43 54 1  32 1  61 1 2
44 32 1  41 1  71 0 1
45 32 1  48 1  75 0 2
46 67 0  26 1  55 0 3
47 115 1  77 1  72 1 2
48 57 1  92 1  65 1 2
49 32 1  96 0  20 1 2
50 65 0  59 1  32 1 2
51 88 0  91 0  34 1 1
52 33 1  84 0  27 1 3
53 86 0  51 1  32 1 2
54 89 0  75 0  22 1 2
55 73 1  40 1  58 1 3
56 89 1  71 1  74 1 1
57 73 1  63 1  69 1 1
58 53 1  73 0  29 1 1
59 30 1  48 1  33 1 1
60 63 0  28 1  72 0 3
61 44 1  97 0  56 1 1
62 72 0  25 1  72 0 2
63 103 0  76 0  23 1 4
64 109 0  95 0  47 1 1
65 61 1  95 1  80 1 3
66 94 0  81 0  21 1 2
67 36 1  99 0  67 1 2
68 36 1  47 1  47 1 1
69 118 0  84 1  51 1 2
70 114 0  77 0  30 1 2
71 112 1  61 1  70 1 1
72 74 0  27 1  72 0 2
73 77 0  77 0  21 1 1
74 90 0  50 0  24 1 1
75 80 1  72 1  71 1 1
76 103 0  72 0  34 1 1
77 68 1  85 1  73 1 1
78 98 1  87 1  54 1 2
79 54 1  84 0  28 1 2
80 67 1  73 1  52 1 1
(200,88,126) ; (0,0,0)
(173,65,214) ; (414,0,0)
(115,144,109) ; (0,89,0)
(136,73,216) ; (451,160,0)
(61,95,213) ; (526,65,0)
(87,144,91) ; (115,89,0)
(70,94,160) ; (456,65,0)
(247,68,73) ; (204,165,0)
(90,56,168) ; (324,0,0)
(61,95,147) ; (395,65,0)
(80,73,129) ; (200,0,0)
(71,109,74) ; (324,56,0)
(43,78,122) ; (281,0,0)
(118,84,102) ; (202,81,0)
(198,67,36) ; (253,165,73)
(48,53,77) ; (204,179,73)
(64,108,69) ; (330,56,74)
(77,54,128) ; (115,179,91)
(80,89,57) ; (115,90,91)
(108,84,28) ; (202,81,102)
(112,61,70) ; (0,172,109)
(114,77,60) ; (0,95,109)
(110,67,47) ; (341,165,109)
(88,65,82) ; (253,167,109)
(40,73,96) ; (284,0,122)
(93,87,32) ; (0,0,126)
(103,76,92) ; (93,0,126)
(74,72,54) ; (200,0,129)
(99,84,27) ; (202,81,130)
(63,93,77) ; (330,56,143)
(57,92,65) ; (397,65,147)
(75,89,22) ; (115,90,148)
(48,48,32) ; (204,184,150)
(72,63,56) ; (379,169,156)
(32,65,59) ; (347,167,156)
(94,81,21) ; (202,84,157)
(54,64,61) ; (0,0,158)
(37,83,51) ; (54,0,158)
(65,32,59) ; (459,65,160)
(67,55,26) ; (457,102,160)
(85,56,47) ; (326,0,168)
(72,72,25) ; (0,100,169)
(41,71,32) ; (72,101,169)
(75,89,22) ; (115,90,170)
(94,81,21) ; (202,84,178)
(96,36,39) ; (0,197,179)
(60,22,29) ; (0,175,179)
(47,47,36) ; (204,185,182)
(69,64,35) ; (200,0,183)
(67,48,32) ; (457,109,186)
(72,63,28) ; (269,168,191)
(72,82,27) ; (115,97,192)
(72,72,25) ; (0,100,194)
(77,77,21) ; (202,88,199)
