0.083
45 4501
587 233 220
80
1 77 0  28 1  50 1 1
2 84 1  61 1  44 1 2
3 62 0  52 1  30 1 3
4 112 0  28 1  76 0 1
5 37 1  37 1  33 1 3
6 68 1  82 1  63 1 2
7 82 0  40 1  31 1 1
8 62 0  48 1  29 1 2
9 75 0  26 1  50 1 3
10 101 1  99 1  52 1 2
11 36 1  46 1  32 1 2
12 44 1  81 0  25 1 1
13 101 0  50 1  79 1 1
14 69 0  27 1  43 1 2
15 51 1  76 1  54 1 1
16 114 0  84 0  32 1 2
17 65 1  50 1  45 1 1
18 101 0  46 1  65 1 3
19 74 0  49 1  29 1 1
20 36 1  98 0  59 1 1
21 106 0  29 1  28 1 1
22 41 1  89 0  36 1 2
23 113 0  69 1  44 1 1
24 63 0  61 0  25 1 1
25 92 1  73 1  60 1 2
26 72 1  82 1  73 1 1
27 31 1  81 0  29 1 1
28 107 1  73 1  61 1 1
29 110 0  33 1  48 1 1
30 35 1  66 1  43 1 2
31 36 1  97 0  47 1 1
32 32 1  52 1  33 1 1
33 78 0  93 0  20 1 1
34 78 0  77 0  25 1 2
35 113 0  85 1  43 1 1
36 64 0  53 0  24 1 2
37 97 1  71 1  74 1 1
38 98 0  77 0  23 1 2
39 63 1  78 1  65 1 1
40 74 1  48 1  47 1 1
41 75 1  77 1  64 1 1
42 89 1  95 1  69 1 1
43 75 1  53 1  68 1 2
44 68 1  54 1  57 1 2
45 107 1  100 1  63 1 1
46 31 1  61 1  59 1 1
47 69 1  42 1  59 1 2
48 37 1  40 1  27 1 1
49 43 1  60 1  72 1 2
50 58 1  67 1  80 1 1
51 88 0  73 0  33 1 2
52 80 1  84 1  56 1 2
53 101 0  88 1  49 1 3
54 106 0  53 1  34 1 1
55 75 1  63 1  76 1 1
56 86 0  58 1  38 1 1
57 90 0  51 1  30 1 3
58 53 1  82 1  65 1 2
59 50 1  64 1  62 1 1
60 35 1  80 0  48 1 1
61 104 0  97 0  46 1 2
62 80 0  95 0  30 1 3
63 111 1  72 1  68 1 1
64 63 1  82 1  42 1 1
65 39 1  40 1  22 1 1
66 85 0  67 0  27 1 2
67 54 1  87 1  65 1 2
68 66 1  55 1  68 1 2
69 98 0  55 1  40 1 3
70 110 0  47 1  26 1 1
71 38 1  88 0  59 1 1
72 73 1  78 1  62 1 3
73 108 0  43 1  23 1 1
74 97 1  56 1  56 1 1
75 42 1  25 1  74 0 1
76 74 1  87 1  61 1 4
77 48 1  81 1  63 1 2
78 57 0  25 1  53 0 2
79 72 1  86 1  46 1 2
80 69 1  89 0  35 1 3
(0,0,0) ; (65,101,46)
(0,101,0) ; (63,179,65)
(0,0,46) ; (65,101,92)
(0,101,65) ; (62,179,138)
(0,0,92) ; (65,101,138)
(395,0,0) ; (447,99,101)
(447,0,0) ; (499,99,101)
(499,0,0) ; (587,101,49)
(499,0,49) ; (587,101,98)
(499,0,98) ; (587,101,147)
(395,0,101) ; (499,97,147)
(532,101,0) ; (587,167,68)
(532,167,0) ; (587,233,68)
(532,101,68) ; (586,166,155)
(532,166,68) ; (586,231,155)
(0,179,0) ; (75,232,68)
(75,179,0) ; (132,233,68)
(0,179,68) ; (75,232,136)
(75,179,68) ; (132,233,136)
(0,179,136) ; (65,232,218)
(65,179,136) ; (130,232,218)
(443,103,0) ; (532,172,35)
(443,172,0) ; (530,233,74)
(443,103,35) ; (532,172,70)
(443,103,70) ; (532,172,165)
(443,172,74) ; (530,233,148)
(443,172,148) ; (527,233,192)
(443,103,165) ; (486,172,192)
(486,103,165) ; (529,172,192)
(65,0,0) ; (100,80,48)
(100,0,0) ; (163,81,48)
(163,0,0) ; (231,82,63)
(65,0,48) ; (163,40,103)
(65,40,48) ; (163,80,103)
(163,0,63) ; (231,82,126)
(65,0,103) ; (163,77,126)
(65,84,0) ; (145,179,30)
(65,84,30) ; (145,179,60)
(65,84,60) ; (145,179,90)
(132,189,0) ; (245,233,69)
(132,189,69) ; (245,232,154)
(132,189,154) ; (240,232,177)
(369,172,0) ; (443,233,87)
(369,172,87) ; (443,233,174)
(369,172,174) ; (438,231,216)
(145,82,0) ; (245,189,63)
(145,82,63) ; (243,141,99)
(145,141,63) ; (242,188,99)
(303,0,0) ; (395,73,60)
(303,73,0) ; (393,103,51)
(303,73,51) ; (393,103,102)
(303,0,60) ; (395,73,120)
(303,73,102) ; (393,103,153)
(303,0,120) ; (391,73,153)
(354,103,0) ; (443,172,35)
(289,177,0) ; (369,233,84)
(289,177,84) ; (369,233,168)
(289,177,168) ; (365,231,219)
(231,0,0) ; (303,82,73)
(231,0,73) ; (271,82,104)
(271,0,73) ; (300,81,104)
(245,173,0) ; (288,233,72)
(245,173,72) ; (288,233,144)
(245,173,144) ; (287,232,213)
(292,104,0) ; (354,177,78)
(292,104,78) ; (354,177,156)
(245,87,0) ; (291,173,72)
(245,87,72) ; (291,173,144)
(245,87,144) ; (289,171,205)
(358,105,35) ; (443,172,62)
(358,105,62) ; (443,172,89)
(393,110,89) ; (443,172,153)
(393,110,153) ; (441,172,182)
(358,106,89) ; (393,172,132)
(358,106,132) ; (393,172,175)
(65,86,90) ; (143,179,110)
(145,84,99) ; (242,188,145)
(231,0,104) ; (294,81,152)
(65,129,110) ; (140,179,136)
(65,129,136) ; (140,179,162)
(65,129,162) ; (140,179,188)
(65,129,188) ; (139,178,217)
(65,86,110) ; (139,128,135)
(65,0,126) ; (115,77,154)
(115,0,126) ; (227,76,154)
(65,86,135) ; (128,128,217)
(0,0,138) ; (61,107,211)
(0,117,138) ; (30,179,190)
(30,117,138) ; (60,179,190)
(145,117,145) ; (242,188,219)
(145,84,145) ; (191,116,181)
(191,84,145) ; (237,116,181)
(476,0,147) ; (587,68,219)
(477,68,147) ; (587,94,194)
(403,0,147) ; (476,88,180)
(231,0,152) ; (289,80,219)
(341,0,153) ; (391,45,218)
(305,45,153) ; (391,103,191)
(304,0,153) ; (341,37,186)
(304,0,186) ; (341,37,219)
(65,0,154) ; (142,75,218)
(142,0,154) ; (218,75,217)
(533,103,155) ; (586,167,179)
(533,167,155) ; (586,231,179)
(293,114,156) ; (354,177,181)
(360,135,175) ; (393,172,212)
(132,191,177) ; (221,232,213)
(533,125,179) ; (586,231,213)
(547,103,179) ; (586,125,219)
(417,0,180) ; (476,88,218)
(145,84,181) ; (197,116,214)
(197,84,181) ; (237,111,218)
(293,118,181) ; (354,177,212)
(393,110,182) ; (441,172,211)
(0,117,190) ; (52,179,220)
(310,45,191) ; (391,89,216)
(498,127,192) ; (527,233,220)
(445,119,192) ; (498,176,217)
(445,176,192) ; (498,233,217)
