0.0775
86 8601
587 233 220
80
1 73 1  37 1  46 1 2
2 64 1  68 1  57 1 1
3 107 0  40 1  21 1 1
4 66 0  34 1  27 1 2
5 69 1  42 1  48 1 3
6 101 0  28 1  29 1 1
7 118 0  39 1  33 1 1
8 98 0  36 1  73 0 2
9 110 0  34 1  47 1 1
10 106 1  73 1  54 1 1
11 79 0  39 1  26 1 1
12 103 0  30 1  75 0 1
13 78 0  53 1  33 1 3
14 36 1  92 0  31 1 3
15 80 1  71 1  55 1 1
16 72 1  79 1  59 1 1
17 94 1  80 1  76 1 1
18 76 1  67 1  44 1 1
19 112 0  49 1  33 1 2
20 58 0  39 1  27 1 1
21 103 1  81 1  76 1 1
22 99 0  97 0  44 1 2
23 38 1  88 0  80 0 1
24 118 0  61 0  25 1 2
25 76 1  98 1  53 1 1
26 49 1  57 1  29 1 2
27 52 1  62 1  77 1 1
28 97 0  41 1  67 1 2
29 61 0  61 0  21 1 1
30 102 1  92 1  78 1 2
31 89 0  75 1  42 1 1
32 30 1  38 1  55 1 2
33 103 0  74 1  40 1 2
34 113 0  88 1  54 1 1
35 96 0  91 1  47 1 1
36 110 0  56 1  48 1 1
37 79 0  29 1  68 0 2
38 56 1  58 1  59 1 3
39 72 1  78 1  76 1 1
40 116 0  37 1  24 1 1
41 100 0  27 1  59 0 2
42 72 0  35 1  68 1 3
43 68 1  66 1  44 1 2
44 100 1  72 1  65 1 2
45 66 1  61 1  79 1 2
46 88 1  94 1  65 1 2
47 62 1  89 1  64 1 1
48 54 1  71 1  71 1 2
49 34 1  52 1  52 1 1
50 86 0  42 0  21 1 1
51 91 0  54 1  42 1 2
52 50 0  25 1  57 0 1
53 31 1  27 1  25 1 2
54 43 1  49 1  71 1 1
55 46 1  65 1  79 1 2
56 87 0  90 0  22 1 1
57 111 0  64 0  31 1 3
58 87 1  55 1  44 1 2
59 44 1  63 1  47 1 2
60 105 0  81 1  42 1 1
61 69 0  100 0  29 1 2
62 49 1  93 0  30 1 3
63 46 1  74 1  80 1 2
64 59 0  32 1  21 1 4
65 62 0  30 1  70 0 2
66 102 1  76 1  70 1 1
67 114 0  47 1  53 1 1
68 93 1  85 1  71 1 1
69 47 1  43 1  38 1 1
70 54 1  50 1  76 1 1
71 110 0  26 1  69 0 1
72 83 1  98 1  56 1 2
73 52 0  31 1  26 1 1
74 72 1  96 1  68 1 3
75 33 1  52 1  41 1 1
76 61 1  87 1  70 1 1
77 86 1  74 1  76 1 2
78 105 0  78 1  46 1 1
79 49 1  84 0  31 1 1
80 69 0  28 1  65 0 1
(0,0,0) ; (94,80,76)
(94,0,0) ; (197,81,76)
(493,0,0) ; (587,65,88)
(493,0,88) ; (587,65,176)
(493,0,176) ; (540,63,220)
(540,0,176) ; (587,63,220)
(0,81,0) ; (74,157,86)
(0,157,0) ; (74,233,86)
(0,81,86) ; (74,184,126)
(0,184,86) ; (74,230,166)
(0,81,126) ; (74,184,166)
(443,164,0) ; (491,233,42)
(491,164,0) ; (539,233,42)
(539,164,0) ; (587,233,42)
(443,164,42) ; (515,232,77)
(515,164,42) ; (587,232,77)
(443,164,77) ; (515,232,173)
(515,164,77) ; (587,232,173)
(443,164,173) ; (519,231,217)
(519,164,173) ; (587,230,217)
(490,65,0) ; (587,164,44)
(490,65,44) ; (587,164,88)
(490,65,88) ; (582,96,124)
(490,96,88) ; (586,164,160)
(490,65,124) ; (582,96,160)
(74,131,0) ; (152,233,92)
(152,131,0) ; (230,233,92)
(74,131,92) ; (152,164,145)
(74,164,92) ; (152,197,145)
(74,197,92) ; (152,230,145)
(152,131,92) ; (228,229,145)
(293,0,0) ; (393,65,72)
(393,0,0) ; (493,65,72)
(293,0,72) ; (404,64,103)
(404,0,72) ; (493,64,134)
(293,0,103) ; (404,64,134)
(364,167,0) ; (443,233,61)
(364,167,61) ; (443,233,122)
(364,167,122) ; (443,232,168)
(364,167,168) ; (443,232,214)
(74,81,0) ; (186,130,33)
(74,81,33) ; (186,130,66)
(74,81,66) ; (184,129,122)
(407,65,0) ; (490,163,56)
(407,65,56) ; (490,163,112)
(407,65,112) ; (448,162,179)
(448,65,112) ; (489,162,179)
(197,0,0) ; (290,85,71)
(294,171,0) ; (364,233,30)
(294,171,30) ; (364,233,60)
(294,171,60) ; (364,232,147)
(230,175,0) ; (289,233,56)
(230,175,56) ; (289,233,112)
(230,175,112) ; (289,233,168)
(230,175,168) ; (287,204,217)
(230,204,168) ; (287,233,217)
(337,65,0) ; (407,167,76)
(337,65,76) ; (406,165,105)
(337,65,105) ; (406,165,134)
(186,85,0) ; (291,131,78)
(230,131,0) ; (285,175,87)
(295,66,0) ; (337,171,81)
(197,0,71) ; (288,54,113)
(197,0,113) ; (288,54,155)
(197,54,71) ; (290,84,120)
(0,0,76) ; (71,80,131)
(71,0,76) ; (143,79,135)
(143,0,76) ; (197,73,182)
(186,85,78) ; (259,131,115)
(259,85,78) ; (289,123,133)
(259,85,133) ; (289,123,188)
(295,82,81) ; (337,171,156)
(230,131,87) ; (285,175,174)
(186,85,115) ; (259,131,152)
(197,54,120) ; (290,84,169)
(74,81,122) ; (184,128,156)
(0,0,131) ; (68,79,160)
(0,0,160) ; (68,79,189)
(425,0,134) ; (493,64,191)
(307,0,134) ; (425,61,159)
(307,0,159) ; (425,61,184)
(347,65,134) ; (406,165,161)
(347,65,161) ; (406,165,188)
(71,0,135) ; (143,78,211)
(74,183,145) ; (154,229,219)
(74,133,145) ; (150,183,199)
(154,131,145) ; (227,229,181)
(321,183,147) ; (364,232,218)
(294,174,147) ; (321,232,186)
(186,85,152) ; (254,129,218)
(197,0,155) ; (274,52,217)
(74,81,156) ; (181,121,177)
(295,85,156) ; (337,171,177)
(491,65,160) ; (582,161,207)
(0,88,166) ; (71,159,220)
(0,159,166) ; (71,230,220)
(197,54,169) ; (290,84,218)
(230,142,174) ; (282,175,215)
(74,81,177) ; (121,119,220)
(121,81,177) ; (180,113,198)
(121,81,198) ; (180,113,219)
(298,92,177) ; (337,171,203)
(409,65,179) ; (489,153,217)
(154,131,181) ; (227,229,217)
(143,0,182) ; (170,66,216)
(170,0,182) ; (197,66,216)
(333,0,184) ; (425,31,220)
(324,31,184) ; (425,60,212)
(308,0,184) ; (333,31,211)
(295,180,186) ; (321,232,217)
(357,65,188) ; (406,149,219)
(259,85,188) ; (286,110,219)
(0,0,189) ; (65,69,217)
(432,0,191) ; (493,61,212)
(74,151,199) ; (133,183,220)
