0.0787
78 7801
587 233 220
80
1 90 1  97 1  67 1 1
2 55 1  63 1  79 1 2
3 49 1  36 1  34 1 3
4 68 1  90 1  59 1 2
5 52 1  91 0  40 1 1
6 88 0  45 1  41 1 2
7 47 1  68 1  70 1 1
8 98 1  54 1  71 1 1
9 74 0  25 1  39 1 2
10 36 1  31 1  26 1 1
11 81 0  81 0  39 1 2
12 61 1  58 1  58 1 1
13 37 1  59 1  58 1 2
14 63 0  82 0  26 1 4
15 80 0  25 1  49 1 1
16 77 1  71 1  48 1 2
17 82 0  37 1  31 1 1
18 36 1  29 1  57 1 2
19 74 0  26 1  28 1 1
20 78 1  65 1  51 1 1
21 110 0  45 1  27 1 2
22 47 1  100 0  71 1 1
23 77 1  74 1  59 1 3
24 69 1  73 1  68 1 3
25 100 1  68 1  64 1 1
26 80 0  40 1  52 1 1
27 93 1  77 1  62 1 1
28 85 0  73 0  26 1 1
29 98 0  99 0  32 1 1
30 75 1  52 1  80 1 1
31 119 0  47 1  55 1 1
32 54 1  95 1  66 1 2
33 51 1  68 1  52 1 1
34 37 1  68 0  30 1 3
35 67 1  85 0  40 1 1
36 110 0  49 1  39 1 1
37 96 1  100 1  55 1 2
38 95 1  86 1  73 1 4
39 85 0  52 1  27 1 1
40 73 1  73 1  60 1 1
41 67 1  97 1  55 1 1
42 80 0  86 0  33 1 1
43 106 0  47 1  33 1 2
44 116 0  58 1  32 1 2
45 89 0  73 1  42 1 2
46 55 1  59 0  29 1 1
47 82 0  36 1  24 1 1
48 73 1  76 0  37 1 2
49 56 1  47 1  48 1 2
50 55 1  43 1  63 1 4
51 117 0  27 1  55 0 1
52 87 0  36 1  31 1 2
53 90 0  53 1  42 1 1
54 84 1  85 1  66 1 2
55 69 0  42 1  31 1 1
56 80 1  45 1  42 1 3
57 74 1  48 1  71 1 1
58 116 0  27 1  40 1 2
59 96 0  48 1  77 1 1
60 118 0  48 1  72 1 2
61 64 0  55 1  28 1 1
62 114 0  47 1  39 1 1
63 111 0  94 0  30 1 1
64 38 1  28 1  36 1 1
65 101 1  60 1  67 1 2
66 49 0  97 0  22 1 2
67 69 1  43 1  44 1 1
68 45 1  35 1  45 1 1
69 43 1  73 0  22 1 2
70 118 0  64 1  44 1 1
71 39 1  42 1  27 1 1
72 44 1  93 0  73 1 2
73 73 1  68 1  71 1 3
74 39 1  49 1  34 1 4
75 65 1  86 0  38 1 1
76 100 0  74 1  47 1 2
77 60 1  64 1  72 1 3
78 70 1  67 1  55 1 1
79 64 1  60 1  76 1 1
80 32 1  80 0  46 1 1
(0,0,0) ; (95,73,86)
(95,0,0) ; (190,73,86)
(0,0,86) ; (95,73,172)
(95,0,86) ; (190,73,172)
(0,0,172) ; (93,73,216)
(93,0,172) ; (186,73,216)
(0,74,0) ; (79,137,55)
(79,74,0) ; (158,137,55)
(158,74,0) ; (201,137,55)
(0,137,0) ; (100,233,55)
(100,137,0) ; (200,233,55)
(516,0,0) ; (585,68,73)
(516,68,0) ; (587,136,73)
(516,0,73) ; (585,68,146)
(516,68,73) ; (587,136,146)
(516,0,146) ; (585,68,219)
(516,68,146) ; (587,136,219)
(468,137,0) ; (539,185,77)
(468,185,0) ; (539,233,77)
(539,137,0) ; (587,233,77)
(468,137,77) ; (586,185,149)
(468,185,77) ; (586,233,149)
(468,137,149) ; (578,186,188)
(468,186,149) ; (582,233,188)
(366,0,0) ; (456,68,59)
(366,68,0) ; (456,136,59)
(456,0,0) ; (516,67,101)
(456,67,0) ; (516,134,101)
(366,0,59) ; (411,80,101)
(411,0,59) ; (456,80,101)
(366,80,59) ; (456,133,101)
(401,136,0) ; (468,233,90)
(401,136,90) ; (468,233,145)
(281,137,0) ; (341,201,72)
(341,137,0) ; (401,201,72)
(281,201,0) ; (397,233,58)
(281,201,58) ; (397,233,116)
(281,137,72) ; (399,201,116)
(190,0,0) ; (267,74,59)
(190,0,59) ; (267,74,118)
(190,0,118) ; (267,74,177)
(190,0,177) ; (266,73,214)
(201,140,0) ; (240,174,49)
(240,140,0) ; (279,174,49)
(201,174,0) ; (281,199,49)
(201,199,0) ; (240,233,49)
(240,199,0) ; (279,233,49)
(268,0,0) ; (366,71,54)
(268,71,0) ; (363,137,54)
(201,74,0) ; (261,138,72)
(201,140,49) ; (278,233,111)
(269,0,54) ; (316,106,87)
(316,0,54) ; (363,106,87)
(276,106,54) ; (363,137,90)
(0,149,55) ; (66,233,140)
(66,149,55) ; (132,233,140)
(0,149,140) ; (88,190,185)
(0,190,140) ; (88,231,185)
(88,149,140) ; (130,229,185)
(0,74,55) ; (89,147,97)
(0,74,97) ; (89,147,139)
(0,74,139) ; (85,147,165)
(132,178,55) ; (199,233,125)
(89,74,55) ; (157,138,155)
(132,141,55) ; (200,178,85)
(132,141,85) ; (200,178,115)
(132,141,115) ; (166,177,164)
(166,141,115) ; (200,177,164)
(157,74,55) ; (200,137,110)
(157,74,110) ; (200,137,165)
(157,74,165) ; (200,137,220)
(201,74,72) ; (261,138,148)
(269,0,87) ; (316,100,161)
(316,0,87) ; (363,100,161)
(276,106,90) ; (363,137,126)
(451,0,101) ; (514,82,127)
(451,82,101) ; (516,133,179)
(451,0,127) ; (514,82,153)
(451,0,153) ; (514,82,179)
(371,0,101) ; (451,52,141)
(371,0,141) ; (451,52,216)
(370,52,101) ; (451,133,140)
(370,52,140) ; (451,133,179)
(201,173,111) ; (274,233,184)
(201,145,111) ; (275,173,137)
(286,139,116) ; (397,233,146)
(132,179,125) ; (198,233,220)
(278,110,126) ; (363,137,178)
(201,148,137) ; (275,173,176)
(409,175,145) ; (468,233,182)
(409,175,182) ; (468,233,219)
(410,139,145) ; (439,175,202)
(439,139,145) ; (468,175,202)
(326,185,146) ; (397,233,220)
(328,141,146) ; (397,185,189)
(286,148,146) ; (326,233,213)
(201,74,148) ; (259,135,206)
(89,74,155) ; (157,126,206)
(269,0,161) ; (316,48,217)
(316,0,161) ; (363,48,217)
(272,48,161) ; (363,100,201)
(132,149,164) ; (196,177,219)
(0,74,165) ; (82,111,196)
(0,74,196) ; (82,110,220)
(0,112,165) ; (45,147,210)
(45,111,165) ; (79,147,214)
(201,151,176) ; (274,173,219)
(289,112,178) ; (363,137,217)
(460,0,179) ; (487,116,219)
(487,0,179) ; (514,116,219)
(375,52,179) ; (451,125,216)
(201,174,184) ; (256,233,213)
(0,149,185) ; (86,229,218)
(86,160,185) ; (128,229,216)
(498,187,188) ; (578,233,220)
(468,142,188) ; (578,187,215)
(472,197,188) ; (498,233,219)
(329,148,189) ; (397,185,219)
