0.088
94 9401
587 233 220
80
1 75 0  45 0  22 1 1
2 115 0  80 1  56 1 2
3 59 1  53 1  32 1 1
4 77 1  57 1  61 1 1
5 69 0  27 1  45 1 4
6 74 1  60 1  76 1 2
7 68 1  94 1  78 1 1
8 44 1  50 1  77 1 2
9 43 1  59 1  73 1 2
10 56 1  47 1  68 1 1
11 112 0  77 1  47 1 4
12 63 1  79 1  48 1 1
13 109 0  88 0  30 1 1
14 39 1  30 1  55 1 2
15 89 1  74 1  78 1 2
16 67 1  99 0  38 1 3
17 66 1  96 0  40 1 2
18 105 0  29 1  41 1 2
19 40 1  45 1  77 1 1
20 92 0  54 1  44 1 1
21 67 1  81 1  43 1 4
22 114 1  69 1  60 1 1
23 105 0  27 1  74 0 1
24 30 1  67 0  43 1 2
25 65 1  34 1  61 1 2
26 95 0  40 1  40 1 1
27 77 1  62 1  78 1 1
28 48 1  92 1  77 1 1
29 52 1  64 1  61 1 3
30 73 1  79 1  59 1 2
31 57 0  72 0  22 1 1
32 104 1  61 1  75 1 1
33 117 0  27 1  69 0 2
34 35 1  88 0  21 1 1
35 103 0  66 0  29 1 2
36 35 1  37 1  63 1 1
37 111 0  38 1  54 1 1
38 60 1  76 1  65 1 1
39 77 0  26 1  30 1 3
40 49 1  74 1  67 1 1
41 93 0  47 1  40 1 2
42 108 0  56 1  43 1 4
43 91 0  97 0  38 1 1
44 67 1  96 0  39 1 1
45 64 0  58 0  21 1 1
46 48 1  50 1  44 1 1
47 95 1  68 1  64 1 2
48 112 0  65 1  40 1 1
49 84 0  29 1  60 0 2
50 38 1  55 1  55 1 1
51 73 1  70 1  53 1 1
52 63 0  38 1  20 1 1
53 54 1  79 1  54 1 1
54 105 0  60 1  33 1 1
55 105 0  98 0  37 1 2
56 74 1  50 1  51 1 2
57 56 1  40 1  36 1 1
58 82 1  89 1  47 1 1
59 96 0  68 0  23 1 2
60 30 1  76 0  68 0 2
61 72 1  48 1  39 1 4
62 120 0  30 1  62 0 1
63 105 1  59 1  70 1 1
64 77 1  61 1  57 1 2
65 41 0  71 0  20 1 1
66 34 1  39 1  32 1 2
67 43 1  69 1  76 1 2
68 77 0  38 1  68 1 1
69 38 1  90 0  49 1 2
70 100 0  89 0  33 1 3
71 82 1  86 1  70 1 1
72 84 0  27 1  57 0 1
73 109 0  50 1  80 1 1
74 73 1  77 0  37 1 1
75 69 1  85 1  69 1 1
76 92 1  81 1  59 1 1
77 34 1  42 1  29 1 1
78 88 0  58 0  27 1 2
79 79 1  95 1  72 1 2
80 115 0  65 0  21 1 2
(0,0,0) ; (79,73,59)
(0,0,59) ; (79,73,118)
(0,0,118) ; (79,72,213)
(439,0,0) ; (513,78,89)
(513,0,0) ; (587,78,89)
(439,0,89) ; (513,76,149)
(513,0,89) ; (587,76,149)
(439,0,149) ; (538,38,216)
(439,38,149) ; (538,76,216)
(538,0,149) ; (587,74,216)
(0,156,0) ; (112,233,47)
(112,156,0) ; (224,233,47)
(0,156,47) ; (112,233,94)
(112,156,47) ; (224,233,94)
(0,156,94) ; (104,231,155)
(104,156,94) ; (161,233,155)
(161,156,94) ; (218,233,155)
(484,164,0) ; (544,233,114)
(544,164,0) ; (587,233,76)
(544,164,76) ; (587,231,157)
(484,164,114) ; (514,231,157)
(514,164,114) ; (544,231,157)
(484,164,157) ; (587,230,186)
(484,164,186) ; (587,230,215)
(479,78,0) ; (587,121,56)
(479,121,0) ; (587,164,56)
(479,78,56) ; (587,121,112)
(479,121,56) ; (587,164,112)
(479,78,112) ; (584,119,141)
(479,119,112) ; (584,160,141)
(0,73,0) ; (96,113,66)
(0,113,0) ; (96,153,66)
(0,73,66) ; (48,112,138)
(48,73,66) ; (96,112,138)
(0,112,66) ; (48,151,138)
(48,112,66) ; (96,151,138)
(79,0,0) ; (140,65,34)
(140,0,0) ; (208,64,95)
(79,0,34) ; (140,64,86)
(79,0,86) ; (140,64,138)
(140,0,95) ; (208,64,190)
(79,0,138) ; (140,64,190)
(369,177,0) ; (484,233,80)
(369,177,80) ; (484,233,160)
(344,0,0) ; (439,79,72)
(344,0,72) ; (438,78,140)
(344,0,140) ; (370,77,170)
(370,0,140) ; (438,76,170)
(96,65,0) ; (193,156,38)
(193,65,0) ; (242,155,38)
(374,79,0) ; (479,177,37)
(374,79,37) ; (479,177,74)
(208,0,0) ; (285,62,78)
(208,0,78) ; (285,61,135)
(208,0,135) ; (284,60,200)
(283,163,0) ; (369,233,82)
(283,163,82) ; (368,232,151)
(224,160,0) ; (283,233,43)
(224,160,43) ; (281,232,65)
(285,0,0) ; (344,81,92)
(331,82,0) ; (374,163,67)
(242,62,0) ; (282,157,40)
(283,84,0) ; (331,163,63)
(96,65,38) ; (196,154,71)
(96,65,71) ; (196,154,104)
(96,65,104) ; (196,154,137)
(196,65,38) ; (239,141,107)
(196,65,107) ; (239,138,166)
(242,62,40) ; (282,155,87)
(283,86,63) ; (331,163,155)
(224,163,65) ; (251,232,110)
(251,163,65) ; (278,232,110)
(224,163,110) ; (251,232,155)
(251,163,110) ; (278,232,155)
(331,82,67) ; (374,163,134)
(374,118,74) ; (479,177,144)
(380,79,74) ; (479,117,141)
(242,62,87) ; (282,155,134)
(290,0,92) ; (344,79,146)
(331,82,134) ; (374,163,201)
(242,62,134) ; (282,139,179)
(96,65,137) ; (146,142,181)
(146,65,137) ; (196,142,181)
(0,73,138) ; (89,120,220)
(0,121,138) ; (39,151,193)
(39,121,138) ; (78,151,193)
(0,121,193) ; (77,151,219)
(479,86,141) ; (584,160,168)
(479,86,168) ; (530,160,218)
(530,86,168) ; (581,160,218)
(389,79,141) ; (479,117,190)
(391,119,144) ; (479,177,171)
(391,119,171) ; (479,177,198)
(291,0,146) ; (344,70,219)
(291,164,151) ; (368,232,189)
(291,164,189) ; (367,232,219)
(0,166,155) ; (115,231,176)
(0,166,176) ; (112,231,216)
(115,163,155) ; (211,231,178)
(115,163,178) ; (211,230,217)
(224,171,155) ; (258,232,220)
(258,169,155) ; (278,232,193)
(284,95,155) ; (331,163,211)
(373,179,160) ; (484,233,198)
(196,65,166) ; (228,124,219)
(346,0,170) ; (438,54,214)
(350,54,170) ; (438,75,205)
(242,62,179) ; (278,118,219)
(96,65,181) ; (169,142,218)
(169,65,181) ; (195,142,211)
(79,0,190) ; (199,62,220)
(437,79,190) ; (479,113,219)
(409,188,198) ; (484,233,220)
(415,119,198) ; (479,177,219)
(208,0,200) ; (279,41,220)
