0.0683
93 9301
587 233 220
80
1 112 0  93 0  21 1 1
2 107 1  98 1  69 1 1
3 90 0  65 0  21 1 2
4 110 0  49 1  54 1 1
5 70 1  67 1  47 1 4
6 66 1  64 1  48 1 1
7 45 1  26 1  76 0 2
8 118 0  51 1  55 1 3
9 68 1  61 1  77 1 2
10 70 0  26 1  41 1 1
11 56 1  69 1  62 1 2
12 45 1  99 0  41 1 1
13 30 1  93 0  68 0 2
14 79 1  89 1  80 1 2
15 70 0  94 0  29 1 1
16 52 1  49 1  56 1 2
17 48 1  54 1  63 1 1
18 104 1  62 1  63 1 1
19 71 1  94 1  49 1 3
20 100 1  70 1  57 1 1
21 44 1  78 1  65 1 1
22 41 1  33 1  33 1 1
23 35 1  71 0  61 1 1
24 83 1  51 1  44 1 1
25 64 0  27 1  38 1 1
26 112 1  74 1  67 1 2
27 85 1  67 1  55 1 3
28 51 1  44 1  40 1 1
29 39 1  37 1  32 1 1
30 103 0  83 0  29 1 1
31 59 1  88 1  53 1 1
32 45 1  94 0  48 1 1
33 84 1  80 1  63 1 2
34 33 1  44 1  40 1 2
35 84 1  70 1  74 1 1
36 38 1  63 1  74 1 3
37 59 1  62 1  67 1 1
38 36 1  85 0  51 1 1
39 56 1  82 1  65 1 2
40 67 0  28 1  44 1 1
41 109 1  92 1  73 1 2
42 117 1  76 1  69 1 1
43 70 1  85 1  57 1 1
44 96 0  36 1  24 1 2
45 78 0  85 0  33 1 1
46 58 1  89 0  31 1 2
47 110 1  56 1  56 1 1
48 35 1  64 1  35 1 1
49 89 1  58 1  67 1 1
50 93 1  47 1  64 1 1
51 119 1  76 1  61 1 2
52 89 1  63 1  47 1 1
53 32 1  75 0  33 1 1
54 81 1  100 1  64 1 1
55 34 1  44 1  42 1 1
56 53 1  44 1  46 1 1
57 55 1  89 1  65 1 1
58 96 1  87 1  72 1 1
59 68 0  40 1  32 1 3
60 72 1  84 1  77 1 1
61 53 1  94 0  33 1 1
62 94 1  73 1  60 1 2
63 67 1  46 1  60 1 1
64 41 1  37 1  21 1 3
65 112 0  36 1  21 1 2
66 59 1  58 1  58 1 1
67 37 1  35 1  60 1 1
68 91 1  50 1  79 1 2
69 82 0  27 1  26 1 2
70 37 1  39 1  69 1 1
71 101 1  89 1  52 1 1
72 99 0  33 1  26 1 1
73 62 1  57 1  44 1 1
74 50 0  41 1  23 1 1
75 110 0  57 0  28 1 1
76 91 0  45 1  73 1 1
77 55 1  52 1  49 1 1
78 120 0  50 1  53 1 3
79 71 1  94 0  41 1 3
80 60 1  83 1  62 1 2
(0,0,0) ; (67,74,112)
(0,74,0) ; (67,148,112)
(0,0,112) ; (67,47,182)
(0,47,112) ; (67,94,182)
(0,94,112) ; (67,141,182)
(441,0,0) ; (514,109,92)
(514,0,0) ; (587,109,92)
(441,0,92) ; (512,49,186)
(512,0,92) ; (583,49,186)
(441,49,92) ; (514,109,186)
(514,49,92) ; (587,109,186)
(534,113,0) ; (587,233,50)
(534,113,50) ; (587,233,100)
(534,113,100) ; (587,233,150)
(0,149,0) ; (63,233,80)
(0,149,80) ; (63,233,160)
(0,149,160) ; (62,232,220)
(458,111,0) ; (534,172,119)
(458,172,0) ; (534,233,119)
(458,111,119) ; (534,228,188)
(63,151,0) ; (128,233,56)
(63,151,56) ; (128,233,112)
(63,151,112) ; (127,232,212)
(67,0,0) ; (147,89,79)
(147,0,0) ; (197,91,79)
(67,0,79) ; (147,89,158)
(147,0,79) ; (197,91,158)
(67,0,158) ; (98,89,216)
(98,0,158) ; (129,89,216)
(129,0,158) ; (196,89,216)
(128,162,0) ; (222,233,41)
(128,162,41) ; (222,233,82)
(128,162,82) ; (222,233,131)
(128,162,131) ; (222,232,160)
(128,162,160) ; (221,230,190)
(128,162,190) ; (221,230,220)
(278,161,0) ; (374,197,24)
(278,197,0) ; (374,233,24)
(374,161,0) ; (458,233,77)
(278,161,24) ; (374,233,111)
(374,161,77) ; (458,231,151)
(278,161,111) ; (310,229,151)
(310,161,111) ; (342,229,151)
(342,161,111) ; (374,229,151)
(256,0,0) ; (356,57,70)
(356,0,0) ; (441,57,70)
(256,0,70) ; (325,56,132)
(325,0,70) ; (394,56,132)
(394,0,70) ; (438,57,132)
(67,91,0) ; (129,151,83)
(67,91,83) ; (129,150,150)
(197,0,0) ; (256,53,88)
(129,93,0) ; (236,162,98)
(340,110,0) ; (458,161,55)
(340,110,55) ; (458,161,110)
(340,110,110) ; (458,161,165)
(340,57,0) ; (441,109,89)
(340,57,89) ; (389,109,145)
(389,57,89) ; (438,109,145)
(222,166,0) ; (277,233,85)
(222,166,85) ; (277,233,170)
(222,166,170) ; (276,229,218)
(197,53,0) ; (241,93,33)
(241,57,0) ; (340,102,41)
(236,102,0) ; (274,166,27)
(236,102,27) ; (274,165,101)
(236,102,101) ; (274,165,175)
(275,106,0) ; (340,161,89)
(197,53,33) ; (241,93,84)
(241,57,41) ; (335,102,89)
(241,57,89) ; (332,102,162)
(197,53,84) ; (241,93,117)
(197,0,88) ; (252,52,137)
(276,114,89) ; (340,161,182)
(129,94,98) ; (206,162,159)
(129,94,159) ; (206,162,220)
(206,95,98) ; (234,162,142)
(197,53,117) ; (234,92,149)
(197,53,149) ; (234,92,218)
(328,0,132) ; (438,56,188)
(256,0,132) ; (323,55,217)
(197,0,137) ; (241,51,220)
(206,121,142) ; (227,162,179)
(206,121,179) ; (227,162,216)
(344,57,145) ; (438,98,216)
(540,166,150) ; (587,233,220)
(534,120,150) ; (587,166,194)
(67,92,150) ; (126,150,208)
(278,164,151) ; (368,229,172)
(368,164,151) ; (458,229,172)
(241,57,162) ; (317,102,188)
(348,112,165) ; (458,161,219)
(380,164,172) ; (458,229,216)
(291,166,172) ; (380,229,219)
(236,123,175) ; (270,165,219)
(236,102,175) ; (273,123,216)
(0,0,182) ; (37,60,217)
(37,0,182) ; (63,99,215)
(0,60,182) ; (32,135,215)
(32,100,182) ; (65,141,215)
(276,126,182) ; (340,161,217)
(500,0,186) ; (583,103,215)
(447,0,186) ; (500,94,219)
(477,118,188) ; (534,228,216)
(356,0,188) ; (438,27,214)
(356,27,188) ; (438,54,214)
(241,57,188) ; (317,102,214)
(537,125,194) ; (587,166,217)
