0.0951
13 1301
587 233 220
80
1 120 1  88 1  70 1 1
2 81 1  90 0  44 1 2
3 37 1  46 1  35 1 2
4 33 1  25 1  63 0 1
5 72 1  43 1  75 1 2
6 95 0  97 0  29 1 3
7 66 0  68 0  29 1 1
8 67 0  60 0  30 1 3
9 90 1  70 1  58 1 2
10 84 0  27 1  46 1 1
11 99 0  42 1  25 1 1
12 88 0  33 1  32 1 1
13 56 1  33 1  51 1 1
14 48 1  55 1  45 1 1
15 120 0  36 1  79 0 2
16 80 1  97 1  59 1 1
17 44 1  27 1  25 1 2
18 85 1  77 1  55 1 3
19 69 0  89 0  24 1 3
20 82 1  96 1  61 1 1
21 87 1  88 1  73 1 2
22 101 0  97 0  23 1 4
23 81 1  54 1  65 1 5
24 71 0  50 1  27 1 1
25 32 1  36 1  50 1 1
26 120 0  95 0  41 1 1
27 70 1  44 1  47 1 1
28 52 1  39 1  51 1 2
29 39 1  50 1  48 1 2
30 109 0  64 0  20 1 2
31 114 0  67 1  36 1 2
32 53 0  63 0  26 1 2
33 48 1  41 1  76 1 2
34 91 0  99 0  20 1 1
35 109 0  84 0  26 1 1
36 109 0  48 0  24 1 2
37 100 0  62 0  27 1 1
38 46 1  94 0  44 1 3
39 112 0  27 1  27 1 1
40 102 0  30 1  73 0 2
41 70 0  73 0  30 1 2
42 85 0  53 0  24 1 2
43 95 1  54 1  71 1 1
44 108 0  25 1  77 0 2
45 70 1  72 1  71 1 1
46 34 1  69 0  50 1 1
47 33 1  72 0  59 1 1
48 98 0  41 1  38 1 3
49 66 0  42 1  26 1 1
50 103 0  49 1  27 1 3
51 98 0  71 0  25 1 1
52 107 1  97 1  71 1 2
53 73 1  46 1  51 1 1
54 48 1  39 1  70 1 2
55 90 0  27 1  76 0 1
56 57 1  95 0  38 1 1
57 55 0  27 1  39 1 1
58 35 1  68 1  48 1 1
59 71 0  82 0  33 1 2
60 46 1  50 0  25 1 3
61 91 0  86 0  28 1 2
62 110 0  97 1  55 1 2
63 70 1  45 1  56 1 2
64 62 0  56 0  26 1 1
65 56 0  34 1  27 1 1
66 39 1  56 1  69 1 4
67 55 1  85 0  31 1 2
68 45 1  81 1  46 1 1
69 63 1  53 1  75 1 1
70 117 1  80 1  69 1 2
71 45 1  91 0  80 1 2
72 68 0  29 1  61 0 1
73 77 1  42 1  79 1 1
74 83 0  25 1  62 0 1
75 90 0  25 1  69 0 3
76 103 0  57 0  28 1 2
77 34 1  46 1  36 1 1
78 106 1  99 1  69 1 2
79 94 0  36 1  24 1 1
80 35 1  87 0  30 1 2
(0,0,0) ; (107,71,97)
(0,71,0) ; (107,142,97)
(0,0,97) ; (48,70,136)
(0,70,97) ; (48,140,136)
(48,0,97) ; (104,69,136)
(48,69,97) ; (104,138,136)
(337,0,0) ; (426,69,24)
(426,0,0) ; (497,70,72)
(497,0,0) ; (542,70,56)
(542,0,0) ; (587,70,56)
(337,0,24) ; (426,69,48)
(337,0,48) ; (426,69,72)
(497,0,56) ; (587,70,114)
(337,0,72) ; (417,69,189)
(417,0,72) ; (497,69,189)
(497,0,114) ; (587,69,139)
(497,0,139) ; (587,69,164)
(497,0,164) ; (587,69,189)
(514,145,0) ; (587,233,87)
(514,145,87) ; (587,233,174)
(514,145,174) ; (549,182,220)
(549,145,174) ; (584,182,220)
(514,182,174) ; (587,233,220)
(0,142,0) ; (45,233,80)
(45,142,0) ; (90,233,80)
(0,142,80) ; (86,233,108)
(515,70,0) ; (587,145,43)
(515,70,43) ; (587,145,86)
(515,70,86) ; (585,143,116)
(449,71,0) ; (514,125,81)
(449,125,0) ; (514,179,81)
(449,179,0) ; (514,233,81)
(449,71,81) ; (514,152,135)
(449,152,81) ; (514,233,135)
(449,71,135) ; (512,124,161)
(449,124,135) ; (512,177,161)
(449,177,135) ; (511,233,161)
(90,143,0) ; (210,231,70)
(210,143,0) ; (268,233,70)
(107,0,0) ; (213,69,99)
(107,69,0) ; (213,138,99)
(339,178,0) ; (449,233,97)
(339,178,97) ; (449,233,194)
(339,178,194) ; (448,226,218)
(364,70,0) ; (449,147,55)
(364,147,0) ; (449,178,55)
(364,70,55) ; (449,147,110)
(364,147,55) ; (449,178,110)
(364,70,110) ; (441,178,135)
(213,0,0) ; (333,95,41)
(268,179,0) ; (339,233,95)
(268,96,0) ; (364,178,61)
(337,70,0) ; (364,95,44)
(337,70,44) ; (364,95,88)
(213,95,0) ; (268,143,45)
(213,0,41) ; (310,95,70)
(213,0,70) ; (310,95,99)
(213,95,45) ; (263,143,84)
(274,97,61) ; (364,178,105)
(274,97,105) ; (364,178,149)
(90,143,70) ; (184,187,116)
(90,187,70) ; (184,231,116)
(184,143,70) ; (211,227,116)
(211,146,70) ; (266,231,147)
(211,146,147) ; (264,231,171)
(211,146,171) ; (264,231,195)
(213,95,84) ; (263,143,123)
(300,181,95) ; (339,233,146)
(300,181,146) ; (339,233,197)
(268,183,95) ; (300,233,131)
(107,0,99) ; (208,97,122)
(107,0,122) ; (208,97,145)
(107,0,145) ; (208,97,168)
(107,0,168) ; (208,97,191)
(107,0,191) ; (202,97,220)
(107,97,99) ; (205,138,137)
(107,97,137) ; (205,138,175)
(107,97,175) ; (205,138,213)
(213,0,99) ; (310,59,179)
(213,0,179) ; (308,57,217)
(213,59,99) ; (300,94,129)
(213,59,129) ; (300,94,159)
(0,142,108) ; (86,233,136)
(516,70,116) ; (585,109,172)
(516,109,116) ; (585,143,166)
(90,148,116) ; (210,227,152)
(90,148,152) ; (210,227,188)
(213,97,123) ; (263,143,148)
(268,183,131) ; (293,233,177)
(364,70,135) ; (441,178,160)
(0,0,136) ; (103,49,163)
(0,0,163) ; (103,49,190)
(0,0,190) ; (103,49,217)
(0,185,136) ; (76,233,177)
(0,185,177) ; (76,233,218)
(0,143,136) ; (77,185,215)
(0,49,136) ; (103,106,164)
(0,49,164) ; (103,106,192)
(0,106,136) ; (88,138,169)
(213,99,148) ; (260,143,218)
(274,102,149) ; (364,178,176)
(213,59,159) ; (285,92,218)
(368,76,160) ; (441,178,190)
(368,76,190) ; (441,178,220)
(450,165,161) ; (511,233,190)
(450,165,190) ; (510,232,220)
(449,82,161) ; (511,165,186)
(529,110,166) ; (585,143,217)
(0,111,169) ; (71,138,219)
(517,70,172) ; (585,105,220)
(308,109,176) ; (364,178,215)
(274,132,176) ; (308,178,212)
(455,138,186) ; (511,165,220)
(472,82,186) ; (511,137,213)
(90,160,188) ; (150,227,218)
(150,160,188) ; (210,227,218)
(521,0,189) ; (587,68,218)
(421,0,189) ; (521,62,216)
(379,0,189) ; (421,66,215)
(346,0,189) ; (379,63,214)
(0,49,192) ; (99,91,217)
(211,181,195) ; (257,231,220)
