0.083
45 4501
587 233 220
80
1 77 0  28 1  50 1 1
2 84 1  61 1  44 1 2
3 62 0  52 1  30 1 3
4 112 0  28 1  76 0 1
5 37 1  37 1  33 1 3
6 68 1  82 1  63 1 2
7 82 0  40 1  31 1 1
8 62 0  48 1  29 1 2
9 75 0  26 1  50 1 3
10 101 1  99 1  52 1 2
11 36 1  46 1  32 1 2
12 44 1  81 0  25 1 1
13 101 0  50 1  79 1 1
14 69 0  27 1  43 1 2
15 51 1  76 1  54 1 1
16 114 0  84 0  32 1 2
17 65 1  50 1  45 1 1
18 101 0  46 1  65 1 3
19 74 0  49 1  29 1 1
20 36 1  98 0  59 1 1
21 106 0  29 1  28 1 1
22 41 1  89 0  36 1 2
23 113 0  69 1  44 1 1
24 63 0  61 0  25 1 1
25 92 1  73 1  60 1 2
26 72 1  82 1  73 1 1
27 31 1  81 0  29 1 1
28 107 1  73 1  61 1 1
29 110 0  33 1  48 1 1
30 35 1  66 1  43 1 2
31 36 1  97 0  47 1 1
32 32 1  52 1  33 1 1
33 78 0  93 0  20 1 1
34 78 0  77 0  25 1 2
35 113 0  85 1  43 1 1
36 64 0  53 0  24 1 2
37 97 1  71 1  74 1 1
38 98 0  77 0  23 1 2
39 63 1  78 1  65 1 1
40 74 1  48 1  47 1 1
41 75 1  77 1  64 1 1
42 89 1  95 1  69 1 1
43 75 1  53 1  68 1 2
44 68 1  54 1  57 1 2
45 107 1  100 1  63 1 1
46 31 1  61 1  59 1 1
47 69 1  42 1  59 1 2
48 37 1  40 1  27 1 1
49 43 1  60 1  72 1 2
50 58 1  67 1  80 1 1
51 88 0  73 0  33 1 2
52 80 1  84 1  56 1 2
53 101 0  88 1  49 1 3
54 106 0  53 1  34 1 1
55 75 1  63 1  76 1 1
56 86 0  58 1  38 1 1
57 90 0  51 1  30 1 3
58 53 1  82 1  65 1 2
59 50 1  64 1  62 1 1
60 35 1  80 0  48 1 1
61 104 0  97 0  46 1 2
62 80 0  95 0  30 1 3
63 111 1  72 1  68 1 1
64 63 1  82 1  42 1 1
65 39 1  40 1  22 1 1
66 85 0  67 0  27 1 2
67 54 1  87 1  65 1 2
68 66 1  55 1  68 1 2
69 98 0  55 1  40 1 3
70 110 0  47 1  26 1 1
71 38 1  88 0  59 1 1
72 73 1  78 1  62 1 3
73 108 0  43 1  23 1 1
74 97 1  56 1  56 1 1
75 42 1  25 1  74 0 1
76 74 1  87 1  61 1 4
77 48 1  81 1  63 1 2
78 57 0  25 1  53 0 2
79 72 1  86 1  46 1 2
80 69 1  89 0  35 1 3
(65,179,138) ; (0,0,0)
(192,101,147) ; (395,0,0)
(55,132,155) ; (532,101,0)
(132,54,218) ; (0,179,0)
(89,130,192) ; (443,103,0)
(166,82,126) ; (65,0,0)
(80,95,90) ; (65,84,0)
(113,44,177) ; (132,189,0)
(74,61,216) ; (369,172,0)
(100,107,99) ; (145,82,0)
(92,103,153) ; (303,0,0)
(89,69,35) ; (354,103,0)
(80,56,219) ; (289,177,0)
(72,82,104) ; (231,0,0)
(43,60,213) ; (245,173,0)
(62,73,156) ; (292,104,0)
(46,86,205) ; (245,87,0)
(85,67,54) ; (358,105,35)
(50,62,93) ; (393,110,89)
(35,66,86) ; (358,106,89)
(78,93,20) ; (65,86,90)
(97,104,46) ; (145,84,99)
(63,81,48) ; (231,0,104)
(75,50,107) ; (65,129,110)
(74,42,25) ; (65,86,110)
(162,77,28) ; (65,0,126)
(63,42,82) ; (65,86,135)
(61,107,73) ; (0,0,138)
(60,62,52) ; (0,117,138)
(97,71,74) ; (145,117,145)
(92,32,36) ; (145,84,145)
(111,68,72) ; (476,0,147)
(110,26,47) ; (477,68,147)
(73,88,33) ; (403,0,147)
(58,80,67) ; (231,0,152)
(50,45,65) ; (341,0,153)
(86,58,38) ; (305,45,153)
(37,37,66) ; (304,0,153)
(77,75,64) ; (65,0,154)
(76,75,63) ; (142,0,154)
(53,128,24) ; (533,103,155)
(61,63,25) ; (293,114,156)
(33,37,37) ; (360,135,175)
(89,41,36) ; (132,191,177)
(53,106,34) ; (533,125,179)
(39,22,40) ; (547,103,179)
(59,88,38) ; (417,0,180)
(52,32,33) ; (145,84,181)
(40,27,37) ; (197,84,181)
(61,59,31) ; (293,118,181)
(48,62,29) ; (393,110,182)
(52,62,30) ; (0,117,190)
(81,44,25) ; (310,45,191)
(29,106,28) ; (498,127,192)
(53,114,25) ; (445,119,192)
