0.0754
79 7901
587 233 220
80
1 64 1  52 1  68 1 1
2 30 1  52 1  41 1 1
3 91 0  36 1  66 1 2
4 93 1  100 1  72 1 3
5 61 1  44 1  53 1 2
6 69 0  79 0  21 1 1
7 106 0  40 1  74 1 1
8 54 1  40 1  68 1 3
9 86 1  50 1  60 1 2
10 51 1  38 1  67 1 3
11 59 1  82 1  51 1 1
12 106 0  51 1  53 1 1
13 50 1  55 1  30 1 1
14 107 1  68 1  62 1 2
15 90 0  30 1  26 1 3
16 50 1  30 1  48 1 1
17 104 0  63 0  20 1 1
18 61 1  60 1  67 1 1
19 68 0  34 1  74 0 1
20 49 1  31 1  79 0 3
21 57 1  53 1  70 1 1
22 92 1  89 1  59 1 1
23 49 1  83 1  57 1 1
24 95 0  40 1  21 1 1
25 101 0  35 1  53 1 1
26 49 1  53 1  49 1 1
27 70 0  29 1  56 1 1
28 32 1  78 0  66 0 2
29 91 0  25 1  50 0 2
30 98 1  67 1  50 1 3
31 66 0  33 1  53 1 1
32 48 1  26 1  45 1 1
33 79 1  89 1  53 1 1
34 94 1  82 1  58 1 1
35 119 0  96 1  55 1 2
36 95 1  75 1  75 1 2
37 60 1  88 1  59 1 2
38 72 1  76 1  64 1 2
39 45 1  53 1  76 1 1
40 54 1  61 1  78 1 1
41 118 0  53 1  56 1 1
42 32 1  71 0  41 1 2
43 108 1  81 1  68 1 1
44 109 0  52 1  27 1 2
45 114 1  89 1  80 1 1
46 36 1  60 1  56 1 1
47 42 1  62 1  42 1 2
48 77 1  58 1  39 1 1
49 119 0  99 0  36 1 2
50 41 1  41 1  22 1 1
51 44 1  42 1  60 1 1
52 118 0  72 0  21 1 3
53 89 1  58 1  63 1 1
54 47 1  58 1  44 1 3
55 41 1  88 0  29 1 2
56 68 1  38 1  49 1 1
57 55 1  71 1  79 1 3
58 44 1  88 0  30 1 1
59 37 1  34 1  74 0 2
60 75 0  33 1  58 1 3
61 64 1  35 1  78 0 1
62 112 0  96 0  42 1 1
63 91 0  33 1  37 1 3
64 51 1  50 1  39 1 2
65 73 0  98 0  25 1 3
66 66 0  67 0  29 1 1
67 39 1  67 1  48 1 2
68 78 0  27 1  60 0 1
69 97 1  72 1  50 1 2
70 73 1  80 1  74 1 2
71 86 0  25 1  72 0 1
72 78 1  73 1  80 1 3
73 69 1  58 1  60 1 1
74 83 1  52 1  60 1 2
75 71 0  83 0  29 1 1
76 81 0  62 0  29 1 1
77 119 0  40 1  34 1 1
78 32 1  72 0  71 0 3
79 32 1  38 1  37 1 2
80 43 1  88 0  71 1 1
(150,98,142) ; (0,0,0)
(216,100,165) ; (371,0,0)
(80,78,219) ; (0,155,0)
(60,88,218) ; (527,145,0)
(144,73,184) ; (383,160,0)
(79,55,213) ; (0,100,0)
(124,68,215) ; (80,165,0)
(61,44,195) ; (526,101,0)
(155,59,122) ; (371,101,0)
(78,67,147) ; (80,98,0)
(119,96,152) ; (150,0,0)
(83,52,177) ; (204,181,0)
(94,58,167) ; (289,175,0)
(100,91,62) ; (271,0,0)
(61,67,60) ; (158,98,0)
(62,84,71) ; (219,97,0)
(89,80,114) ; (282,95,0)
(51,67,76) ; (158,98,60)
(72,91,91) ; (298,0,62)
(26,90,90) ; (271,0,62)
(62,79,76) ; (219,99,71)
(89,79,53) ; (282,96,114)
(118,56,53) ; (403,103,122)
(30,55,50) ; (373,104,122)
(51,59,82) ; (158,106,136)
(75,95,75) ; (0,0,142)
(61,54,78) ; (75,0,142)
(71,41,64) ; (75,54,142)
(77,58,72) ; (80,104,147)
(56,70,29) ; (219,107,147)
(64,52,68) ; (150,0,152)
(74,37,68) ; (150,52,152)
(38,51,67) ; (214,0,152)
(26,45,48) ; (271,0,152)
(37,38,64) ; (224,51,152)
(22,41,41) ; (271,45,152)
(71,83,29) ; (299,0,153)
(106,86,53) ; (481,0,165)
(109,52,54) ; (372,0,165)
(76,45,53) ; (405,52,165)
(30,41,52) ; (375,52,165)
(49,49,53) ; (328,184,167)
(39,50,51) ; (289,183,167)
(57,70,53) ; (314,105,167)
(31,79,49) ; (283,96,167)
(30,50,48) ; (373,109,172)
(60,56,36) ; (461,103,175)
(50,51,39) ; (411,108,175)
(54,68,40) ; (219,109,176)
(68,49,38) ; (204,181,177)
(71,72,32) ; (299,0,182)
(74,68,34) ; (453,163,184)
(66,67,29) ; (387,164,184)
