0.0825
51 5101
587 233 220
80
1 30 1  84 0  33 1 2
2 42 1  59 1  34 1 2
3 103 0  100 0  46 1 1
4 111 1  99 1  65 1 1
5 31 1  99 0  38 1 2
6 119 0  60 1  33 1 1
7 77 0  47 0  23 1 2
8 98 1  93 1  69 1 1
9 33 1  57 1  80 0 1
10 40 1  97 0  36 1 2
11 52 1  88 0  34 1 1
12 45 1  43 1  51 1 2
13 108 0  68 0  22 1 2
14 97 0  99 0  45 1 1
15 40 1  29 1  29 1 1
16 98 1  53 1  63 1 2
17 115 0  53 1  49 1 2
18 81 1  83 1  57 1 1
19 112 1  73 1  67 1 1
20 47 1  28 1  55 1 1
21 111 0  49 1  63 1 1
22 83 0  83 0  25 1 2
23 38 1  62 1  34 1 1
24 111 1  72 1  69 1 1
25 111 0  48 1  78 1 3
26 92 1  83 1  52 1 2
27 43 1  74 1  44 1 1
28 67 0  26 1  73 0 1
29 47 0  58 0  23 1 2
30 118 1  90 1  69 1 2
31 108 0  56 1  49 1 1
32 34 1  46 1  38 1 2
33 37 1  95 0  51 1 1
34 116 0  66 1  56 1 2
35 115 0  35 1  39 1 2
36 52 1  75 1  79 1 1
37 109 0  25 1  65 0 2
38 112 0  29 1  67 0 1
39 77 1  50 1  71 1 3
40 115 1  89 1  75 1 2
41 53 1  98 0  38 1 1
42 97 0  48 1  35 1 1
43 42 1  67 1  38 1 1
44 112 0  45 1  50 1 1
45 101 0  41 1  36 1 1
46 110 0  31 1  69 0 1
47 80 0  28 1  68 0 2
48 59 1  60 1  65 1 2
49 43 1  64 1  36 1 2
50 42 1  74 0  30 1 2
51 110 0  49 1  25 1 1
52 54 1  28 1  63 0 1
53 74 0  54 0  26 1 1
54 85 1  88 1  57 1 2
55 42 1  57 1  77 1 1
56 63 0  28 1  28 1 1
57 45 1  33 1  62 1 2
58 56 0  28 1  21 1 2
59 78 0  46 0  23 1 2
60 93 1  62 1  69 1 1
61 59 1  48 1  30 1 4
62 110 1  67 1  56 1 2
63 104 0  49 1  45 1 2
64 66 0  36 1  30 1 3
65 82 1  52 1  47 1 2
66 109 0  49 1  56 1 2
67 78 1  75 1  56 1 1
68 32 1  56 1  29 1 2
69 107 0  88 0  29 1 2
70 78 1  59 1  45 1 1
71 83 0  33 1  70 0 1
72 55 1  84 1  65 1 2
73 61 1  99 0  47 1 1
74 113 0  60 1  33 1 2
75 91 1  63 1  53 1 2
76 103 1  64 1  63 1 2
77 101 1  86 1  55 1 2
78 46 1  99 0  72 1 1
79 110 0  36 1  43 1 1
80 35 1  71 0  43 1 1
(180,118,129) ; (0,0,0)
(112,67,219) ; (475,0,0)
(86,166,135) ; (501,67,0)
(144,111,127) ; (0,122,0)
(93,160,69) ; (408,73,0)
(99,65,217) ; (376,0,0)
(150,115,89) ; (144,118,0)
(112,116,66) ; (296,117,0)
(88,114,114) ; (180,0,0)
(106,63,219) ; (270,0,0)
(79,52,75) ; (329,65,0)
(59,45,78) ; (270,63,0)
(111,69,116) ; (297,164,66)
(112,45,50) ; (296,119,66)
(92,83,52) ; (409,150,69)
(43,74,44) ; (458,73,69)
(50,77,71) ; (408,73,69)
(77,50,142) ; (331,65,75)
(59,42,34) ; (270,63,78)
(106,115,49) ; (144,118,89)
(39,115,35) ; (250,118,89)
(57,42,105) ; (272,63,112)
(43,71,35) ; (458,73,113)
(88,107,29) ; (180,0,114)
(104,45,49) ; (304,119,116)
(92,83,52) ; (409,150,121)
(39,115,35) ; (250,118,124)
(45,104,92) ; (0,127,127)
(98,109,56) ; (45,122,127)
(175,100,46) ; (0,0,129)
(81,162,57) ; (503,71,135)
(75,78,56) ; (144,155,138)
(30,74,42) ; (219,159,138)
(101,36,81) ; (144,119,138)
(47,77,23) ; (411,73,140)
(82,104,47) ; (180,0,143)
(42,67,38) ; (459,73,148)
(33,84,30) ; (250,149,159)
(29,29,40) ; (250,120,159)
(47,77,23) ; (411,73,163)
(98,38,53) ; (310,126,165)
(58,47,46) ; (443,186,173)
(55,28,47) ; (446,158,173)
(34,59,42) ; (409,174,173)
(97,99,45) ; (0,0,175)
(66,62,45) ; (97,0,175)
(64,36,43) ; (97,62,175)
(30,66,36) ; (219,167,180)
(99,62,38) ; (306,170,182)
(51,95,37) ; (45,135,183)
(40,97,36) ; (96,133,183)
(38,62,34) ; (463,73,186)
(42,74,30) ; (416,73,186)
(33,84,30) ; (250,149,189)
(64,56,29) ; (180,0,190)
(78,46,23) ; (180,56,190)
(68,160,28) ; (511,73,192)
(73,67,26) ; (144,166,194)
