0.0782
68 6801
587 233 220
80
1 116 0  85 0  34 1 1
2 81 0  28 1  67 0 4
3 114 1  97 1  79 1 2
4 74 0  84 0  30 1 2
5 30 1  30 1  55 1 1
6 54 1  58 1  43 1 2
7 59 1  58 1  36 1 1
8 84 1  97 1  66 1 2
9 101 0  32 1  37 1 1
10 34 1  47 1  55 1 2
11 39 1  87 0  76 1 2
12 80 1  53 1  61 1 1
13 56 1  99 0  42 1 2
14 39 1  96 0  22 1 1
15 114 0  36 1  27 1 1
16 119 0  99 0  38 1 2
17 81 1  80 1  53 1 2
18 70 0  55 0  21 1 2
19 72 1  71 1  62 1 2
20 49 1  36 1  62 1 1
21 59 1  69 1  43 1 1
22 117 1  83 1  66 1 3
23 83 1  47 1  45 1 2
24 83 1  74 1  80 1 1
25 110 0  84 0  40 1 1
26 83 0  35 1  47 1 2
27 116 0  81 0  22 1 1
28 37 1  50 1  65 1 3
29 110 0  26 1  23 1 4
30 100 0  35 1  47 1 1
31 35 1  94 0  25 1 1
32 55 1  50 1  41 1 1
33 103 1  59 1  77 1 3
34 98 1  89 1  72 1 1
35 85 1  92 0  43 1 1
36 80 0  89 0  20 1 1
37 53 1  68 0  30 1 1
38 51 1  30 1  29 1 1
39 91 1  96 1  65 1 2
40 62 0  29 1  34 1 1
41 113 0  78 0  35 1 1
42 35 1  51 1  62 1 2
43 59 1  78 0  38 1 1
44 85 0  39 1  46 1 1
45 83 0  96 0  33 1 2
46 48 1  49 1  62 1 2
47 32 1  32 1  38 1 1
48 50 1  74 1  49 1 1
49 50 1  35 1  41 1 2
50 93 1  55 1  55 1 2
51 89 1  67 1  72 1 2
52 85 1  57 1  55 1 2
53 40 1  83 0  52 1 2
54 44 0  30 1  22 1 1
55 113 0  39 1  32 1 1
56 72 0  35 1  39 1 1
57 85 1  70 1  72 1 2
58 36 1  98 0  73 0 1
59 115 0  52 1  28 1 1
60 37 1  100 0  63 1 2
61 109 0  41 1  22 1 1
62 63 1  96 0  36 1 2
63 34 1  62 1  66 1 2
64 40 1  65 1  44 1 1
65 113 0  33 1  28 1 2
66 89 0  35 1  40 1 2
67 109 0  73 0  21 1 1
68 105 0  40 1  41 1 1
69 63 1  92 1  48 1 2
70 43 1  89 0  30 1 1
71 41 1  51 1  60 1 1
72 32 1  75 0  35 1 3
73 39 1  84 0  54 1 1
74 37 1  39 1  76 0 2
75 44 1  46 1  69 1 1
76 114 0  100 0  47 1 3
77 119 0  89 1  50 1 1
78 43 1  37 1  38 1 1
79 88 0  36 1  42 1 4
80 91 0  53 0  22 1 2
(100,114,220) ; (0,0,0)
(85,146,220) ; (502,0,0)
(83,117,220) ; (0,116,0)
(97,84,218) ; (490,149,0)
(103,77,213) ; (83,156,0)
(96,65,218) ; (406,0,0)
(232,89,72) ; (258,144,0)
(71,62,216) ; (100,0,0)
(114,79,155) ; (388,65,0)
(101,37,160) ; (83,119,0)
(85,55,153) ; (100,62,0)
(94,55,166) ; (171,0,0)
(100,63,73) ; (306,0,0)
(62,83,185) ; (186,150,0)
(119,89,50) ; (185,55,0)
(81,80,53) ; (307,63,0)
(41,55,50) ; (265,0,0)
(116,85,62) ; (185,55,50)
(40,44,65) ; (265,0,50)
(81,80,53) ; (307,63,53)
(78,87,76) ; (412,146,72)
(84,88,72) ; (328,145,72)
(70,89,40) ; (258,144,72)
(96,63,92) ; (306,0,73)
(81,67,112) ; (307,63,106)
(110,84,40) ; (185,55,112)
(70,55,21) ; (258,178,112)
(68,30,53) ; (258,148,112)
(35,41,100) ; (265,0,115)
(58,54,86) ; (258,179,133)
(76,39,74) ; (336,194,144)
(50,49,74) ; (362,145,144)
(32,38,32) ; (330,156,144)
(75,32,70) ; (415,201,148)
(78,38,59) ; (412,163,148)
(99,84,56) ; (185,55,152)
(37,50,65) ; (100,62,153)
(41,51,60) ; (137,62,153)
(109,73,21) ; (389,65,155)
(59,36,58) ; (83,120,160)
(38,37,43) ; (142,119,160)
(85,39,46) ; (317,0,165)
(96,22,39) ; (306,39,165)
(30,30,55) ; (258,148,165)
(30,29,51) ; (296,149,165)
(91,53,22) ; (171,0,166)
(59,69,43) ; (439,65,176)
(46,69,44) ; (393,65,176)
(32,75,35) ; (186,155,185)
(29,62,34) ; (218,168,185)
(89,43,30) ; (171,0,188)
