0.0793
90 9001
587 233 220
80
1 34 1  65 0  26 1 1
2 100 0  91 0  33 1 1
3 87 0  27 1  45 1 1
4 53 1  48 1  45 1 1
5 45 1  77 0  36 1 1
6 89 0  41 1  56 1 2
7 112 0  55 1  35 1 1
8 53 1  46 1  59 1 2
9 65 0  35 1  20 1 1
10 114 0  98 0  44 1 1
11 119 0  48 1  70 1 2
12 103 1  80 1  73 1 3
13 55 1  80 1  60 1 1
14 37 1  100 0  58 1 1
15 112 0  35 1  29 1 2
16 105 1  66 1  57 1 1
17 56 1  71 0  29 1 1
18 57 0  81 0  28 1 1
19 61 1  91 0  43 1 1
20 39 1  32 1  35 1 1
21 47 1  26 1  77 0 2
22 98 1  81 1  76 1 3
23 92 1  72 1  47 1 1
24 66 0  25 1  28 1 1
25 82 0  73 0  30 1 3
26 33 1  67 0  60 1 2
27 76 1  60 1  69 1 1
28 95 1  75 1  61 1 1
29 70 0  27 1  20 1 1
30 77 0  97 0  37 1 2
31 66 1  88 1  54 1 2
32 96 0  73 0  20 1 1
33 72 0  26 1  69 0 1
34 33 1  74 0  48 1 2
35 111 0  55 1  41 1 3
36 48 1  37 1  69 1 1
37 50 1  69 1  46 1 1
38 52 1  29 1  48 1 2
39 42 1  74 1  55 1 1
40 70 1  78 1  69 1 3
41 77 1  55 1  54 1 1
42 78 1  43 1  63 1 1
43 91 0  99 0  23 1 4
44 68 1  82 1  42 1 1
45 107 0  51 1  33 1 4
46 54 1  49 1  70 1 1
47 57 1  100 1  70 1 1
48 32 1  38 1  40 1 1
49 62 1  88 1  53 1 2
50 48 1  28 1  69 0 1
51 38 1  76 0  44 1 2
52 65 1  39 1  37 1 1
53 106 0  65 1  44 1 2
54 96 0  49 1  31 1 2
55 71 1  67 1  69 1 2
56 83 0  32 1  46 1 1
57 62 1  61 1  67 1 2
58 90 1  53 1  58 1 1
59 104 1  75 1  61 1 1
60 108 0  37 1  78 0 3
61 58 0  26 1  65 0 1
62 43 1  90 0  59 1 1
63 77 1  81 1  62 1 2
64 91 1  62 1  60 1 1
65 70 0  36 1  24 1 2
66 112 0  95 0  39 1 1
67 109 0  38 1  29 1 4
68 116 0  78 0  24 1 1
69 83 1  83 1  54 1 1
70 59 0  72 0  29 1 1
71 100 1  53 1  64 1 1
72 110 0  40 1  73 1 1
73 46 1  69 1  36 1 2
74 39 1  61 0  22 1 1
75 110 0  90 1  53 1 2
76 81 1  90 1  78 1 2
77 67 0  42 1  30 1 1
78 58 1  37 1  79 0 3
79 94 0  27 1  62 0 1
80 95 1  77 1  76 1 1
(62,167,134) ; (0,0,0)
(82,229,188) ; (505,0,0)
(108,66,145) ; (0,167,0)
(78,165,138) ; (62,0,0)
(73,172,189) ; (432,0,0)
(91,61,148) ; (414,172,0)
(107,66,139) ; (108,167,0)
(79,166,111) ; (140,0,0)
(110,53,213) ; (322,0,0)
(112,55,158) ; (302,178,0)
(70,119,132) ; (362,53,0)
(81,62,154) ; (215,171,0)
(100,91,125) ; (219,0,0)
(40,110,102) ; (322,53,0)
(103,80,73) ; (219,91,0)
(55,80,60) ; (219,91,73)
(47,77,52) ; (275,94,73)
(38,109,29) ; (322,53,102)
(77,97,107) ; (140,0,111)
(76,69,60) ; (140,97,111)
(56,89,82) ; (219,0,125)
(42,82,68) ; (276,0,125)
(47,72,92) ; (275,99,125)
(38,76,88) ; (322,53,131)
(38,32,40) ; (322,130,131)
(69,70,78) ; (362,53,132)
(69,46,50) ; (362,123,132)
(55,74,42) ; (219,97,133)
(54,83,83) ; (0,0,134)
(57,81,28) ; (0,86,134)
(75,104,61) ; (62,0,138)
(72,59,29) ; (62,106,138)
(100,64,53) ; (108,168,139)
(100,37,58) ; (0,196,145)
(104,29,48) ; (0,167,145)
(90,58,53) ; (414,173,148)
(67,60,66) ; (215,173,154)
(96,49,62) ; (317,184,158)
(55,77,54) ; (0,90,162)
(70,54,49) ; (62,111,167)
(65,69,48) ; (140,97,171)
(35,32,39) ; (325,130,171)
(48,53,45) ; (219,118,175)
(65,39,37) ; (366,130,182)
(65,34,26) ; (521,0,188)
(46,83,32) ; (540,145,188)
(76,109,29) ; (510,34,188)
(35,65,20) ; (505,163,188)
(67,42,30) ; (435,0,189)
(70,36,24) ; (432,42,189)
(45,87,27) ; (457,81,189)
(25,66,28) ; (432,102,189)
(94,62,27) ; (108,170,192)
(70,20,27) ; (0,176,193)
(39,61,22) ; (279,0,193)
(73,96,20) ; (62,0,199)
