0.0865
82 8201
587 233 220
80
1 49 1  62 1  35 1 3
2 79 1  64 1  44 1 1
3 67 1  66 1  44 1 4
4 109 0  58 1  54 1 1
5 32 1  97 0  75 0 1
6 47 0  75 0  22 1 2
7 83 0  30 1  73 0 2
8 61 1  32 1  77 0 1
9 53 1  92 1  56 1 1
10 73 0  95 0  28 1 2
11 85 1  57 1  72 1 2
12 58 0  42 1  29 1 1
13 75 0  29 1  61 0 2
14 114 0  39 1  55 1 4
15 43 1  52 1  42 1 1
16 64 1  80 1  63 1 2
17 117 0  39 1  50 1 1
18 79 1  41 1  74 1 1
19 46 0  50 0  20 1 2
20 70 1  92 1  76 1 2
21 101 0  40 1  73 1 1
22 82 1  62 1  46 1 2
23 108 0  88 0  22 1 3
24 30 1  78 0  77 0 1
25 88 1  78 1  65 1 3
26 98 1  84 1  57 1 1
27 71 1  51 1  55 1 2
28 116 0  33 1  59 1 1
29 34 1  91 0  22 1 3
30 69 0  29 1  62 0 2
31 57 1  65 1  43 1 1
32 110 0  70 1  43 1 1
33 95 0  54 1  29 1 1
34 67 0  26 1  22 1 2
35 87 0  37 1  61 1 1
36 46 1  37 1  79 0 1
37 54 1  46 1  78 1 1
38 71 1  85 1  52 1 1
39 93 0  26 1  60 0 1
40 50 1  87 1  75 1 3
41 95 1  50 1  48 1 4
42 84 0  85 0  32 1 2
43 98 0  87 0  36 1 1
44 56 1  78 1  45 1 2
45 96 0  56 0  28 1 1
46 49 1  49 1  76 1 1
47 40 1  83 0  45 1 1
48 82 0  64 0  28 1 2
49 42 0  25 1  20 1 1
50 118 0  83 0  21 1 1
51 40 1  76 0  27 1 3
52 99 0  53 1  33 1 1
53 53 1  95 1  65 1 2
54 110 1  84 1  66 1 1
55 87 0  59 1  32 1 1
56 97 1  87 1  73 1 2
57 117 0  93 0  43 1 1
58 98 0  85 1  43 1 2
59 52 1  29 1  48 1 2
60 110 0  33 1  62 1 1
61 57 1  59 1  70 1 1
62 64 0  70 0  31 1 2
63 67 0  51 1  33 1 2
64 57 0  92 0  22 1 3
65 72 1  58 1  64 1 2
66 95 1  69 1  78 1 1
67 87 0  30 1  65 0 2
68 91 0  69 0  22 1 1
69 56 1  96 0  43 1 2
70 82 1  68 1  48 1 1
71 63 0  30 1  30 1 2
72 80 0  40 1  23 1 1
73 79 0  98 0  38 1 2
74 110 0  98 0  33 1 2
75 53 1  51 1  33 1 1
76 66 1  63 1  46 1 1
77 94 1  82 1  69 1 3
78 95 1  91 1  68 1 1
79 46 1  85 1  52 1 1
80 34 1  81 0  21 1 1
(0,0,0) ; (97,73,87)
(0,73,0) ; (97,146,87)
(0,0,87) ; (95,48,137)
(0,48,87) ; (95,96,137)
(0,96,87) ; (95,144,137)
(449,0,0) ; (518,94,82)
(518,0,0) ; (587,94,82)
(449,0,82) ; (531,94,151)
(531,0,82) ; (587,92,135)
(531,0,135) ; (587,45,213)
(531,45,135) ; (587,90,213)
(449,0,151) ; (531,46,213)
(449,46,151) ; (531,92,213)
(522,145,0) ; (587,233,78)
(522,145,78) ; (587,233,156)
(522,145,156) ; (587,232,186)
(522,145,186) ; (587,232,216)
(0,146,0) ; (98,233,36)
(0,146,36) ; (98,189,121)
(0,189,36) ; (98,232,121)
(0,146,121) ; (98,230,178)
(427,164,0) ; (522,233,78)
(427,164,78) ; (522,232,169)
(427,164,169) ; (453,231,191)
(453,164,169) ; (520,230,213)
(427,164,191) ; (453,231,213)
(512,95,0) ; (587,145,87)
(512,95,87) ; (587,145,174)
(512,95,174) ; (587,142,196)
(512,95,196) ; (587,142,218)
(97,0,0) ; (211,55,39)
(97,0,39) ; (211,55,78)
(97,0,78) ; (211,55,117)
(97,0,117) ; (211,55,156)
(97,0,156) ; (206,54,214)
(98,56,0) ; (142,123,66)
(142,56,0) ; (186,123,66)
(186,56,0) ; (230,123,66)
(230,56,0) ; (281,123,33)
(98,123,0) ; (196,233,33)
(196,123,0) ; (280,233,66)
(230,56,33) ; (281,123,66)
(98,123,33) ; (196,233,66)
(373,0,0) ; (449,70,92)
(373,0,92) ; (449,70,184)
(373,0,184) ; (448,61,213)
(448,94,0) ; (512,164,31)
(448,94,31) ; (512,164,62)
(448,94,62) ; (510,129,111)
(448,129,62) ; (510,164,111)
(283,175,0) ; (355,233,64)
(355,175,0) ; (427,233,64)
(283,175,64) ; (355,232,149)
(355,175,64) ; (427,232,149)
(352,70,0) ; (400,99,52)
(400,70,0) ; (448,99,52)
(352,99,0) ; (447,164,53)
(352,70,52) ; (447,99,106)
(352,99,53) ; (447,164,106)
(211,0,0) ; (307,56,28)
(211,0,28) ; (307,56,71)
(211,0,71) ; (307,56,114)
(309,0,0) ; (373,63,80)
(309,0,80) ; (373,63,160)
(281,65,0) ; (352,120,51)
(281,120,0) ; (352,175,51)
(281,65,51) ; (351,175,94)
(98,154,66) ; (196,233,104)
(98,154,104) ; (196,233,142)
(98,154,142) ; (195,229,174)
(98,56,66) ; (171,151,94)
(98,56,94) ; (171,151,122)
(196,145,66) ; (274,233,131)
(196,145,131) ; (272,185,158)
(196,185,131) ; (274,231,185)
(196,145,158) ; (272,185,185)
(171,56,66) ; (279,144,88)
(171,56,88) ; (279,144,110)
(171,56,110) ; (279,144,132)
(289,65,94) ; (351,175,127)
(387,71,106) ; (447,164,132)
(355,77,106) ; (387,164,165)
(448,95,111) ; (510,164,140)
(448,95,140) ; (510,164,169)
(211,0,114) ; (257,52,199)
(211,0,199) ; (257,50,219)
(257,0,114) ; (307,48,209)
(98,56,122) ; (171,139,152)
(290,100,127) ; (351,175,156)
(289,65,127) ; (351,100,176)
(390,72,132) ; (447,164,154)
(390,72,154) ; (447,164,176)
(390,72,176) ; (447,164,198)
(171,56,132) ; (246,143,182)
(246,56,132) ; (278,133,193)
(0,0,137) ; (48,68,219)
(48,0,137) ; (92,64,216)
(0,68,137) ; (49,144,186)
(49,64,137) ; (95,143,174)
(342,180,149) ; (427,232,220)
(283,175,149) ; (342,232,219)
(98,56,152) ; (171,139,182)
(305,109,156) ; (351,175,219)
(310,0,160) ; (373,30,190)
(310,0,190) ; (373,30,220)
(320,30,160) ; (373,63,211)
(366,83,165) ; (387,164,199)
(453,99,169) ; (510,164,212)
(98,189,174) ; (181,229,219)
(49,64,174) ; (92,116,216)
(49,118,174) ; (91,143,194)
(98,155,174) ; (189,189,196)
(98,155,196) ; (189,189,218)
(293,65,176) ; (351,94,218)
(0,151,178) ; (74,230,219)
(74,150,178) ; (97,230,218)
(98,56,182) ; (162,138,210)
(171,56,182) ; (232,143,219)
(196,149,185) ; (260,231,213)
(0,68,186) ; (40,144,213)
(413,73,198) ; (447,164,220)
