0.0782
20 2001
587 233 220
80
1 53 1  54 1  65 1 1
2 70 1  43 1  75 1 3
3 82 0  36 1  28 1 1
4 92 0  44 1  50 1 1
5 91 1  77 1  48 1 1
6 44 1  67 1  79 1 1
7 33 1  54 1  54 1 1
8 95 0  66 1  36 1 4
9 39 1  47 1  31 1 1
10 40 1  26 1  55 0 1
11 52 0  79 0  25 1 2
12 33 1  47 1  58 1 1
13 77 1  56 1  64 1 1
14 84 0  25 1  67 0 1
15 78 0  53 1  32 1 4
16 114 1  67 1  75 1 1
17 68 1  87 1  78 1 2
18 45 1  68 1  71 1 3
19 91 0  78 0  26 1 3
20 53 1  37 1  31 1 2
21 33 1  92 0  62 1 1
22 42 1  93 0  42 1 2
23 79 0  48 1  30 1 3
24 82 0  30 1  50 1 2
25 93 0  97 0  28 1 2
26 34 1  41 1  32 1 4
27 114 0  57 1  30 1 2
28 115 1  88 1  60 1 2
29 45 1  77 1  47 1 2
30 110 1  83 1  71 1 1
31 84 0  32 1  25 1 1
32 43 1  61 1  74 1 3
33 64 0  53 1  30 1 1
34 35 1  79 0  26 1 1
35 72 0  53 1  29 1 1
36 38 1  87 0  71 1 2
37 108 0  88 0  30 1 1
38 51 0  25 1  60 0 1
39 77 1  92 1  59 1 3
40 67 1  50 1  36 1 1
41 86 0  26 1  30 1 1
42 101 0  74 1  46 1 1
43 43 1  49 1  63 1 2
44 87 0  29 1  65 0 1
45 31 1  76 0  39 1 3
46 105 1  81 1  60 1 2
47 120 1  86 1  65 1 2
48 77 1  95 1  49 1 2
49 119 1  89 1  65 1 1
50 105 0  31 1  60 1 2
51 41 1  56 1  44 1 2
52 38 1  63 1  61 1 1
53 72 1  46 1  73 1 1
54 83 0  58 0  29 1 2
55 50 0  30 1  21 1 2
56 36 1  32 1  59 1 1
57 99 0  38 1  32 1 1
58 51 1  62 1  77 1 1
59 31 1  33 1  51 1 2
60 53 1  77 1  41 1 1
61 108 0  42 1  39 1 1
62 48 1  69 1  53 1 2
63 50 1  32 1  75 0 1
64 75 1  63 1  58 1 1
65 54 1  96 1  66 1 1
66 105 0  99 1  51 1 2
67 69 1  59 1  63 1 1
68 117 0  54 1  53 1 2
69 88 1  86 1  66 1 2
70 30 1  86 0  76 0 2
71 33 1  94 0  41 1 1
72 118 0  37 1  32 1 3
73 119 0  56 1  77 1 2
74 67 1  99 0  34 1 1
75 110 0  35 1  74 0 1
76 32 1  98 0  31 1 1
77 52 1  100 1  69 1 3
78 42 1  76 1  54 1 1
79 86 1  78 1  77 1 1
80 56 1  52 1  63 1 1
(120,182,112) ; (0,0,0)
(95,108,220) ; (492,0,0)
(87,78,214) ; (500,155,0)
(105,51,198) ; (0,182,0)
(72,46,141) ; (515,109,0)
(77,92,216) ; (423,141,0)
(208,66,172) ; (284,0,0)
(222,43,61) ; (105,190,0)
(100,188,97) ; (120,0,0)
(114,75,102) ; (378,66,0)
(96,90,66) ; (327,143,0)
(64,78,220) ; (220,0,0)
(71,110,83) ; (220,80,0)
(87,76,101) ; (291,66,0)
(33,47,58) ; (294,143,0)
(31,39,47) ; (296,151,58)
(150,43,70) ; (105,190,61)
(70,43,75) ; (255,190,61)
(65,89,119) ; (357,144,66)
(30,82,148) ; (327,151,66)
(69,63,59) ; (220,127,83)
(71,45,136) ; (220,80,83)
(88,115,120) ; (120,0,97)
(96,69,94) ; (120,117,97)
(86,76,30) ; (291,66,101)
(101,74,46) ; (387,66,102)
(31,37,53) ; (296,153,105)
(54,117,107) ; (0,0,112)
(86,63,49) ; (0,119,112)
(64,118,37) ; (54,0,112)
(33,62,51) ; (86,120,112)
(56,41,88) ; (105,192,131)
(93,42,84) ; (161,191,131)
(84,65,53) ; (293,66,131)
(67,36,50) ; (255,197,136)
(67,44,79) ; (519,110,141)
(56,63,52) ; (220,127,142)
(99,67,34) ; (389,66,148)
(57,114,60) ; (54,0,149)
(31,37,53) ; (296,153,158)
(83,58,58) ; (0,124,161)
(33,54,54) ; (86,128,163)
(79,60,48) ; (413,0,172)
(108,39,42) ; (305,0,172)
(79,26,35) ; (334,39,172)
(21,50,30) ; (284,0,172)
(61,63,38) ; (427,66,182)
(36,59,32) ; (391,66,182)
(82,28,36) ; (295,66,184)
(84,25,32) ; (293,94,184)
(39,76,31) ; (383,157,185)
(26,86,30) ; (357,147,185)
(41,32,34) ; (255,201,186)
(87,65,29) ; (120,119,191)
(51,60,25) ; (220,130,194)
(30,50,21) ; (0,183,198)
