0.0825
51 5101
587 233 220
80
1 30 1  84 0  33 1 2
2 42 1  59 1  34 1 2
3 103 0  100 0  46 1 1
4 111 1  99 1  65 1 1
5 31 1  99 0  38 1 2
6 119 0  60 1  33 1 1
7 77 0  47 0  23 1 2
8 98 1  93 1  69 1 1
9 33 1  57 1  80 0 1
10 40 1  97 0  36 1 2
11 52 1  88 0  34 1 1
12 45 1  43 1  51 1 2
13 108 0  68 0  22 1 2
14 97 0  99 0  45 1 1
15 40 1  29 1  29 1 1
16 98 1  53 1  63 1 2
17 115 0  53 1  49 1 2
18 81 1  83 1  57 1 1
19 112 1  73 1  67 1 1
20 47 1  28 1  55 1 1
21 111 0  49 1  63 1 1
22 83 0  83 0  25 1 2
23 38 1  62 1  34 1 1
24 111 1  72 1  69 1 1
25 111 0  48 1  78 1 3
26 92 1  83 1  52 1 2
27 43 1  74 1  44 1 1
28 67 0  26 1  73 0 1
29 47 0  58 0  23 1 2
30 118 1  90 1  69 1 2
31 108 0  56 1  49 1 1
32 34 1  46 1  38 1 2
33 37 1  95 0  51 1 1
34 116 0  66 1  56 1 2
35 115 0  35 1  39 1 2
36 52 1  75 1  79 1 1
37 109 0  25 1  65 0 2
38 112 0  29 1  67 0 1
39 77 1  50 1  71 1 3
40 115 1  89 1  75 1 2
41 53 1  98 0  38 1 1
42 97 0  48 1  35 1 1
43 42 1  67 1  38 1 1
44 112 0  45 1  50 1 1
45 101 0  41 1  36 1 1
46 110 0  31 1  69 0 1
47 80 0  28 1  68 0 2
48 59 1  60 1  65 1 2
49 43 1  64 1  36 1 2
50 42 1  74 0  30 1 2
51 110 0  49 1  25 1 1
52 54 1  28 1  63 0 1
53 74 0  54 0  26 1 1
54 85 1  88 1  57 1 2
55 42 1  57 1  77 1 1
56 63 0  28 1  28 1 1
57 45 1  33 1  62 1 2
58 56 0  28 1  21 1 2
59 78 0  46 0  23 1 2
60 93 1  62 1  69 1 1
61 59 1  48 1  30 1 4
62 110 1  67 1  56 1 2
63 104 0  49 1  45 1 2
64 66 0  36 1  30 1 3
65 82 1  52 1  47 1 2
66 109 0  49 1  56 1 2
67 78 1  75 1  56 1 1
68 32 1  56 1  29 1 2
69 107 0  88 0  29 1 2
70 78 1  59 1  45 1 1
71 83 0  33 1  70 0 1
72 55 1  84 1  65 1 2
73 61 1  99 0  47 1 1
74 113 0  60 1  33 1 2
75 91 1  63 1  53 1 2
76 103 1  64 1  63 1 2
77 101 1  86 1  55 1 2
78 46 1  99 0  72 1 1
79 110 0  36 1  43 1 1
80 35 1  71 0  43 1 1
(0,0,0) ; (90,118,69)
(90,0,0) ; (180,118,69)
(0,0,69) ; (65,59,129)
(0,59,69) ; (65,118,129)
(65,0,69) ; (98,113,129)
(98,0,69) ; (146,59,99)
(98,59,69) ; (146,118,99)
(146,0,69) ; (179,113,129)
(98,0,99) ; (146,59,129)
(98,59,99) ; (146,118,129)
(475,0,0) ; (531,67,110)
(531,0,0) ; (587,67,110)
(475,0,110) ; (587,67,183)
(475,0,183) ; (518,64,219)
(518,0,183) ; (548,66,219)
(548,0,183) ; (578,66,219)
(501,67,0) ; (585,132,55)
(501,132,0) ; (587,233,55)
(501,67,55) ; (585,132,110)
(501,132,55) ; (587,233,110)
(501,67,110) ; (584,150,135)
(501,150,110) ; (584,233,135)
(0,122,0) ; (48,233,78)
(48,122,0) ; (96,233,78)
(96,122,0) ; (144,233,78)
(0,122,78) ; (63,233,127)
(63,122,78) ; (88,232,127)
(88,122,78) ; (144,231,127)
(408,73,0) ; (501,171,69)
(408,171,0) ; (501,233,69)
(376,0,0) ; (475,65,111)
(376,0,111) ; (474,63,164)
(376,0,164) ; (474,63,217)
(144,118,0) ; (219,233,89)
(219,118,0) ; (294,233,89)
(296,117,0) ; (352,233,66)
(352,117,0) ; (408,233,66)
(180,0,0) ; (268,57,85)
(180,57,0) ; (268,114,85)
(180,0,85) ; (268,107,114)
(270,0,0) ; (323,63,91)
(323,0,0) ; (376,63,91)
(270,0,91) ; (373,63,155)
(270,0,155) ; (373,63,219)
(329,65,0) ; (408,117,75)
(270,63,0) ; (329,108,78)
(297,164,66) ; (408,233,138)
(297,164,138) ; (405,232,160)
(297,164,160) ; (405,232,182)
(296,119,66) ; (408,164,116)
(409,150,69) ; (501,233,121)
(458,73,69) ; (501,147,113)
(408,73,69) ; (458,150,140)
(331,65,75) ; (408,115,146)
(331,65,146) ; (408,115,217)
(270,63,78) ; (329,105,112)
(144,118,89) ; (197,233,138)
(197,118,89) ; (250,233,138)
(250,118,89) ; (289,233,124)
(272,63,112) ; (329,105,189)
(272,63,189) ; (328,84,217)
(272,84,189) ; (328,105,217)
(458,73,113) ; (501,144,148)
(180,0,114) ; (268,107,143)
(304,119,116) ; (408,164,165)
(409,150,121) ; (501,233,173)
(250,118,124) ; (289,233,159)
(0,127,127) ; (45,231,176)
(0,127,176) ; (45,178,219)
(0,178,176) ; (45,229,219)
(45,122,127) ; (94,230,183)
(94,122,127) ; (143,231,183)
(0,0,129) ; (103,100,175)
(103,0,129) ; (175,99,175)
(503,71,135) ; (581,117,158)
(503,117,135) ; (583,150,192)
(503,150,135) ; (584,233,192)
(503,71,158) ; (541,117,192)
(541,71,158) ; (579,117,192)
(144,155,138) ; (219,233,194)
(219,159,138) ; (249,233,180)
(144,119,138) ; (245,155,179)
(144,119,179) ; (241,155,219)
(411,73,140) ; (458,150,163)
(180,0,143) ; (262,52,190)
(180,52,143) ; (262,104,190)
(459,73,148) ; (501,140,186)
(250,149,159) ; (283,233,189)
(250,120,159) ; (279,149,199)
(411,73,163) ; (458,150,186)
(310,126,165) ; (408,164,218)
(443,186,173) ; (501,233,196)
(443,186,196) ; (501,233,219)
(446,158,173) ; (501,186,220)
(409,174,173) ; (443,233,215)
(0,0,175) ; (97,99,220)
(97,0,175) ; (130,62,220)
(130,0,175) ; (163,62,220)
(97,62,175) ; (161,98,218)
(219,167,180) ; (249,233,216)
(306,170,182) ; (405,201,220)
(306,201,182) ; (405,232,220)
(45,135,183) ; (96,230,220)
(96,133,183) ; (136,230,219)
(463,73,186) ; (501,135,220)
(416,73,186) ; (458,147,216)
(250,149,189) ; (283,233,219)
(180,0,190) ; (212,56,219)
(212,0,190) ; (244,56,219)
(180,56,190) ; (258,102,213)
(511,73,192) ; (579,153,220)
(511,153,192) ; (579,233,220)
(144,166,194) ; (217,233,220)
