0.0893
8 801
587 233 220
80
1 47 1  46 1  46 1 1
2 83 0  32 1  52 1 1
3 103 0  35 1  21 1 2
4 58 0  28 1  31 1 1
5 51 1  43 1  70 1 2
6 50 0  98 0  23 1 1
7 63 0  92 0  21 1 2
8 70 1  74 1  71 1 1
9 107 0  67 1  52 1 1
10 58 1  38 1  44 1 1
11 80 1  65 1  62 1 1
12 105 0  88 0  23 1 2
13 108 0  81 0  37 1 1
14 69 1  46 1  36 1 1
15 64 1  97 1  53 1 1
16 66 0  38 1  30 1 2
17 79 1  88 1  79 1 1
18 77 1  52 1  70 1 1
19 44 1  41 1  56 1 1
20 57 1  97 1  65 1 1
21 119 0  54 1  74 1 1
22 61 1  39 1  58 1 1
23 82 0  89 0  20 1 3
24 98 0  33 1  38 1 3
25 97 0  47 1  73 1 1
26 48 1  25 1  48 1 2
27 96 0  32 1  40 1 1
28 72 1  69 1  42 1 2
29 72 0  86 0  23 1 2
30 69 1  75 1  57 1 1
31 53 0  56 0  25 1 2
32 97 1  52 1  78 1 1
33 34 1  85 0  63 1 2
34 83 0  29 1  43 1 2
35 90 0  40 1  29 1 2
36 78 1  76 1  73 1 5
37 119 0  73 1  58 1 2
38 120 0  83 1  46 1 1
39 67 0  35 1  26 1 1
40 53 1  31 1  33 1 1
41 90 0  100 0  34 1 2
42 63 1  55 1  68 1 1
43 86 0  51 0  22 1 1
44 108 0  68 1  36 1 2
45 41 1  52 1  64 1 1
46 101 1  90 1  80 1 3
47 106 0  43 1  39 1 1
48 51 1  68 1  57 1 2
49 36 1  55 1  66 1 1
50 39 1  97 0  43 1 2
51 87 0  54 1  30 1 1
52 50 0  91 0  23 1 2
53 106 0  27 1  62 0 1
54 69 0  46 0  23 1 2
55 80 1  52 1  50 1 2
56 98 1  68 1  74 1 1
57 66 1  93 1  65 1 2
58 52 1  92 0  42 1 1
59 96 0  33 1  28 1 1
60 77 0  53 1  30 1 2
61 32 1  66 0  22 1 2
62 114 0  44 1  74 1 2
63 117 1  73 1  61 1 4
64 115 0  93 0  26 1 2
65 53 1  34 1  53 1 1
66 101 0  94 0  32 1 1
67 106 1  80 1  73 1 1
68 48 1  57 1  39 1 1
69 54 1  99 1  72 1 1
70 70 1  63 1  60 1 2
71 119 0  31 1  79 0 3
72 96 0  96 0  23 1 1
73 35 1  75 0  60 1 1
74 119 1  71 1  77 1 1
75 42 1  67 0  24 1 1
76 35 1  75 0  72 0 2
77 41 1  100 0  39 1 1
78 100 1  83 1  64 1 1
79 50 0  25 1  67 0 3
80 42 1  30 1  32 1 2
(0,0,0) ; (101,90,80)
(101,0,0) ; (202,90,80)
(0,0,80) ; (100,90,114)
(100,0,80) ; (200,90,114)
(441,0,0) ; (514,119,58)
(514,0,0) ; (587,119,58)
(441,0,58) ; (514,117,119)
(514,0,58) ; (587,117,119)
(441,0,119) ; (514,117,180)
(514,0,119) ; (587,117,180)
(0,160,0) ; (78,233,76)
(78,160,0) ; (156,233,76)
(0,160,76) ; (78,233,152)
(78,160,76) ; (156,233,152)
(0,160,152) ; (75,232,187)
(75,160,152) ; (150,232,187)
(486,120,0) ; (584,153,38)
(486,153,0) ; (587,233,90)
(486,120,38) ; (584,153,76)
(486,120,76) ; (584,153,114)
(486,153,90) ; (536,233,142)
(536,153,90) ; (586,233,142)
(486,120,114) ; (582,153,142)
(0,91,0) ; (57,160,75)
(0,91,75) ; (57,159,126)
(0,91,126) ; (57,159,177)
(0,91,177) ; (55,157,213)
(442,119,0) ; (486,233,74)
(442,119,74) ; (486,233,148)
(442,119,148) ; (485,225,187)
(57,92,0) ; (165,160,36)
(57,92,36) ; (165,160,72)
(57,92,72) ; (164,159,124)
(323,154,0) ; (442,233,31)
(323,154,31) ; (442,233,62)
(323,154,62) ; (442,233,93)
(323,154,93) ; (442,231,164)
(338,0,0) ; (441,35,21)
(338,35,0) ; (441,70,21)
(338,70,0) ; (438,153,64)
(338,0,21) ; (389,70,64)
(389,0,21) ; (440,70,64)
(156,160,0) ; (236,233,106)
(156,160,106) ; (234,233,182)
(202,0,0) ; (268,93,65)
(268,0,0) ; (334,93,65)
(236,161,0) ; (322,233,23)
(236,161,23) ; (322,233,46)
(236,161,46) ; (278,233,115)
(278,161,46) ; (320,233,115)
(165,95,0) ; (218,159,97)
(218,95,0) ; (275,160,97)
(275,94,0) ; (338,154,70)
(275,94,70) ; (338,154,140)
(275,94,140) ; (336,152,179)
(340,0,64) ; (438,74,132)
(340,0,132) ; (437,73,179)
(341,74,64) ; (438,113,107)
(341,113,64) ; (438,152,107)
(341,74,107) ; (438,152,159)
(202,0,65) ; (317,93,91)
(202,0,91) ; (317,93,117)
(202,0,117) ; (265,92,138)
(265,0,117) ; (317,92,159)
(202,0,138) ; (265,92,159)
(165,96,97) ; (250,159,131)
(165,96,131) ; (250,159,165)
(250,111,97) ; (275,159,145)
(0,0,114) ; (79,88,193)
(79,0,114) ; (199,46,197)
(79,46,114) ; (135,90,155)
(135,46,114) ; (199,87,166)
(236,161,115) ; (290,233,214)
(290,167,115) ; (320,233,153)
(290,167,153) ; (320,233,191)
(57,94,124) ; (137,159,186)
(137,93,124) ; (159,159,156)
(137,93,156) ; (159,159,188)
(494,128,142) ; (582,233,165)
(494,128,165) ; (582,233,188)
(250,111,145) ; (275,159,193)
(79,46,155) ; (109,88,187)
(79,46,187) ; (109,88,219)
(202,0,159) ; (284,89,179)
(202,0,179) ; (284,89,199)
(202,0,199) ; (284,89,219)
(350,74,159) ; (403,151,189)
(403,74,159) ; (438,149,219)
(350,74,189) ; (403,151,219)
(285,0,159) ; (317,83,211)
(323,157,164) ; (442,231,218)
(165,96,165) ; (233,159,220)
(135,46,166) ; (188,80,219)
(354,0,179) ; (437,43,208)
(347,43,179) ; (437,72,219)
(283,96,179) ; (336,152,204)
(487,0,180) ; (587,41,219)
(491,41,180) ; (587,73,220)
(497,73,180) ; (587,102,220)
(443,0,180) ; (487,58,218)
(443,58,180) ; (491,115,219)
(156,187,182) ; (225,233,218)
(156,161,182) ; (223,187,217)
(57,106,186) ; (88,159,219)
(88,101,186) ; (119,159,214)
(0,165,187) ; (50,232,212)
(50,165,187) ; (100,232,212)
(100,165,187) ; (150,232,212)
(442,142,187) ; (485,225,216)
(495,179,188) ; (582,233,218)
(496,128,188) ; (582,179,210)
(0,0,193) ; (67,42,217)
(0,42,193) ; (69,88,216)
(79,0,197) ; (148,46,220)
