0.0856
15 1501
587 233 220
80
1 84 0  64 0  25 1 2
2 105 0  44 1  45 1 1
3 117 1  93 1  67 1 2
4 83 0  78 0  32 1 2
5 81 1  49 1  60 1 1
6 81 1  69 1  61 1 2
7 40 1  53 1  60 1 3
8 67 1  100 1  63 1 1
9 89 1  78 1  47 1 1
10 120 0  94 0  42 1 2
11 119 0  54 1  28 1 1
12 86 1  97 1  67 1 1
13 73 1  54 1  73 1 1
14 107 0  50 1  48 1 1
15 40 1  50 1  74 1 2
16 43 1  72 1  70 1 3
17 42 1  30 1  63 0 1
18 85 0  73 0  36 1 1
19 51 1  96 1  63 1 2
20 77 1  100 0  40 1 1
21 47 1  92 1  68 1 1
22 86 0  55 0  21 1 2
23 49 1  87 1  47 1 1
24 72 1  43 1  50 1 1
25 76 0  38 1  20 1 1
26 79 1  91 1  49 1 1
27 34 1  90 0  72 0 4
28 114 0  84 0  22 1 1
29 62 1  96 1  75 1 2
30 113 0  83 0  21 1 3
31 109 0  26 1  21 1 1
32 30 1  83 0  24 1 2
33 79 0  35 1  52 1 1
34 70 0  53 1  33 1 1
35 36 1  87 0  42 1 1
36 102 1  69 1  58 1 3
37 117 0  44 1  61 1 2
38 38 1  72 0  34 1 3
39 100 0  60 0  22 1 1
40 35 1  62 1  52 1 3
41 97 0  26 1  26 1 2
42 46 1  59 1  74 1 1
43 31 1  35 1  65 0 3
44 112 0  45 1  47 1 2
45 76 1  52 1  56 1 1
46 95 0  99 0  20 1 2
47 74 1  63 1  54 1 2
48 79 1  59 1  75 1 1
49 38 1  43 1  42 1 1
50 116 1  87 1  60 1 2
51 33 1  85 0  27 1 1
52 44 1  72 1  53 1 1
53 76 0  36 1  78 0 1
54 58 1  97 1  69 1 2
55 86 1  63 1  56 1 1
56 115 0  97 0  44 1 3
57 120 0  71 1  58 1 1
58 52 1  92 0  31 1 3
59 49 1  41 1  28 1 2
60 68 1  49 1  44 1 1
61 102 0  55 0  22 1 1
62 102 0  27 1  22 1 2
63 107 1  72 1  55 1 1
64 37 1  92 0  29 1 3
65 41 1  87 0  78 1 1
66 71 0  27 1  45 1 2
67 73 0  32 1  28 1 2
68 96 1  63 1  70 1 2
69 57 1  30 1  62 0 1
70 64 1  45 1  69 1 2
71 102 1  85 1  61 1 2
72 93 1  75 1  47 1 2
73 108 0  82 0  20 1 2
74 110 0  100 0  27 1 1
75 38 1  73 0  36 1 1
76 46 0  45 0  20 1 1
77 55 1  29 1  42 1 1
78 34 1  48 1  78 0 1
79 34 1  92 0  61 1 1
80 63 1  73 1  76 1 1
(0,0,0) ; (102,58,69)
(0,58,0) ; (102,116,69)
(0,116,0) ; (102,174,69)
(0,0,69) ; (102,85,130)
(0,85,69) ; (102,170,130)
(0,0,130) ; (100,60,152)
(0,60,130) ; (102,115,152)
(0,115,130) ; (102,142,152)
(0,142,130) ; (102,169,152)
(466,0,0) ; (517,63,96)
(517,0,0) ; (587,63,96)
(466,0,96) ; (517,63,192)
(517,0,96) ; (587,63,192)
(466,0,192) ; (585,54,220)
(401,166,0) ; (494,233,117)
(494,166,0) ; (587,233,117)
(401,166,117) ; (463,201,169)
(463,166,117) ; (525,201,169)
(525,166,117) ; (587,201,169)
(401,201,117) ; (493,232,169)
(493,201,117) ; (585,232,169)
(0,174,0) ; (75,233,79)
(512,63,0) ; (587,159,62)
(512,63,62) ; (587,159,124)
(512,63,124) ; (587,156,171)
(512,63,171) ; (587,156,218)
(75,175,0) ; (144,233,97)
(144,175,0) ; (213,233,97)
(102,0,0) ; (162,87,116)
(162,0,0) ; (222,87,116)
(102,0,116) ; (175,85,152)
(175,0,116) ; (217,87,152)
(337,0,0) ; (380,72,70)
(380,0,0) ; (423,72,70)
(423,0,0) ; (466,72,70)
(337,0,70) ; (427,72,104)
(427,0,70) ; (465,72,104)
(337,0,104) ; (427,72,138)
(427,0,104) ; (465,72,138)
(337,0,138) ; (401,69,183)
(401,0,138) ; (465,69,183)
(472,63,0) ; (512,113,74)
(472,113,0) ; (512,163,74)
(472,63,74) ; (512,163,151)
(102,87,0) ; (219,131,61)
(102,131,0) ; (219,175,61)
(102,87,61) ; (216,171,83)
(352,72,0) ; (472,166,42)
(352,72,42) ; (472,166,84)
(352,72,84) ; (424,162,118)
(424,72,84) ; (471,164,152)
(352,72,118) ; (424,162,152)
(301,170,0) ; (401,233,67)
(301,170,67) ; (343,233,97)
(343,170,67) ; (400,232,97)
(213,180,0) ; (253,233,60)
(253,180,0) ; (293,233,60)
(213,180,60) ; (292,232,95)
(222,0,0) ; (337,97,44)
(222,0,44) ; (337,97,88)
(222,0,88) ; (337,97,132)
(222,0,132) ; (259,92,161)
(259,0,132) ; (296,92,161)
(296,0,132) ; (333,92,161)
(219,97,0) ; (297,180,32)
(219,97,32) ; (297,180,64)
(297,98,0) ; (352,170,107)
(297,98,107) ; (350,170,151)
(219,102,64) ; (295,180,100)
(0,179,79) ; (74,233,142)
(0,179,142) ; (71,206,187)
(0,206,142) ; (71,233,187)
(102,88,83) ; (215,171,104)
(102,88,104) ; (215,171,125)
(102,88,125) ; (215,171,146)
(213,183,95) ; (292,232,186)
(213,183,186) ; (291,231,220)
(75,179,97) ; (149,233,160)
(149,177,97) ; (212,233,183)
(319,171,97) ; (400,232,166)
(219,104,100) ; (292,180,163)
(219,104,163) ; (292,177,217)
(102,88,146) ; (132,171,170)
(132,88,146) ; (162,171,170)
(102,88,170) ; (162,169,219)
(162,128,146) ; (212,171,218)
(162,88,146) ; (215,128,206)
(474,63,151) ; (512,136,187)
(301,126,151) ; (350,170,219)
(301,98,151) ; (350,126,192)
(0,0,152) ; (97,86,219)
(0,88,152) ; (69,169,213)
(102,0,152) ; (210,82,172)
(102,0,172) ; (210,82,192)
(69,96,152) ; (97,169,184)
(69,96,184) ; (97,169,216)
(359,72,152) ; (471,117,199)
(359,117,152) ; (471,162,199)
(359,72,199) ; (414,158,220)
(414,72,199) ; (469,158,220)
(75,187,160) ; (149,233,219)
(222,0,161) ; (329,48,211)
(222,48,161) ; (327,92,206)
(324,176,166) ; (400,232,218)
(493,180,169) ; (585,232,200)
(409,168,169) ; (493,232,194)
(409,168,194) ; (493,232,219)
(373,0,183) ; (465,61,217)
(149,178,183) ; (191,233,212)
(338,0,183) ; (373,65,214)
(0,180,187) ; (70,233,220)
(477,63,187) ; (512,128,218)
(102,0,192) ; (187,33,219)
(102,33,192) ; (143,82,220)
(143,33,192) ; (188,79,212)
(509,194,200) ; (585,232,220)
