0.0799
3 301
587 233 220
80
1 45 1  55 1  60 1 2
2 110 0  38 1  64 1 1
3 87 1  52 1  71 1 1
4 98 0  55 0  25 1 2
5 78 1  56 1  49 1 1
6 104 0  70 1  52 1 2
7 69 1  69 1  52 1 2
8 117 0  39 1  64 1 2
9 69 1  72 1  79 1 2
10 45 1  27 1  49 1 2
11 48 0  29 1  24 1 1
12 104 0  54 0  27 1 1
13 101 0  72 0  36 1 1
14 72 1  81 1  75 1 1
15 113 0  61 0  24 1 1
16 81 0  38 1  54 1 1
17 57 1  52 1  54 1 1
18 93 1  99 1  78 1 1
19 120 0  53 1  58 1 2
20 31 1  45 1  30 1 1
21 81 1  90 1  73 1 2
22 39 1  94 0  51 1 1
23 58 1  32 1  73 0 1
24 82 0  75 0  36 1 1
25 98 1  90 1  52 1 1
26 47 1  68 1  52 1 1
27 57 1  99 0  34 1 2
28 89 1  67 1  47 1 1
29 38 1  32 1  35 1 2
30 33 1  47 1  47 1 1
31 60 1  70 1  47 1 2
32 80 1  86 1  71 1 1
33 101 0  94 1  49 1 2
34 34 1  45 1  30 1 3
35 55 1  78 1  80 1 1
36 68 1  39 1  50 1 1
37 110 0  83 0  28 1 3
38 91 1  86 1  54 1 1
39 98 0  34 1  48 1 1
40 97 0  34 1  71 0 2
41 86 0  88 0  34 1 2
42 100 1  81 1  61 1 1
43 32 1  41 1  40 1 1
44 43 1  76 1  48 1 1
45 84 1  62 1  80 1 2
46 74 0  81 0  20 1 1
47 64 0  85 0  30 1 1
48 44 1  42 1  79 1 2
49 78 1  42 1  46 1 3
50 73 0  99 0  30 1 1
51 84 1  95 0  43 1 2
52 73 1  97 1  80 1 2
53 85 1  97 1  49 1 1
54 37 1  75 0  66 1 1
55 56 0  49 1  25 1 1
56 82 0  58 0  24 1 1
57 96 0  35 1  32 1 2
58 33 1  28 1  69 0 1
59 97 0  62 1  41 1 2
60 78 0  69 0  21 1 2
61 107 0  71 1  42 1 2
62 48 1  70 1  67 1 1
63 43 1  51 1  29 1 1
64 89 1  84 1  79 1 3
65 45 1  52 1  45 1 1
66 44 1  26 1  53 0 2
67 72 1  79 1  68 1 2
68 79 1  74 1  40 1 2
69 37 1  72 1  66 1 2
70 104 0  84 1  52 1 1
71 38 1  42 1  52 1 1
72 40 1  42 1  77 1 1
73 37 1  48 1  54 1 2
74 46 1  76 1  59 1 1
75 45 1  57 1  63 1 1
76 70 1  88 1  64 1 2
77 109 0  30 1  64 0 3
78 88 1  95 1  77 1 2
79 77 0  71 1  37 1 1
80 48 1  84 0  32 1 1
(0,0,0) ; (89,79,84)
(89,0,0) ; (178,79,84)
(0,0,84) ; (42,79,128)
(42,0,84) ; (131,79,168)
(131,0,84) ; (177,78,126)
(131,0,126) ; (177,78,168)
(0,0,128) ; (42,77,168)
(332,0,0) ; (407,72,81)
(407,0,0) ; (497,73,81)
(497,0,0) ; (587,73,81)
(332,0,81) ; (429,71,115)
(429,0,81) ; (508,72,149)
(508,0,81) ; (587,72,149)
(332,0,115) ; (429,71,149)
(0,79,0) ; (95,156,88)
(0,156,0) ; (95,233,88)
(0,79,88) ; (94,180,137)
(0,180,88) ; (90,232,186)
(0,79,137) ; (94,180,186)
(508,159,0) ; (587,233,40)
(508,159,40) ; (587,233,80)
(508,159,80) ; (587,231,149)
(508,159,149) ; (587,231,218)
(507,73,0) ; (587,159,71)
(507,73,71) ; (587,157,133)
(507,73,133) ; (587,157,195)
(411,160,0) ; (508,233,80)
(411,160,80) ; (508,233,160)
(95,79,0) ; (199,149,52)
(95,149,0) ; (199,233,52)
(412,73,0) ; (507,116,84)
(412,116,0) ; (507,159,84)
(412,73,84) ; (503,159,138)
(301,79,0) ; (411,162,28)
(301,162,0) ; (408,233,42)
(301,79,28) ; (411,162,56)
(301,162,42) ; (408,233,84)
(301,79,56) ; (411,162,84)
(178,0,0) ; (277,78,93)
(199,155,0) ; (241,233,46)
(241,155,0) ; (300,231,46)
(277,0,0) ; (332,78,80)
(199,78,0) ; (298,151,30)
(199,78,30) ; (246,148,90)
(246,78,30) ; (293,148,90)
(199,159,46) ; (300,231,82)
(95,163,52) ; (199,233,104)
(95,163,104) ; (147,232,173)
(147,163,104) ; (199,232,173)
(95,82,52) ; (195,163,113)
(277,0,80) ; (332,45,140)
(277,0,140) ; (304,45,189)
(304,0,140) ; (331,45,189)
(277,0,189) ; (330,44,215)
(285,45,80) ; (332,78,127)
(199,160,82) ; (251,231,169)
(199,160,169) ; (251,228,216)
(251,161,82) ; (299,231,149)
(302,113,84) ; (355,233,142)
(355,113,84) ; (408,233,142)
(309,79,84) ; (408,113,141)
(199,78,90) ; (287,148,154)
(199,78,154) ; (287,148,218)
(178,0,93) ; (275,41,155)
(178,0,155) ; (275,41,217)
(178,41,93) ; (277,75,150)
(95,82,113) ; (133,163,167)
(133,85,113) ; (189,163,162)
(287,45,127) ; (332,76,157)
(415,73,138) ; (503,159,172)
(310,79,141) ; (408,113,189)
(344,116,142) ; (408,233,181)
(344,116,181) ; (408,233,220)
(306,123,142) ; (344,233,206)
(368,0,149) ; (443,66,186)
(443,0,149) ; (515,66,186)
(515,0,149) ; (587,66,186)
(368,0,186) ; (477,64,216)
(477,0,186) ; (586,64,216)
(333,0,149) ; (368,38,181)
(333,0,181) ; (368,38,213)
(251,171,149) ; (296,231,204)
(334,38,149) ; (368,68,194)
(178,41,150) ; (274,73,185)
(178,41,185) ; (274,73,220)
(287,45,157) ; (332,75,191)
(476,160,160) ; (508,233,218)
(413,188,160) ; (476,233,217)
(420,163,160) ; (476,188,209)
(133,111,162) ; (187,163,219)
(133,85,162) ; (186,111,206)
(95,109,167) ; (132,163,215)
(0,0,168) ; (29,43,219)
(29,0,168) ; (123,39,219)
(0,43,168) ; (30,77,213)
(30,39,168) ; (72,77,220)
(72,39,168) ; (126,76,216)
(123,0,168) ; (164,32,208)
(126,32,168) ; (171,77,220)
(427,73,172) ; (503,116,220)
(424,117,172) ; (503,159,216)
(95,165,173) ; (184,232,220)
(0,146,186) ; (88,232,220)
(0,79,186) ; (85,143,216)
(339,79,189) ; (408,112,217)
(513,73,195) ; (587,154,215)
