0.0851
50 5001
587 233 220
80
1 34 1  47 1  63 1 1
2 36 1  99 0  65 1 4
3 58 0  87 0  26 1 2
4 60 0  27 1  30 1 4
5 94 0  27 1  58 0 1
6 91 1  74 1  56 1 1
7 92 1  61 1  60 1 2
8 99 0  40 1  24 1 2
9 77 0  94 0  25 1 2
10 86 0  34 1  52 1 2
11 37 1  67 1  58 1 3
12 35 1  47 1  62 1 1
13 49 1  85 1  48 1 1
14 74 0  54 0  24 1 3
15 103 0  68 0  29 1 1
16 51 1  100 0  39 1 3
17 68 1  58 1  49 1 1
18 36 1  99 0  32 1 2
19 97 0  78 0  20 1 3
20 94 0  89 0  29 1 1
21 43 1  31 1  57 1 1
22 74 1  100 1  73 1 2
23 72 0  74 0  25 1 1
24 50 0  100 0  21 1 2
25 43 1  54 1  56 1 2
26 67 0  33 1  35 1 1
27 54 1  51 1  41 1 1
28 96 1  79 1  78 1 1
29 55 1  30 1  29 1 3
30 100 0  37 1  41 1 1
31 112 0  87 1  52 1 1
32 112 0  36 1  49 1 1
33 53 1  66 1  73 1 2
34 70 1  72 1  74 1 2
35 87 1  71 1  62 1 1
36 55 1  65 1  76 1 1
37 74 0  61 0  30 1 2
38 40 1  77 0  26 1 2
39 77 1  54 1  72 1 1
40 50 1  33 1  46 1 3
41 107 0  82 1  45 1 1
42 36 1  93 0  50 1 2
43 41 1  43 1  38 1 1
44 71 1  68 1  43 1 2
45 58 1  62 1  65 1 2
46 77 1  68 1  57 1 3
47 112 0  40 1  35 1 1
48 57 1  88 0  30 1 1
49 116 0  74 1  56 1 3
50 85 1  51 1  51 1 3
51 119 0  25 1  26 1 3
52 67 0  92 0  21 1 3
53 100 0  25 1  28 1 2
54 95 0  40 1  51 1 2
55 74 0  60 1  35 1 1
56 102 1  56 1  77 1 2
57 73 0  34 1  70 0 3
58 119 0  38 1  39 1 2
59 34 1  62 1  40 1 1
60 78 0  50 1  26 1 1
61 49 1  76 1  76 1 1
62 120 0  49 1  41 1 2
63 82 1  89 1  73 1 2
64 84 0  85 0  42 1 1
65 40 1  85 0  70 1 1
66 98 1  59 1  74 1 1
67 63 1  78 1  51 1 1
68 35 1  88 0  76 0 1
69 113 0  96 0  32 1 1
70 90 0  40 1  32 1 1
71 76 1  96 0  44 1 3
72 95 0  93 0  34 1 1
73 79 0  100 0  30 1 1
74 41 1  91 0  57 1 2
75 74 1  92 1  72 1 2
76 80 1  98 1  63 1 2
77 52 1  60 1  69 1 1
78 90 0  40 1  45 1 3
79 75 1  85 1  65 1 1
80 57 1  93 0  41 1 1
(207,74,162) ; (0,0,0)
(74,100,217) ; (0,133,0)
(72,93,219) ; (515,0,0)
(152,98,163) ; (435,135,0)
(204,77,178) ; (311,0,0)
(162,99,135) ; (74,134,0)
(201,58,102) ; (0,74,0)
(93,41,171) ; (494,93,0)
(146,89,134) ; (289,144,0)
(116,56,191) ; (378,77,0)
(100,92,122) ; (207,0,0)
(51,100,138) ; (236,133,0)
(71,62,87) ; (307,77,0)
(99,40,24) ; (201,92,0)
(95,40,102) ; (201,92,24)
(69,60,52) ; (309,77,87)
(120,49,82) ; (0,74,102)
(77,52,40) ; (120,74,102)
(100,79,50) ; (207,0,122)
(62,35,47) ; (201,92,126)
(29,30,55) ; (263,92,126)
(52,86,85) ; (383,144,134)
(94,77,50) ; (289,153,134)
(151,51,85) ; (74,181,135)
(107,45,82) ; (74,136,135)
(51,41,54) ; (181,140,135)
(50,100,21) ; (236,133,138)
(30,60,81) ; (348,77,139)
(31,57,43) ; (317,77,139)
(76,49,76) ; (120,74,142)
(41,100,61) ; (236,133,159)
(49,68,58) ; (0,0,162)
(71,68,43) ; (49,0,162)
(77,72,54) ; (120,0,162)
(93,95,34) ; (494,136,163)
(58,94,27) ; (436,137,163)
(90,40,45) ; (495,93,171)
(96,76,44) ; (207,0,172)
(62,34,40) ; (201,92,173)
(85,70,40) ; (430,0,178)
(43,38,41) ; (387,0,178)
(112,35,40) ; (318,38,178)
(67,33,35) ; (320,0,178)
(30,55,29) ; (318,77,182)
(112,49,36) ; (0,74,184)
(88,76,35) ; (295,154,184)
(57,88,30) ; (437,143,190)
(30,55,29) ; (456,77,191)
(78,50,26) ; (378,77,191)
(92,67,21) ; (495,164,197)
