0.0913
54 5401
587 233 220
80
1 30 1  98 0  33 1 1
2 113 0  87 1  51 1 2
3 71 0  43 1  35 1 2
4 55 1  73 0  31 1 2
5 31 1  32 1  57 1 2
6 95 1  84 1  77 1 1
7 46 1  28 1  80 0 1
8 32 1  93 0  43 1 2
9 114 0  73 0  34 1 3
10 59 1  38 1  38 1 1
11 30 1  57 1  38 1 3
12 65 1  45 1  77 1 2
13 52 1  47 1  35 1 2
14 91 1  92 1  53 1 2
15 43 1  46 1  78 1 2
16 86 0  26 1  77 0 2
17 65 1  50 1  41 1 1
18 30 1  34 1  36 1 1
19 56 0  49 0  24 1 3
20 42 1  48 1  56 1 2
21 58 1  57 1  52 1 1
22 45 1  100 0  58 1 2
23 115 0  27 1  76 0 2
24 73 0  39 1  26 1 1
25 116 1  64 1  67 1 1
26 45 1  42 1  68 1 4
27 73 1  78 1  46 1 1
28 65 1  96 0  47 1 1
29 34 1  85 0  38 1 2
30 76 1  93 0  45 1 1
31 63 1  32 1  72 0 1
32 84 1  82 1  70 1 1
33 96 1  61 1  70 1 3
34 102 0  37 1  30 1 1
35 91 0  56 0  22 1 3
36 118 0  67 0  22 1 1
37 66 0  35 1  30 1 1
38 42 1  41 1  45 1 2
39 120 0  49 1  30 1 2
40 57 1  76 1  61 1 1
41 65 1  90 0  38 1 1
42 32 1  63 1  42 1 3
43 31 1  60 1  70 0 1
44 47 1  75 1  77 1 2
45 51 1  99 0  37 1 1
46 73 1  93 1  70 1 3
47 114 0  42 1  52 1 2
48 120 1  64 1  66 1 1
49 69 1  47 1  69 1 2
50 63 1  93 1  68 1 1
51 77 1  88 0  39 1 2
52 101 1  81 1  75 1 1
53 98 0  55 1  35 1 1
54 41 1  28 1  32 1 1
55 102 0  32 1  78 0 1
56 111 0  45 1  33 1 2
57 85 1  68 1  71 1 1
58 83 0  95 0  36 1 3
59 86 1  93 1  77 1 2
60 116 0  89 0  30 1 1
61 74 0  33 1  42 1 3
62 47 1  68 1  47 1 1
63 90 0  38 1  34 1 1
64 49 1  56 1  52 1 1
65 50 1  90 1  51 1 3
66 118 0  79 0  34 1 1
67 68 1  98 1  66 1 1
68 63 1  65 1  39 1 1
69 96 0  29 1  38 1 1
70 58 1  73 1  75 1 2
71 32 1  38 1  69 0 2
72 105 0  95 0  41 1 2
73 99 1  100 1  75 1 2
74 104 0  60 1  38 1 2
75 65 0  26 1  48 1 2
76 40 1  71 1  61 1 1
77 35 1  53 1  72 0 2
78 44 1  65 1  46 1 2
79 82 0  86 0  37 1 1
80 81 0  47 1  29 1 1
(0,0,0) ; (77,86,26)
(77,0,0) ; (154,86,26)
(0,0,26) ; (77,86,119)
(77,0,26) ; (154,86,119)
(0,0,119) ; (45,42,187)
(0,42,119) ; (45,84,187)
(45,0,119) ; (116,85,187)
(116,0,119) ; (154,85,153)
(116,0,153) ; (154,85,187)
(377,0,0) ; (447,96,61)
(447,0,0) ; (517,96,61)
(517,0,0) ; (587,96,61)
(377,0,61) ; (482,95,102)
(482,0,61) ; (587,95,102)
(377,0,102) ; (447,93,175)
(447,0,102) ; (517,93,175)
(517,0,102) ; (587,93,175)
(0,132,0) ; (75,233,81)
(0,132,81) ; (75,232,180)
(0,132,180) ; (71,175,215)
(0,175,180) ; (72,228,215)
(476,100,0) ; (534,200,45)
(534,100,0) ; (585,150,90)
(534,150,0) ; (585,200,90)
(476,200,0) ; (587,233,45)
(476,100,45) ; (534,200,90)
(476,200,45) ; (587,233,90)
(75,156,0) ; (170,233,84)
(75,156,84) ; (122,233,159)
(122,156,84) ; (169,233,159)
(75,156,159) ; (105,194,216)
(75,194,159) ; (105,232,216)
(105,156,159) ; (166,232,216)
(0,86,0) ; (78,132,43)
(0,86,43) ; (78,132,86)
(0,86,86) ; (77,131,151)
(248,181,0) ; (362,233,42)
(362,181,0) ; (476,233,42)
(248,181,42) ; (361,232,129)
(361,181,42) ; (474,232,129)
(154,0,0) ; (227,75,58)
(227,0,0) ; (300,75,58)
(154,0,58) ; (196,74,91)
(196,0,58) ; (296,75,157)
(154,0,91) ; (196,74,124)
(154,0,124) ; (196,74,157)
(78,103,0) ; (170,156,91)
(78,103,91) ; (169,156,183)
(381,98,0) ; (476,181,36)
(381,98,36) ; (476,181,72)
(381,98,72) ; (476,181,108)
(170,187,0) ; (248,233,73)
(170,187,73) ; (247,232,138)
(301,0,0) ; (377,115,27)
(301,0,27) ; (377,115,54)
(301,0,54) ; (374,114,88)
(170,76,0) ; (239,123,69)
(170,123,0) ; (237,187,116)
(170,76,69) ; (238,123,116)
(283,115,0) ; (381,181,68)
(283,115,68) ; (331,180,94)
(331,115,68) ; (379,180,94)
(239,77,0) ; (277,181,60)
(239,77,60) ; (277,181,120)
(239,77,120) ; (276,179,150)
(301,0,88) ; (374,114,122)
(301,0,122) ; (374,114,156)
(301,0,156) ; (374,55,187)
(301,55,156) ; (374,110,187)
(515,149,90) ; (585,233,172)
(515,149,172) ; (583,191,217)
(515,191,172) ; (583,233,217)
(476,145,90) ; (515,233,167)
(515,102,90) ; (550,149,142)
(550,102,90) ; (585,149,142)
(515,102,142) ; (584,149,211)
(483,103,90) ; (515,145,153)
(483,103,153) ; (515,145,216)
(283,115,94) ; (379,180,141)
(384,99,108) ; (430,143,173)
(430,99,108) ; (476,143,173)
(384,143,108) ; (474,181,173)
(170,115,116) ; (233,187,148)
(170,76,116) ; (227,114,146)
(424,181,129) ; (474,232,219)
(304,183,129) ; (424,232,159)
(304,183,159) ; (424,232,189)
(304,183,189) ; (360,232,213)
(360,183,189) ; (416,232,213)
(248,184,129) ; (304,232,171)
(248,184,171) ; (304,232,213)
(170,187,138) ; (212,232,179)
(170,187,179) ; (212,232,220)
(212,190,138) ; (244,232,201)
(286,116,141) ; (379,148,184)
(286,148,141) ; (379,180,184)
(170,76,146) ; (227,108,177)
(170,116,148) ; (231,187,188)
(170,116,188) ; (230,186,219)
(239,80,150) ; (276,179,201)
(0,86,151) ; (71,129,186)
(154,0,157) ; (247,68,220)
(247,0,157) ; (286,65,220)
(480,161,167) ; (515,233,220)
(445,100,173) ; (474,181,220)
(417,101,173) ; (445,181,219)
(385,112,173) ; (417,181,211)
(511,0,175) ; (587,93,220)
(455,0,175) ; (511,91,197)
(455,0,197) ; (511,91,219)
(378,0,175) ; (455,88,214)
(170,76,177) ; (227,108,208)
(78,118,183) ; (168,156,217)
(313,150,184) ; (379,180,219)
(345,120,184) ; (379,150,220)
(304,122,184) ; (345,150,216)
(0,86,186) ; (69,124,218)
(0,0,187) ; (102,78,219)
(102,0,187) ; (141,73,213)
(344,0,187) ; (374,98,220)
(306,0,187) ; (344,96,216)
