0.0772
73 7301
587 233 220
80
1 68 1  60 1  37 1 1
2 98 0  75 0  26 1 1
3 80 0  36 1  50 1 1
4 75 1  91 1  54 1 1
5 91 1  59 1  79 1 2
6 104 0  43 1  71 1 1
7 87 0  89 0  24 1 1
8 41 1  33 1  75 0 2
9 93 0  63 1  32 1 1
10 79 0  95 0  37 1 1
11 109 1  89 1  72 1 2
12 49 1  86 1  56 1 3
13 104 0  91 0  44 1 1
14 90 0  29 1  40 1 1
15 115 0  52 1  66 1 1
16 34 1  96 0  47 1 1
17 99 1  98 1  79 1 4
18 39 1  34 1  20 1 1
19 82 1  91 1  76 1 3
20 58 1  35 1  48 1 3
21 75 0  29 1  24 1 1
22 61 1  45 1  74 1 3
23 109 0  25 1  59 0 1
24 55 1  89 1  78 1 1
25 85 0  46 1  39 1 1
26 49 1  48 1  60 1 2
27 120 0  48 1  50 1 1
28 53 1  97 1  68 1 2
29 91 0  31 1  46 1 2
30 39 1  54 1  50 1 1
31 55 1  78 1  56 1 1
32 70 1  80 1  79 1 1
33 78 0  33 1  68 0 1
34 77 1  41 1  52 1 2
35 74 0  34 1  68 0 2
36 76 0  30 1  53 1 2
37 85 1  79 1  58 1 2
38 102 0  33 1  29 1 3
39 103 1  54 1  80 1 2
40 112 0  43 1  43 1 1
41 89 1  71 1  59 1 2
42 74 1  82 1  59 1 1
43 51 0  45 0  21 1 2
44 55 1  43 1  30 1 3
45 111 0  96 0  45 1 1
46 68 1  96 1  51 1 1
47 93 1  53 1  79 1 1
48 109 1  100 1  66 1 1
49 89 1  51 1  72 1 1
50 48 1  32 1  37 1 1
51 107 0  68 1  46 1 2
52 54 0  27 1  48 1 1
53 103 0  50 1  33 1 1
54 60 1  33 1  43 1 2
55 58 1  99 1  77 1 1
56 44 1  75 0  33 1 1
57 91 1  59 1  74 1 1
58 33 1  91 0  51 1 1
59 112 0  31 1  73 0 1
60 81 1  97 0  47 1 2
61 38 1  47 1  65 1 2
62 64 1  70 1  41 1 1
63 106 0  25 1  36 1 2
64 86 0  56 1  38 1 1
65 51 0  43 0  20 1 1
66 81 0  71 0  29 1 3
67 112 0  85 0  41 1 1
68 91 0  63 0  31 1 1
69 70 1  46 1  73 1 1
70 69 1  46 1  45 1 1
71 79 0  37 1  28 1 2
72 31 1  50 1  67 0 1
73 61 1  98 1  77 1 2
74 61 1  48 1  65 1 1
75 57 1  72 0  35 1 1
76 39 1  45 1  79 0 1
77 64 1  38 1  41 1 1
78 48 1  79 1  47 1 1
79 35 1  64 0  20 1 2
80 82 1  62 1  72 1 2
(196,158,99) ; (0,0,0)
(228,91,141) ; (359,0,0)
(89,72,218) ; (498,161,0)
(183,74,127) ; (0,159,0)
(107,68,218) ; (480,93,0)
(86,56,215) ; (412,177,0)
(116,85,120) ; (364,92,0)
(103,54,80) ; (309,179,0)
(79,70,113) ; (183,163,0)
(162,97,47) ; (196,0,0)
(46,70,118) ; (262,163,0)
(115,66,93) ; (196,97,0)
(52,82,77) ; (312,97,0)
(51,96,68) ; (196,0,47)
(111,96,70) ; (247,0,47)
(50,80,36) ; (314,99,77)
(103,54,80) ; (309,179,80)
(74,59,126) ; (196,102,93)
(35,64,40) ; (270,97,93)
(55,78,119) ; (0,0,99)
(99,77,119) ; (55,0,99)
(123,79,90) ; (0,79,99)
(41,64,70) ; (154,0,99)
(71,81,87) ; (123,77,99)
(74,68,68) ; (183,163,113)
(48,79,47) ; (316,100,113)
(51,91,105) ; (196,0,115)
(104,91,44) ; (249,0,117)
(43,60,66) ; (262,172,118)
(109,66,100) ; (367,111,120)
(104,71,43) ; (0,160,127)
(79,59,91) ; (104,172,127)
(35,58,48) ; (270,103,133)
(98,61,77) ; (482,0,141)
(106,25,36) ; (474,61,141)
(55,56,78) ; (427,0,141)
(65,47,76) ; (362,0,141)
(103,33,79) ; (371,56,141)
(97,49,60) ; (315,184,160)
(48,70,58) ; (316,109,160)
(63,91,31) ; (290,0,161)
(40,90,29) ; (249,0,161)
(39,54,50) ; (154,0,169)
(31,67,50) ; (0,164,170)
(61,65,48) ; (31,166,170)
(75,24,29) ; (505,61,177)
(60,68,37) ; (183,163,181)
(32,48,37) ; (270,113,181)
(43,55,30) ; (262,177,184)
(44,75,33) ; (123,83,186)
(20,39,34) ; (167,119,186)
(112,73,31) ; (0,82,189)
(37,79,28) ; (249,0,190)
(54,48,27) ; (299,0,192)
(51,43,20) ; (302,48,192)
