0.0954
96 9601
587 233 220
80
1 66 0  31 1  59 1 2
2 57 1  90 1  54 1 1
3 100 0  48 1  50 1 2
4 120 0  94 0  41 1 1
5 88 1  51 1  61 1 1
6 110 0  60 1  33 1 3
7 57 1  54 1  53 1 1
8 84 0  100 0  37 1 2
9 93 1  51 1  51 1 1
10 106 1  71 1  63 1 2
11 32 1  68 0  56 1 2
12 88 0  90 0  35 1 2
13 117 0  48 1  62 1 3
14 98 0  41 1  26 1 2
15 94 1  97 1  60 1 2
16 36 1  82 0  51 1 1
17 32 1  95 0  26 1 1
18 116 0  43 1  75 1 1
19 63 1  73 1  50 1 2
20 91 1  96 1  66 1 2
21 73 1  82 1  61 1 1
22 66 0  56 0  24 1 2
23 35 1  74 0  40 1 3
24 35 1  96 0  63 1 1
25 91 1  47 1  66 1 1
26 39 1  30 1  69 0 1
27 108 0  32 1  72 0 2
28 42 1  58 1  33 1 2
29 96 0  70 0  27 1 1
30 64 1  86 0  38 1 2
31 115 1  60 1  75 1 1
32 51 1  73 1  51 1 1
33 42 1  54 1  65 1 2
34 106 0  44 1  23 1 1
35 40 1  35 1  70 0 1
36 31 1  70 0  62 0 2
37 30 1  48 0  20 1 1
38 120 0  58 1  31 1 2
39 82 0  39 1  59 1 1
40 34 1  34 1  74 0 5
41 105 1  89 1  55 1 2
42 78 1  94 0  41 1 3
43 86 0  38 1  51 1 2
44 68 1  38 1  67 1 1
45 37 1  32 1  34 1 5
46 57 1  50 1  51 1 2
47 99 0  73 0  33 1 2
48 73 1  94 0  43 1 2
49 65 1  89 1  80 1 2
50 36 1  89 0  51 1 2
51 83 0  30 1  67 0 2
52 31 1  45 1  47 1 1
53 61 1  31 1  59 1 3
54 87 0  36 1  63 1 3
55 116 0  72 1  43 1 1
56 79 1  85 1  45 1 3
57 78 1  97 1  60 1 1
58 98 0  39 1  20 1 2
59 116 0  37 1  59 1 1
60 106 1  75 1  66 1 1
61 102 0  47 1  57 1 1
62 80 0  96 0  29 1 2
63 42 1  26 1  75 0 1
64 56 1  50 1  60 1 4
65 33 1  52 1  48 1 1
66 112 0  26 1  26 1 1
67 37 1  48 1  44 1 2
68 119 0  81 0  37 1 1
69 64 0  67 0  20 1 1
70 54 1  68 0  32 1 3
71 54 1  78 1  66 1 1
72 67 1  100 0  39 1 2
73 32 1  51 1  29 1 1
74 77 0  38 1  74 1 2
75 58 1  56 1  35 1 2
76 110 0  70 1  50 1 1
77 41 1  89 0  32 1 2
78 103 0  25 1  54 0 2
79 103 0  100 0  20 1 3
80 92 0  29 1  53 1 2
(108,229,63) ; (0,0,0)
(96,66,217) ; (491,0,0)
(68,166,142) ; (519,67,0)
(123,94,216) ; (396,139,0)
(117,62,219) ; (374,0,0)
(215,100,97) ; (108,0,0)
(96,133,58) ; (108,100,0)
(100,73,156) ; (419,66,0)
(105,89,146) ; (291,144,0)
(85,79,135) ; (204,154,0)
(51,100,105) ; (323,0,0)
(38,77,148) ; (381,62,0)
(57,54,90) ; (204,100,0)
(116,43,147) ; (265,101,0)
(89,82,162) ; (108,151,58)
(88,51,61) ; (108,100,58)
(106,75,106) ; (0,0,63)
(39,100,154) ; (0,129,63)
(66,112,84) ; (39,117,63)
(98,41,72) ; (0,75,63)
(54,53,57) ; (204,101,90)
(180,88,73) ; (108,0,97)
(31,61,120) ; (289,0,97)
(32,34,74) ; (288,61,97)
(50,100,48) ; (323,0,105)
(51,51,93) ; (108,100,119)
(33,48,52) ; (159,103,119)
(69,39,30) ; (0,75,135)
(29,32,51) ; (69,75,135)
(61,73,82) ; (204,160,135)
(20,48,30) ; (265,185,135)
(60,97,78) ; (524,136,142)
(59,66,31) ; (525,67,142)
(94,86,73) ; (299,147,146)
(60,110,33) ; (39,117,147)
(51,51,73) ; (204,103,147)
(75,42,26) ; (306,102,147)
(37,34,32) ; (265,110,147)
(34,74,34) ; (385,62,148)
(47,91,66) ; (326,0,153)
(62,70,62) ; (453,66,156)
(31,66,59) ; (422,66,156)
(68,32,54) ; (0,75,165)
(82,36,51) ; (0,0,169)
(86,38,51) ; (0,36,169)
(110,70,50) ; (108,0,170)
(67,83,30) ; (218,0,170)
(31,47,45) ; (159,104,171)
(54,65,42) ; (530,67,173)
(70,40,35) ; (311,104,173)
(59,82,39) ; (39,145,180)
(34,74,34) ; (385,62,182)
(64,67,20) ; (218,0,200)
