0.0916
89 8901
587 233 220
80
1 105 0  44 1  47 1 3
2 48 1  68 1  79 1 1
3 30 1  45 0  20 1 2
4 34 1  97 0  66 1 2
5 92 0  95 0  36 1 2
6 40 1  65 1  65 1 3
7 107 0  48 1  61 1 1
8 97 0  79 0  36 1 1
9 86 0  42 1  47 1 2
10 109 0  68 0  20 1 2
11 77 0  27 1  28 1 1
12 63 1  51 1  75 1 1
13 34 1  59 1  56 1 3
14 111 0  100 0  39 1 1
15 33 1  92 0  40 1 3
16 69 1  45 1  61 1 1
17 77 1  72 1  73 1 1
18 35 1  99 0  26 1 2
19 116 0  43 1  62 1 3
20 116 0  34 1  47 1 2
21 59 0  26 1  36 1 2
22 34 1  88 0  51 1 1
23 100 1  98 1  72 1 2
24 112 0  25 1  31 1 4
25 118 0  70 0  22 1 1
26 37 1  48 1  66 1 2
27 66 1  81 1  52 1 2
28 61 1  92 0  38 1 1
29 73 0  66 0  21 1 2
30 97 1  73 1  78 1 1
31 61 1  43 1  45 1 2
32 113 1  73 1  72 1 1
33 69 1  54 1  39 1 2
34 96 1  83 1  63 1 1
35 86 0  35 1  72 0 2
36 48 0  56 0  23 1 3
37 46 1  52 0  24 1 1
38 103 1  61 1  53 1 4
39 84 1  46 1  71 1 1
40 83 1  56 1  43 1 2
41 105 0  59 1  32 1 1
42 90 1  73 1  48 1 1
43 87 0  49 0  24 1 5
44 102 0  36 1  61 1 4
45 88 0  34 1  56 1 1
46 101 0  66 0  32 1 3
47 89 0  60 1  31 1 2
48 100 0  79 1  46 1 2
49 102 0  45 1  26 1 5
50 106 1  54 1  72 1 1
51 91 0  53 1  32 1 1
52 103 0  45 1  46 1 1
53 56 0  49 0  21 1 3
54 37 1  29 1  74 0 3
55 36 1  95 0  35 1 1
56 52 1  64 0  28 1 3
57 54 1  36 1  42 1 2
58 79 1  98 0  46 1 1
59 84 1  75 1  63 1 1
60 58 1  100 0  34 1 2
61 31 1  85 0  74 0 3
62 89 0  65 0  31 1 2
63 42 1  27 1  78 0 1
64 73 1  78 1  53 1 1
65 105 1  64 1  62 1 1
66 81 0  70 0  33 1 2
67 95 0  84 0  36 1 2
68 50 1  73 1  73 1 1
69 58 1  57 1  56 1 1
70 81 0  89 0  38 1 1
71 116 0  32 1  42 1 2
72 76 1  90 1  78 1 3
73 39 1  82 0  58 1 1
74 62 1  32 1  44 1 2
75 53 0  28 1  24 1 1
76 106 0  51 1  30 1 1
77 73 1  93 1  80 1 1
78 69 0  25 1  63 0 2
79 35 1  98 0  66 1 1
80 80 0  44 1  34 1 3
(105,160,106) ; (0,0,0)
(78,228,163) ; (509,0,0)
(196,72,100) ; (0,161,0)
(103,142,148) ; (406,0,0)
(81,89,158) ; (428,144,0)
(179,95,72) ; (105,0,0)
(116,68,171) ; (312,165,0)
(101,66,67) ; (105,95,0)
(74,165,166) ; (332,0,0)
(116,68,48) ; (196,165,0)
(46,100,158) ; (286,0,0)
(84,63,75) ; (206,102,0)
(40,65,130) ; (292,100,0)
(116,64,85) ; (196,167,48)
(97,66,34) ; (105,95,67)
(72,54,148) ; (105,0,72)
(92,38,61) ; (105,54,72)
(105,44,47) ; (177,0,72)
(86,47,42) ; (197,44,72)
(83,56,43) ; (206,109,75)
(86,72,116) ; (0,161,100)
(109,66,104) ; (86,167,100)
(97,66,34) ; (105,95,101)
(70,81,110) ; (0,0,106)
(29,74,111) ; (70,0,106)
(98,79,82) ; (0,81,106)
(86,47,42) ; (197,44,114)
(83,56,43) ; (206,109,118)
(92,40,99) ; (177,0,119)
(40,65,65) ; (292,100,130)
(91,32,53) ; (105,54,133)
(105,62,64) ; (196,167,133)
(96,63,83) ; (105,98,135)
(101,132,32) ; (407,0,148)
(62,44,64) ; (197,44,156)
(20,45,60) ; (259,44,156)
(45,86,61) ; (463,145,158)
(34,80,44) ; (429,151,158)
(45,69,61) ; (287,0,158)
(58,56,57) ; (206,109,161)
(24,52,46) ; (264,113,161)
(34,88,56) ; (552,0,163)
(75,63,51) ; (511,159,163)
(39,69,54) ; (513,0,163)
(39,69,54) ; (547,90,163)
(34,88,51) ; (513,69,163)
(72,158,26) ; (332,0,166)
(107,61,48) ; (317,172,171)
(100,111,39) ; (408,0,180)
(77,28,27) ; (105,54,186)
(89,65,31) ; (0,95,188)
(64,52,28) ; (338,0,192)
(42,78,27) ; (360,52,192)
(53,24,28) ; (349,134,192)
(96,56,23) ; (196,173,197)
