0.0831
76 7601
587 233 220
80
1 59 1  46 1  68 1 2
2 73 1  94 1  55 1 1
3 85 0  31 1  50 1 3
4 99 1  70 1  58 1 1
5 79 0  52 1  27 1 1
6 34 1  41 1  73 0 2
7 65 1  80 1  76 1 2
8 108 0  81 1  50 1 2
9 117 0  89 0  28 1 2
10 69 1  67 1  40 1 2
11 93 0  41 1  68 1 1
12 95 0  66 0  27 1 1
13 116 0  91 0  21 1 1
14 88 1  55 1  53 1 1
15 85 0  43 1  25 1 1
16 107 1  60 1  56 1 1
17 62 1  67 1  53 1 2
18 115 1  77 1  75 1 1
19 66 1  41 1  69 1 1
20 73 1  100 1  71 1 2
21 94 0  30 1  39 1 1
22 65 1  52 1  56 1 1
23 95 1  82 1  52 1 2
24 120 0  60 0  22 1 1
25 107 0  54 0  20 1 2
26 35 1  77 0  45 1 4
27 62 1  55 1  57 1 2
28 42 1  39 1  64 1 2
29 42 1  38 1  39 1 2
30 61 1  50 1  78 1 2
31 50 1  42 1  77 1 3
32 38 1  52 0  25 1 1
33 104 0  57 0  20 1 2
34 103 0  95 0  29 1 1
35 50 1  59 1  33 1 2
36 85 0  68 1  40 1 2
37 48 1  31 1  43 1 1
38 101 0  34 1  37 1 1
39 103 0  42 1  53 1 1
40 52 1  75 1  42 1 1
41 40 1  25 1  21 1 2
42 93 0  43 1  41 1 1
43 95 0  34 1  52 1 2
44 41 1  66 1  53 1 1
45 42 0  31 1  20 1 2
46 101 0  41 1  78 1 3
47 38 1  38 1  21 1 1
48 68 1  97 1  69 1 3
49 40 1  42 1  31 1 1
50 100 1  58 1  79 1 1
51 70 0  84 0  23 1 1
52 90 1  50 1  66 1 1
53 84 1  74 1  65 1 3
54 62 1  63 1  49 1 1
55 77 0  84 0  26 1 3
56 116 0  57 1  54 1 3
57 93 0  83 0  41 1 2
58 93 0  100 0  24 1 2
59 39 1  78 0  47 1 1
60 86 0  31 1  70 0 2
61 48 1  60 1  31 1 1
62 36 1  45 1  50 1 3
63 58 1  75 1  75 1 2
64 61 1  46 1  42 1 1
65 117 0  61 0  25 1 1
66 83 0  61 1  39 1 1
67 51 1  47 1  43 1 1
68 93 0  25 1  64 0 1
69 98 1  79 1  59 1 3
70 66 1  74 1  60 1 2
71 72 0  34 1  34 1 3
72 72 1  77 1  41 1 1
73 57 1  87 0  42 1 1
74 91 1  72 1  73 1 1
75 40 1  89 0  42 1 1
76 117 1  70 1  71 1 1
77 64 1  45 1  41 1 1
78 90 0  45 1  72 1 1
79 86 0  80 0  33 1 2
80 81 1  93 1  57 1 3
(173,78,116) ; (0,0,0)
(171,81,219) ; (416,0,0)
(206,68,212) ; (0,165,0)
(65,152,164) ; (522,81,0)
(204,95,116) ; (318,138,0)
(80,86,134) ; (0,79,0)
(116,57,182) ; (406,81,0)
(140,86,81) ; (80,79,0)
(98,79,177) ; (318,0,0)
(142,73,145) ; (173,0,0)
(110,57,82) ; (206,176,0)
(100,58,149) ; (306,79,0)
(78,102,83) ; (220,74,0)
(93,83,82) ; (80,80,81)
(45,77,70) ; (173,86,81)
(42,52,75) ; (206,178,82)
(62,53,134) ; (248,177,82)
(78,101,41) ; (220,74,83)
(117,71,70) ; (0,0,116)
(117,89,56) ; (405,141,116)
(53,41,66) ; (117,0,116)
(50,33,59) ; (117,41,116)
(66,90,50) ; (339,140,116)
(21,50,40) ; (318,180,116)
(20,42,31) ; (319,138,116)
(73,94,55) ; (220,81,124)
(77,84,26) ; (0,80,134)
(91,72,73) ; (173,0,145)
(49,62,63) ; (264,0,145)
(20,42,31) ; (319,138,147)
(87,57,42) ; (318,79,149)
(41,73,68) ; (173,90,151)
(21,38,38) ; (318,192,156)
(42,46,61) ; (206,184,157)
(75,75,58) ; (0,89,160)
(88,53,55) ; (80,110,163)
(85,25,43) ; (80,80,163)
(60,107,56) ; (527,122,164)
(64,41,45) ; (523,81,164)
(65,56,52) ; (340,174,166)
(59,33,50) ; (346,141,166)
(42,89,40) ; (480,141,172)
(70,77,45) ; (410,153,172)
(48,31,43) ; (117,41,175)
(47,78,39) ; (369,0,177)
(50,77,42) ; (319,0,177)
(43,93,41) ; (220,82,179)
(30,94,39) ; (263,81,179)
(52,25,38) ; (117,0,182)
(60,48,31) ; (453,81,182)
(45,50,36) ; (408,81,182)
(72,68,34) ; (0,0,186)
(42,40,31) ; (72,0,186)
(79,52,27) ; (326,79,191)
