0.0757
56 5601
587 233 220
80
1 40 1  70 1  76 1 1
2 45 1  54 1  65 1 4
3 39 1  52 1  70 1 1
4 79 0  32 1  36 1 2
5 49 1  63 1  79 1 1
6 88 1  73 1  59 1 3
7 110 1  94 1  59 1 1
8 97 1  69 1  69 1 1
9 78 0  38 1  24 1 1
10 69 1  38 1  38 1 2
11 99 1  90 1  59 1 2
12 69 1  75 1  65 1 2
13 77 1  39 1  71 1 3
14 32 1  72 0  28 1 2
15 105 0  33 1  71 0 2
16 55 1  96 0  40 1 1
17 99 0  73 0  24 1 1
18 119 0  42 1  64 1 2
19 41 1  97 0  59 1 1
20 113 0  30 1  43 1 1
21 73 0  27 1  34 1 2
22 106 0  28 1  49 1 1
23 71 1  50 1  50 1 1
24 113 0  64 0  20 1 2
25 36 1  39 1  60 1 2
26 32 1  86 0  53 1 2
27 48 0  29 1  23 1 3
28 77 0  67 1  36 1 2
29 31 1  64 0  80 0 1
30 81 1  66 1  74 1 1
31 45 1  89 0  36 1 1
32 63 0  86 0  24 1 1
33 59 0  25 1  23 1 3
34 58 0  71 0  25 1 2
35 111 0  35 1  44 1 1
36 53 0  48 0  23 1 1
37 35 1  65 1  61 1 2
38 100 1  96 1  76 1 1
39 79 1  93 1  58 1 2
40 37 1  86 0  74 0 2
41 87 0  72 0  24 1 1
42 97 1  55 1  66 1 1
43 51 1  27 1  66 0 1
44 51 1  78 1  77 1 3
45 99 0  26 1  42 1 2
46 51 1  47 1  77 1 2
47 115 1  78 1  80 1 1
48 87 1  73 1  55 1 1
49 73 1  83 1  51 1 1
50 84 1  86 0  43 1 1
51 76 0  29 1  60 0 4
52 91 1  65 1  55 1 1
53 78 1  78 1  58 1 2
54 78 1  61 1  40 1 3
55 84 1  69 1  64 1 2
56 119 0  72 1  53 1 2
57 39 1  41 1  39 1 3
58 100 0  86 0  23 1 1
59 37 1  99 0  26 1 1
60 72 0  25 1  49 1 2
61 91 0  91 0  21 1 1
62 108 0  73 0  24 1 1
63 67 1  92 1  62 1 1
64 88 0  29 1  20 1 2
65 70 0  65 0  21 1 2
66 59 1  76 0  36 1 3
67 77 1  41 1  65 1 2
68 39 1  59 1  33 1 1
69 69 1  97 1  54 1 1
70 73 1  57 1  46 1 3
71 37 1  91 0  69 1 4
72 93 0  34 1  64 1 2
73 106 1  70 1  79 1 2
74 80 0  64 1  39 1 1
75 53 1  85 1  64 1 1
76 94 1  59 1  58 1 1
77 96 1  100 1  75 1 1
78 38 1  93 0  56 1 2
79 47 1  43 1  36 1 1
80 76 1  83 1  51 1 2
(65,70,220) ; (0,0,0)
(59,228,219) ; (528,0,0)
(100,76,216) ; (0,157,0)
(130,77,212) ; (398,0,0)
(78,156,136) ; (450,77,0)
(116,79,212) ; (65,0,0)
(64,85,153) ; (0,70,0)
(79,70,212) ; (100,163,0)
(78,156,119) ; (372,77,0)
(72,77,166) ; (64,80,0)
(99,59,220) ; (179,174,0)
(97,69,178) ; (181,0,0)
(119,72,106) ; (279,0,0)
(66,81,113) ; (136,82,0)
(91,37,183) ; (281,196,0)
(91,55,130) ; (281,141,0)
(71,105,66) ; (202,69,0)
(93,68,126) ; (279,72,0)
(70,65,117) ; (202,109,66)
(71,39,154) ; (202,69,66)
(119,64,84) ; (279,0,106)
(63,79,49) ; (136,83,113)
(76,93,56) ; (372,140,119)
(73,55,87) ; (375,77,119)
(86,63,24) ; (285,72,126)
(90,54,65) ; (281,141,130)
(43,86,84) ; (484,144,136)
(26,99,84) ; (458,131,136)
(73,51,83) ; (454,77,136)
(86,53,32) ; (285,72,150)
(64,79,36) ; (0,70,153)
(38,78,24) ; (136,84,162)
(25,72,49) ; (174,90,162)
(69,48,29) ; (64,108,166)
(66,27,51) ; (64,80,166)
(74,86,37) ; (374,147,175)
(97,59,41) ; (181,0,178)
(86,53,32) ; (285,72,182)
(73,27,34) ; (297,205,183)
(59,39,33) ; (202,135,183)
(59,25,23) ; (202,110,183)
(27,73,34) ; (136,89,186)
(64,72,28) ; (0,70,189)
(113,43,30) ; (285,0,190)
(88,20,29) ; (310,43,190)
(53,48,23) ; (64,108,195)
(72,49,25) ; (299,146,195)
