0.0883
14 1401
587 233 220
80
1 64 1  69 1  39 1 1
2 66 1  64 1  47 1 3
3 66 0  31 1  30 1 3
4 97 1  64 1  53 1 2
5 70 0  50 0  21 1 1
6 34 1  97 0  41 1 1
7 77 0  27 1  76 0 3
8 87 0  26 1  77 0 1
9 55 1  35 1  70 0 1
10 72 1  42 1  52 1 2
11 75 1  83 1  51 1 1
12 49 0  34 1  22 1 2
13 61 0  92 0  20 1 1
14 39 1  90 0  48 1 2
15 62 0  58 0  22 1 1
16 90 1  56 1  60 1 1
17 98 0  85 0  24 1 2
18 34 1  88 0  25 1 1
19 54 1  64 1  38 1 1
20 94 0  30 1  33 1 1
21 94 0  87 0  39 1 1
22 47 1  39 1  38 1 1
23 101 0  47 1  54 1 2
24 47 1  33 1  74 0 3
25 111 0  40 1  67 1 1
26 73 1  42 1  50 1 2
27 72 1  71 1  59 1 2
28 81 0  49 1  26 1 2
29 54 1  67 1  46 1 1
30 74 1  44 1  51 1 1
31 119 0  29 1  31 1 1
32 77 1  81 1  67 1 1
33 92 1  72 1  68 1 2
34 73 1  100 0  41 1 2
35 33 1  69 0  22 1 1
36 67 1  96 1  77 1 2
37 87 0  100 0  42 1 2
38 67 1  69 1  36 1 3
39 47 1  50 1  58 1 2
40 32 1  99 0  37 1 3
41 101 0  36 1  66 1 1
42 43 1  88 0  54 1 1
43 98 0  36 1  68 1 1
44 76 0  25 1  44 1 3
45 79 1  58 1  76 1 2
46 65 1  94 0  46 1 2
47 39 1  28 1  55 1 1
48 88 1  72 1  47 1 1
49 106 0  77 0  27 1 1
50 45 1  66 1  77 1 1
51 97 0  44 1  27 1 1
52 69 1  90 1  79 1 2
53 54 1  81 1  73 1 2
54 47 1  83 0  38 1 1
55 67 0  62 1  32 1 1
56 104 0  92 0  45 1 2
57 72 1  70 1  44 1 1
58 106 0  43 1  68 1 2
59 75 1  51 1  64 1 2
60 112 1  59 1  62 1 3
61 78 0  88 0  26 1 1
62 101 0  82 0  36 1 1
63 61 1  96 1  78 1 1
64 113 0  57 0  20 1 2
65 81 1  42 1  63 1 2
66 97 0  34 1  31 1 2
67 106 0  28 1  42 1 2
68 91 0  41 1  57 1 2
69 90 0  55 1  36 1 2
70 120 1  81 1  76 1 3
71 91 1  89 1  76 1 1
72 37 1  57 0  22 1 1
73 64 1  96 1  69 1 3
74 56 0  51 0  21 1 1
75 61 1  72 0  31 1 2
76 91 0  58 1  31 1 1
77 107 0  94 1  52 1 1
78 65 0  32 1  65 0 2
79 76 1  70 1  40 1 1
80 35 1  66 1  49 1 2
(0,0,0) ; (64,69,96)
(64,0,0) ; (128,69,96)
(128,0,0) ; (192,69,96)
(0,0,96) ; (96,67,173)
(96,0,96) ; (192,67,173)
(0,0,173) ; (64,66,220)
(64,0,173) ; (128,66,220)
(128,0,173) ; (192,66,220)
(0,71,0) ; (120,152,76)
(0,152,0) ; (120,233,76)
(0,71,76) ; (58,150,152)
(58,71,76) ; (116,150,152)
(0,150,76) ; (120,231,152)
(508,0,0) ; (587,90,69)
(508,0,69) ; (587,90,138)
(508,0,138) ; (547,90,186)
(547,0,138) ; (586,90,186)
(508,0,186) ; (586,88,212)
(515,165,0) ; (587,233,92)
(515,165,92) ; (587,233,184)
(515,165,184) ; (584,232,220)
(536,90,0) ; (587,165,64)
(536,90,64) ; (587,165,128)
(536,90,128) ; (587,164,172)
(536,90,172) ; (586,163,214)
(329,174,0) ; (391,233,112)
(391,174,0) ; (453,233,112)
(453,174,0) ; (515,233,112)
(329,174,112) ; (420,231,153)
(420,174,112) ; (511,231,153)
(300,0,0) ; (400,41,73)
(300,41,0) ; (400,82,73)
(400,0,0) ; (454,81,73)
(454,0,0) ; (508,81,73)
(485,90,0) ; (536,165,83)
(485,90,83) ; (535,163,125)
(120,141,0) ; (224,233,45)
(120,141,45) ; (224,233,90)
(409,85,0) ; (485,174,91)
(409,85,91) ; (485,129,116)
(409,129,91) ; (485,173,116)
(409,85,116) ; (481,173,163)
(120,69,0) ; (191,141,59)
(120,69,59) ; (191,141,118)
(120,69,118) ; (189,105,185)
(120,105,118) ; (189,141,185)
(192,0,0) ; (298,68,43)
(192,68,0) ; (298,136,43)
(192,0,43) ; (245,97,107)
(245,0,43) ; (298,97,107)
(192,97,43) ; (291,134,75)
(192,97,75) ; (291,134,107)
(224,139,0) ; (298,186,33)
(224,186,0) ; (298,233,33)
(298,139,0) ; (328,233,33)
(224,139,33) ; (325,186,87)
(224,186,33) ; (325,233,87)
(349,84,0) ; (409,174,56)
(299,82,0) ; (349,129,58)
(354,84,56) ; (409,174,92)
(354,84,92) ; (409,174,128)
(299,82,58) ; (349,129,116)
(364,0,73) ; (441,76,100)
(441,0,73) ; (508,77,154)
(364,0,100) ; (441,76,127)
(364,0,127) ; (441,76,154)
(301,0,73) ; (364,81,115)
(301,0,115) ; (364,81,157)
(224,146,87) ; (324,233,129)
(224,146,129) ; (324,233,171)
(224,146,171) ; (322,231,195)
(224,146,195) ; (322,231,219)
(120,141,90) ; (214,187,155)
(120,187,90) ; (214,233,155)
(192,0,107) ; (289,31,141)
(192,31,107) ; (289,62,141)
(192,0,141) ; (288,61,219)
(192,62,107) ; (241,97,173)
(241,62,107) ; (290,97,173)
(192,62,173) ; (289,96,214)
(192,97,107) ; (291,134,139)
(300,82,116) ; (349,104,150)
(300,104,116) ; (349,126,150)
(485,93,125) ; (535,163,146)
(355,86,128) ; (409,174,171)
(192,97,139) ; (290,133,207)
(491,93,146) ; (535,163,218)
(302,82,150) ; (349,121,188)
(0,120,152) ; (40,231,219)
(40,130,152) ; (76,231,218)
(0,71,152) ; (77,116,218)
(76,162,152) ; (115,231,216)
(76,134,152) ; (115,162,207)
(77,71,152) ; (115,125,216)
(444,177,153) ; (511,231,199)
(331,174,153) ; (444,231,173)
(443,0,154) ; (508,65,186)
(443,0,186) ; (508,65,218)
(367,0,154) ; (443,70,194)
(120,146,155) ; (214,233,194)
(302,0,157) ; (333,72,218)
(333,0,157) ; (364,72,218)
(409,89,163) ; (481,131,215)
(409,131,163) ; (481,173,215)
(357,93,171) ; (383,174,220)
(383,93,171) ; (409,174,220)
(338,175,173) ; (444,203,215)
(338,203,173) ; (444,231,215)
(120,69,185) ; (175,139,220)
(120,156,194) ; (207,233,220)
(374,0,194) ; (443,33,216)
(386,33,194) ; (443,70,216)
(455,180,199) ; (511,231,220)
