0.0773
57 5701
587 233 220
80
1 94 1  51 1  77 1 1
2 56 0  90 0  22 1 1
3 96 1  70 1  53 1 2
4 100 1  60 1  80 1 1
5 110 0  48 1  61 1 2
6 63 1  64 1  72 1 1
7 79 0  39 1  76 1 2
8 110 0  40 1  35 1 1
9 55 1  87 1  44 1 1
10 101 0  26 1  34 1 3
11 36 1  97 0  28 1 3
12 118 0  89 1  48 1 3
13 86 0  52 0  21 1 2
14 58 1  59 1  57 1 1
15 46 1  81 1  72 1 2
16 41 1  66 1  66 1 2
17 45 1  83 0  29 1 1
18 33 1  59 1  74 0 1
19 108 0  31 1  25 1 3
20 98 0  46 1  45 1 1
21 73 0  35 1  34 1 1
22 57 1  63 1  39 1 2
23 68 1  43 1  50 1 1
24 43 1  33 1  27 1 1
25 67 1  70 1  52 1 3
26 86 1  51 1  53 1 1
27 78 1  49 1  68 1 1
28 100 0  100 0  35 1 2
29 80 1  52 1  69 1 3
30 64 1  59 1  74 1 1
31 114 0  100 0  43 1 2
32 39 1  95 0  36 1 1
33 46 1  65 1  55 1 2
34 110 0  38 1  71 1 3
35 47 1  99 0  28 1 1
36 100 0  85 0  27 1 1
37 102 1  85 1  60 1 1
38 101 1  80 1  61 1 2
39 32 1  25 1  51 0 1
40 66 1  76 1  53 1 3
41 55 0  96 0  22 1 1
42 58 1  67 0  33 1 1
43 73 0  25 1  50 0 2
44 65 1  58 1  78 1 2
45 118 0  63 1  33 1 2
46 101 0  36 1  30 1 2
47 44 1  95 0  53 1 2
48 90 0  42 1  53 1 1
49 78 0  32 1  23 1 1
50 31 1  26 1  34 1 1
51 35 1  47 1  48 1 1
52 79 0  29 1  80 0 2
53 100 0  42 1  29 1 2
54 99 0  45 1  48 1 1
55 53 0  29 1  23 1 1
56 89 1  55 1  49 1 2
57 100 0  91 0  41 1 1
58 117 0  99 0  45 1 2
59 82 1  64 1  80 1 1
60 100 0  45 1  71 1 1
61 59 1  92 1  73 1 1
62 99 0  37 1  52 1 2
63 101 0  41 0  20 1 1
64 80 0  70 0  20 1 1
65 43 1  92 0  38 1 2
66 81 0  89 0  24 1 1
67 62 1  63 1  49 1 1
68 59 0  72 0  29 1 2
69 89 0  37 1  72 1 1
70 42 1  93 0  24 1 1
71 30 1  79 0  44 1 3
72 95 1  68 1  70 1 4
73 45 1  57 1  58 1 2
74 105 0  31 1  35 1 4
75 39 1  99 0  65 1 3
76 115 0  87 0  36 1 2
77 96 0  82 0  20 1 1
78 87 1  80 1  52 1 2
79 58 1  37 1  42 1 2
80 56 1  36 1  56 1 2
(102,105,165) ; (0,0,0)
(89,118,216) ; (498,0,0)
(242,68,140) ; (0,165,0)
(100,114,139) ; (487,119,0)
(65,58,156) ; (0,107,0)
(104,80,217) ; (394,0,0)
(100,153,70) ; (387,80,0)
(145,99,155) ; (102,0,0)
(74,59,218) ; (65,106,0)
(110,38,213) ; (284,0,0)
(66,159,76) ; (321,74,0)
(82,66,146) ; (139,99,0)
(110,35,40) ; (284,38,0)
(79,80,134) ; (242,153,0)
(37,99,104) ; (247,0,0)
(70,52,147) ; (221,101,0)
(30,79,88) ; (291,73,0)
(105,35,176) ; (289,38,40)
(96,110,61) ; (387,123,70)
(92,43,76) ; (391,80,70)
(66,118,63) ; (321,115,76)
(63,39,114) ; (324,74,76)
(30,79,44) ; (291,73,88)
(37,42,116) ; (247,0,104)
(36,56,112) ; (247,42,104)
(51,53,86) ; (432,180,131)
(44,55,87) ; (388,178,131)
(49,55,89) ; (434,125,131)
(46,55,65) ; (388,123,131)
(23,78,32) ; (298,73,132)
(68,78,49) ; (242,153,134)
(92,72,81) ; (490,161,139)
(93,42,24) ; (489,119,139)
(61,101,80) ; (326,132,139)
(90,58,79) ; (0,174,140)
(58,67,33) ; (90,165,140)
(94,51,77) ; (148,181,140)
(89,37,72) ; (394,80,146)
(64,63,72) ; (139,100,146)
(68,50,43) ; (221,103,147)
(82,96,20) ; (102,0,155)
(55,96,22) ; (184,0,155)
(59,58,57) ; (0,107,156)
(90,42,53) ; (492,119,163)
(23,53,29) ; (298,73,164)
(84,100,29) ; (0,0,165)
(55,65,46) ; (90,167,173)
(53,95,44) ; (102,0,175)
(29,83,45) ; (155,0,175)
(52,86,42) ; (184,0,177)
(59,72,29) ; (242,159,183)
(51,32,25) ; (336,74,190)
(33,43,27) ; (221,110,190)
(31,34,26) ; (254,119,190)
(73,100,25) ; (0,0,194)
