0.0845
65 6501
587 233 220
80
1 84 1  67 1  76 1 1
2 77 0  37 1  48 1 1
3 117 0  31 1  21 1 2
4 73 0  29 1  28 1 1
5 99 0  36 1  53 1 1
6 36 1  78 0  57 1 2
7 32 1  27 1  69 0 1
8 63 0  29 1  31 1 2
9 118 0  66 1  55 1 1
10 70 1  66 1  80 1 3
11 105 0  84 1  50 1 2
12 101 0  52 1  37 1 2
13 41 1  61 1  56 1 2
14 118 0  31 1  34 1 2
15 31 1  76 0  53 1 1
16 90 0  90 0  40 1 1
17 54 1  38 1  44 1 1
18 98 1  93 1  50 1 1
19 41 1  44 1  67 1 3
20 87 1  100 0  45 1 1
21 118 0  30 1  77 0 1
22 109 0  37 1  36 1 1
23 61 0  50 0  21 1 1
24 94 1  87 1  62 1 3
25 38 1  92 0  28 1 1
26 56 1  85 1  43 1 1
27 81 0  36 1  24 1 1
28 59 1  33 1  66 0 2
29 120 0  99 0  46 1 2
30 107 0  89 0  30 1 2
31 62 1  51 1  55 1 1
32 39 1  27 1  54 0 1
33 31 1  29 1  58 0 1
34 90 1  63 1  67 1 1
35 39 1  74 0  32 1 3
36 55 1  72 1  45 1 1
37 92 0  50 0  25 1 2
38 59 0  28 1  21 1 1
39 99 0  85 1  44 1 1
40 64 1  51 1  72 1 2
41 101 0  27 1  40 1 2
42 105 0  28 1  45 1 2
43 55 1  81 0  37 1 1
44 54 1  87 1  56 1 1
45 116 0  36 1  58 1 1
46 97 1  72 1  73 1 2
47 111 0  47 1  62 1 1
48 92 1  66 1  54 1 2
49 34 1  31 1  75 0 1
50 112 0  68 1  56 1 1
51 55 1  100 1  77 1 1
52 79 1  57 1  79 1 2
53 43 1  43 1  77 1 2
54 69 1  83 1  73 1 1
55 94 0  43 1  48 1 3
56 35 1  34 1  72 0 1
57 100 1  73 1  51 1 1
58 31 1  62 0  48 1 1
59 38 1  59 1  51 1 3
60 85 0  62 0  27 1 3
61 65 1  74 1  50 1 1
62 66 0  31 1  34 1 3
63 95 0  43 1  74 1 2
64 101 0  83 0  27 1 2
65 70 1  84 1  64 1 1
66 64 1  65 1  73 1 2
67 92 0  27 1  22 1 2
68 51 1  57 1  38 1 1
69 61 1  38 1  60 1 3
70 65 0  29 1  55 1 3
71 95 1  56 1  77 1 2
72 96 0  62 0  21 1 4
73 52 1  50 1  42 1 2
74 78 0  31 1  28 1 1
75 70 0  69 0  21 1 2
76 78 1  99 1  60 1 5
77 61 1  32 1  74 0 1
78 79 1  42 1  45 1 2
79 105 1  95 1  74 1 2
80 52 1  44 1  31 1 1
(99,78,219) ; (0,0,0)
(190,74,212) ; (397,0,0)
(80,70,219) ; (0,163,0)
(73,72,215) ; (514,161,0)
(105,84,154) ; (0,79,0)
(62,87,188) ; (525,74,0)
(120,99,170) ; (394,134,0)
(95,56,220) ; (80,177,0)
(194,79,57) ; (99,0,0)
(155,60,61) ; (370,74,0)
(110,96,129) ; (105,81,0)
(119,56,153) ; (175,177,0)
(101,74,103) ; (296,0,0)
(100,45,172) ; (294,188,0)
(98,50,118) ; (296,138,0)
(77,55,100) ; (215,122,0)
(65,64,146) ; (305,74,0)
(90,42,79) ; (215,79,0)
(118,77,81) ; (99,0,57)
(76,67,84) ; (217,0,57)
(112,56,68) ; (413,74,61)
(42,52,50) ; (371,74,61)
(88,41,67) ; (215,79,79)
(72,55,45) ; (215,122,100)
(69,73,83) ; (327,0,103)
(31,63,77) ; (296,0,103)
(42,52,50) ; (371,74,111)
(92,50,25) ; (296,138,118)
(105,28,90) ; (420,74,129)
(66,92,54) ; (105,83,129)
(101,27,80) ; (424,102,129)
(44,92,27) ; (171,83,129)
(85,62,81) ; (99,0,138)
(31,76,53) ; (184,0,138)
(51,62,76) ; (217,0,141)
(21,59,28) ; (268,0,141)
(86,43,77) ; (302,145,143)
(65,50,74) ; (215,127,145)
(61,56,41) ; (309,74,146)
(67,41,44) ; (215,79,146)
(118,55,62) ; (175,177,153)
(61,74,32) ; (0,88,154)
(37,81,55) ; (61,81,154)
(43,85,56) ; (171,90,156)
(38,44,54) ; (375,74,161)
(111,62,47) ; (403,171,170)
(109,36,37) ; (405,135,170)
(77,37,48) ; (316,195,172)
(27,54,39) ; (300,0,180)
(66,59,33) ; (105,116,183)
(66,31,34) ; (105,83,183)
(59,66,33) ; (0,96,186)
(35,72,34) ; (361,0,186)
(31,66,34) ; (330,0,186)
(44,52,31) ; (326,74,187)
(34,75,31) ; (553,86,188)
(28,78,31) ; (525,83,188)
(63,31,29) ; (215,79,190)
(29,73,28) ; (184,0,191)
