0.0867
6 601
587 233 220
80
1 120 0  98 0  41 1 1
2 91 1  99 1  52 1 4
3 114 0  48 1  58 1 1
4 87 1  95 1  74 1 2
5 85 0  46 0  23 1 3
6 37 1  72 1  59 1 1
7 106 0  30 1  55 1 3
8 111 1  64 1  63 1 1
9 111 0  35 1  66 1 1
10 117 1  94 1  65 1 1
11 107 0  70 1  46 1 1
12 88 0  88 0  27 1 2
13 57 1  34 1  59 1 2
14 74 1  38 1  62 1 2
15 111 0  36 1  37 1 1
16 76 1  47 1  46 1 1
17 108 0  46 1  42 1 2
18 45 1  98 0  52 1 3
19 51 1  98 0  41 1 2
20 70 1  40 1  55 1 2
21 85 1  72 1  56 1 2
22 81 1  97 1  69 1 1
23 68 1  63 1  46 1 1
24 110 0  97 0  28 1 1
25 110 0  26 1  27 1 1
26 82 0  32 1  51 1 2
27 120 0  60 0  24 1 2
28 119 0  55 1  28 1 1
29 118 0  27 1  44 1 2
30 32 1  55 1  66 0 2
31 48 0  94 0  22 1 2
32 91 1  50 1  53 1 1
33 41 1  29 1  73 0 2
34 109 1  55 1  59 1 1
35 98 1  61 1  67 1 1
36 63 1  53 1  37 1 1
37 64 1  94 1  72 1 4
38 34 1  54 0  23 1 1
39 108 1  64 1  57 1 2
40 57 1  41 1  37 1 1
41 114 1  88 1  76 1 1
42 119 1  80 1  75 1 1
43 93 0  54 1  45 1 1
44 119 0  63 0  26 1 1
45 94 1  91 1  61 1 1
46 101 0  43 1  47 1 2
47 110 1  65 1  73 1 2
48 56 1  69 1  41 1 2
49 62 0  26 1  43 1 1
50 57 1  67 1  41 1 2
51 46 1  89 1  73 1 1
52 46 1  79 1  55 1 2
53 54 1  94 0  37 1 1
54 72 1  95 0  45 1 2
55 52 1  34 1  28 1 1
56 37 1  33 1  55 1 2
57 62 1  71 1  37 1 3
58 53 1  90 0  41 1 2
59 61 1  46 1  72 1 1
60 67 1  49 1  34 1 2
61 90 0  52 1  40 1 1
62 59 0  49 1  27 1 2
63 88 0  97 0  34 1 1
64 97 1  50 1  49 1 1
65 39 1  88 0  57 1 2
66 35 1  53 1  43 1 2
67 64 0  47 1  26 1 1
68 34 1  65 1  60 1 2
69 93 0  76 0  25 1 1
70 101 0  59 0  21 1 5
71 68 1  91 1  67 1 1
72 59 1  38 1  36 1 1
73 109 0  92 0  45 1 1
74 61 1  86 1  59 1 1
75 60 0  43 1  23 1 1
76 115 0  61 1  40 1 1
77 95 1  99 1  78 1 1
78 119 0  28 1  65 0 1
79 84 0  61 0  28 1 1
80 113 0  47 1  47 1 1
(0,0,0) ; (94,64,72)
(94,0,0) ; (151,64,108)
(0,0,72) ; (94,64,144)
(94,0,108) ; (151,64,216)
(0,0,144) ; (94,64,216)
(488,0,0) ; (587,91,52)
(488,91,0) ; (587,182,52)
(488,182,0) ; (586,227,52)
(488,0,52) ; (587,91,104)
(488,91,52) ; (587,182,104)
(488,182,52) ; (586,227,104)
(488,0,104) ; (586,120,145)
(488,120,104) ; (586,171,145)
(488,171,104) ; (586,222,145)
(0,168,0) ; (110,233,73)
(0,168,73) ; (110,233,146)
(0,168,146) ; (71,230,183)
(71,168,146) ; (109,230,220)
(0,168,183) ; (71,230,220)
(0,64,0) ; (106,119,30)
(0,119,0) ; (55,165,79)
(55,119,0) ; (110,165,79)
(0,64,30) ; (106,119,60)
(0,64,60) ; (109,119,119)
(0,119,79) ; (107,165,149)
(0,64,119) ; (106,119,149)
(393,0,0) ; (488,87,74)
(393,87,0) ; (488,174,74)
(393,0,74) ; (487,64,146)
(393,64,74) ; (488,109,146)
(393,109,74) ; (487,174,191)
(393,0,146) ; (485,109,191)
(387,174,0) ; (488,233,21)
(387,174,21) ; (488,233,42)
(387,174,42) ; (488,233,63)
(387,174,63) ; (488,233,84)
(387,174,84) ; (488,233,105)
(110,177,0) ; (195,233,72)
(110,177,72) ; (195,233,144)
(110,177,144) ; (151,233,213)
(151,177,144) ; (192,233,213)
(151,0,0) ; (245,61,91)
(245,0,0) ; (279,60,65)
(245,0,65) ; (279,60,130)
(151,0,91) ; (178,59,140)
(178,0,91) ; (245,61,189)
(245,0,130) ; (279,57,189)
(151,0,140) ; (178,59,189)
(110,65,0) ; (180,105,55)
(110,105,0) ; (180,145,55)
(110,145,0) ; (176,177,55)
(279,0,0) ; (336,88,39)
(336,0,0) ; (393,88,39)
(279,0,39) ; (393,88,115)
(195,155,0) ; (294,233,95)
(195,155,95) ; (288,231,120)
(296,166,0) ; (387,233,68)
(296,166,68) ; (339,228,94)
(339,166,68) ; (386,230,94)
(180,61,0) ; (234,154,45)
(313,91,0) ; (393,166,119)
(234,61,0) ; (271,155,54)
(271,88,0) ; (312,155,57)
(271,88,57) ; (312,155,114)
(180,61,45) ; (233,152,95)
(180,61,95) ; (233,151,136)
(180,61,136) ; (233,151,177)
(180,61,177) ; (232,151,217)
(234,61,54) ; (271,120,126)
(234,120,54) ; (271,153,109)
(234,120,109) ; (271,153,164)
(234,61,126) ; (270,120,164)
(110,66,55) ; (174,177,118)
(300,167,94) ; (386,228,153)
(391,184,105) ; (488,233,155)
(271,88,114) ; (305,155,163)
(279,0,115) ; (393,48,173)
(279,0,173) ; (392,47,220)
(282,48,115) ; (393,84,152)
(282,48,152) ; (393,83,218)
(110,67,118) ; (139,140,159)
(139,67,118) ; (168,140,159)
(110,140,118) ; (167,177,159)
(319,91,119) ; (393,129,181)
(319,129,119) ; (390,166,181)
(195,158,120) ; (241,231,209)
(241,155,120) ; (288,231,166)
(488,0,145) ; (586,52,190)
(488,52,145) ; (583,124,190)
(505,125,145) ; (586,222,214)
(0,64,149) ; (47,165,192)
(47,64,149) ; (94,165,192)
(302,167,153) ; (386,228,181)
(420,187,155) ; (488,233,218)
(392,199,155) ; (420,233,207)
(110,143,159) ; (167,177,218)
(110,67,159) ; (156,139,220)
(271,89,163) ; (303,155,218)
(234,61,164) ; (266,143,215)
(241,161,166) ; (284,196,219)
(241,196,166) ; (284,231,219)
(304,177,181) ; (386,228,213)
(323,117,181) ; (390,166,215)
(336,91,181) ; (390,114,215)
(151,0,189) ; (270,55,217)
(518,0,190) ; (583,119,218)
(492,0,190) ; (518,110,217)
(393,0,191) ; (439,85,214)
(439,0,191) ; (485,85,214)
(397,86,191) ; (485,174,218)
(0,64,192) ; (88,152,219)
