0.1014
42 4201
587 233 220
80
1 92 0  96 0  30 1 3
2 104 0  83 0  38 1 2
3 66 0  27 1  42 1 2
4 69 1  82 0  39 1 1
5 100 0  57 0  20 1 1
6 34 1  87 0  55 1 2
7 76 0  49 1  28 1 3
8 104 0  45 1  46 1 3
9 116 0  37 1  73 1 1
10 52 1  84 1  45 1 1
11 80 0  32 1  52 1 2
12 107 0  55 1  49 1 1
13 49 1  79 1  48 1 1
14 84 1  96 1  52 1 2
15 84 1  55 1  58 1 3
16 98 1  64 1  59 1 1
17 109 0  36 1  61 1 1
18 34 1  70 0  47 1 2
19 104 1  54 1  79 1 2
20 103 0  70 1  37 1 1
21 87 0  91 0  33 1 1
22 58 1  65 1  77 1 1
23 74 1  55 1  73 1 2
24 117 0  36 1  51 1 1
25 114 0  53 0  23 1 1
26 97 1  61 1  50 1 2
27 71 1  57 1  57 1 2
28 63 0  33 1  23 1 2
29 74 1  76 1  39 1 1
30 106 0  87 0  37 1 1
31 84 0  38 1  40 1 1
32 35 1  45 1  64 1 1
33 86 1  61 1  64 1 1
34 55 1  74 1  68 1 1
35 72 0  64 0  32 1 2
36 81 0  95 0  24 1 2
37 47 1  62 1  72 1 1
38 92 1  65 1  69 1 1
39 87 0  79 1  41 1 2
40 64 1  86 0  43 1 3
41 46 1  85 0  37 1 1
42 100 0  38 1  59 1 1
43 66 1  52 1  75 1 1
44 71 0  29 1  53 1 1
45 117 0  72 0  28 1 1
46 91 0  60 1  36 1 1
47 63 1  32 1  61 1 1
48 75 1  90 1  80 1 2
49 40 1  52 1  61 1 1
50 33 1  39 1  67 0 4
51 89 0  38 1  55 1 2
52 46 1  98 0  37 1 1
53 62 1  64 1  72 1 2
54 52 0  26 1  32 1 2
55 30 1  88 0  70 0 2
56 117 1  82 1  67 1 1
57 33 1  87 0  56 1 2
58 39 1  33 1  73 0 2
59 40 1  62 1  62 1 2
60 81 1  91 1  46 1 1
61 109 0  62 1  43 1 1
62 34 1  65 1  71 0 1
63 97 0  27 1  56 0 1
64 98 0  93 0  45 1 2
65 62 0  84 0  20 1 1
66 31 1  99 0  62 0 2
67 74 0  28 1  53 1 3
68 63 0  30 1  44 1 1
69 77 0  39 1  27 1 1
70 119 0  95 0  21 1 4
71 96 0  31 1  53 1 1
72 114 1  75 1  79 1 1
73 117 0  28 1  79 0 2
74 85 1  69 1  47 1 3
75 78 1  50 1  77 1 2
76 92 1  51 1  57 1 2
77 96 0  30 1  65 0 3
78 88 1  72 1  80 1 2
79 113 0  88 0  44 1 1
80 91 1  47 1  57 1 1
(0,0,0) ; (69,85,47)
(0,0,47) ; (69,85,94)
(0,0,94) ; (69,85,141)
(0,0,141) ; (69,82,180)
(407,0,0) ; (497,80,75)
(497,0,0) ; (587,80,75)
(407,0,75) ; (495,80,147)
(495,0,75) ; (583,80,147)
(407,0,147) ; (494,79,188)
(494,0,147) ; (581,79,188)
(0,178,0) ; (84,233,58)
(0,178,58) ; (84,233,116)
(0,178,116) ; (84,233,174)
(0,178,174) ; (84,230,219)
(501,138,0) ; (587,181,64)
(501,181,0) ; (585,233,96)
(501,138,64) ; (587,181,128)
(501,181,96) ; (585,233,192)
(501,138,128) ; (587,181,192)
(501,138,192) ; (582,233,216)
(0,85,0) ; (98,178,45)
(0,85,45) ; (98,178,90)
(0,85,90) ; (96,177,120)
(0,85,120) ; (96,177,150)
(0,85,150) ; (96,177,180)
(69,0,0) ; (186,82,67)
(495,80,0) ; (587,137,51)
(495,80,51) ; (587,137,102)
(495,80,102) ; (584,135,140)
(84,178,0) ; (158,233,68)
(84,178,68) ; (157,233,142)
(84,178,142) ; (157,233,216)
(388,145,0) ; (501,233,44)
(388,145,44) ; (444,232,77)
(444,145,44) ; (500,232,77)
(388,145,77) ; (443,232,111)
(443,145,77) ; (498,232,111)
(98,82,0) ; (163,178,30)
(98,82,30) ; (163,178,60)
(98,82,60) ; (163,178,90)
(98,82,90) ; (163,174,159)
(158,179,0) ; (262,233,79)
(386,80,0) ; (433,142,72)
(433,80,0) ; (495,144,72)
(290,0,0) ; (407,79,28)
(290,0,28) ; (407,79,56)
(290,0,56) ; (404,79,131)
(186,0,0) ; (290,83,38)
(186,0,38) ; (290,83,76)
(186,0,76) ; (238,80,108)
(238,0,76) ; (290,80,108)
(266,183,0) ; (327,233,97)
(327,183,0) ; (388,233,97)
(163,84,0) ; (282,179,21)
(163,84,21) ; (282,179,42)
(163,84,42) ; (282,179,63)
(163,84,63) ; (282,179,84)
(285,146,0) ; (388,183,70)
(324,79,0) ; (386,143,72)
(291,79,0) ; (324,146,39)
(291,79,39) ; (324,146,78)
(69,0,67) ; (146,78,117)
(69,0,117) ; (146,78,167)
(146,0,67) ; (185,74,143)
(290,146,70) ; (388,183,116)
(386,80,72) ; (495,142,115)
(386,80,115) ; (495,141,151)
(325,79,72) ; (386,143,158)
(291,79,78) ; (324,146,117)
(158,187,79) ; (262,233,124)
(158,187,124) ; (262,232,170)
(158,187,170) ; (262,232,216)
(163,84,84) ; (244,179,108)
(244,95,84) ; (282,179,124)
(281,184,97) ; (388,233,152)
(186,0,108) ; (290,79,162)
(163,88,108) ; (244,179,154)
(392,145,111) ; (498,232,148)
(303,146,116) ; (388,183,162)
(291,79,117) ; (324,146,156)
(244,106,124) ; (277,179,163)
(290,0,131) ; (347,71,188)
(347,0,131) ; (404,71,188)
(495,80,140) ; (584,135,178)
(146,0,143) ; (185,73,176)
(400,173,148) ; (498,232,212)
(422,145,148) ; (498,173,197)
(395,80,151) ; (495,139,189)
(318,186,152) ; (388,233,186)
(318,186,186) ; (388,233,220)
(283,188,152) ; (318,233,216)
(163,121,154) ; (240,179,219)
(163,88,154) ; (226,120,215)
(291,79,156) ; (324,142,179)
(346,79,158) ; (386,141,220)
(98,102,159) ; (162,174,191)
(186,0,162) ; (235,76,190)
(235,0,162) ; (288,74,190)
(186,0,190) ; (235,76,218)
(235,0,190) ; (288,74,218)
(325,150,162) ; (388,183,185)
(244,127,163) ; (276,179,189)
(69,0,167) ; (144,66,219)
(146,0,176) ; (176,63,220)
(518,80,178) ; (584,107,220)
(518,107,178) ; (584,134,220)
(292,79,179) ; (324,131,205)
(0,0,180) ; (62,62,220)
(0,125,180) ; (61,177,220)
(0,85,180) ; (77,124,207)
(482,0,188) ; (581,62,219)
(410,0,188) ; (482,64,220)
(305,0,188) ; (404,62,219)
(399,80,189) ; (495,133,220)
(98,103,191) ; (151,174,220)
