0.0869
26 2601
587 233 220
80
1 35 1  52 1  51 1 1
2 81 1  73 1  79 1 2
3 114 0  66 0  22 1 1
4 116 0  54 1  42 1 2
5 52 1  95 1  60 1 2
6 103 0  72 1  39 1 2
7 86 0  38 1  66 1 2
8 51 1  63 1  78 1 2
9 49 1  90 0  35 1 2
10 91 0  69 0  34 1 1
11 106 0  73 0  20 1 1
12 32 1  34 1  55 1 4
13 70 0  73 0  31 1 1
14 57 1  52 1  69 1 2
15 118 1  81 1  72 1 2
16 49 1  83 1  49 1 1
17 65 0  100 0  22 1 1
18 75 0  56 1  35 1 1
19 78 0  69 1  39 1 3
20 38 1  33 1  40 1 2
21 106 0  92 0  29 1 1
22 68 1  55 1  66 1 2
23 47 1  47 1  56 1 2
24 44 1  77 1  59 1 2
25 50 1  74 0  26 1 1
26 38 1  68 1  59 1 2
27 95 0  73 0  33 1 2
28 32 1  89 0  33 1 3
29 68 1  95 0  36 1 1
30 107 1  76 1  69 1 2
31 33 1  44 1  60 1 1
32 72 1  85 0  39 1 2
33 110 1  97 1  69 1 2
34 85 0  92 0  28 1 4
35 85 1  83 1  63 1 1
36 58 1  81 0  31 1 1
37 41 1  41 1  73 1 1
38 72 1  99 1  57 1 2
39 116 0  49 1  40 1 1
40 84 0  49 1  39 1 1
41 55 1  67 1  67 1 2
42 51 1  30 1  65 0 1
43 91 1  85 1  69 1 2
44 70 0  68 0  29 1 3
45 33 1  81 0  60 1 1
46 67 0  30 1  28 1 2
47 102 0  64 0  27 1 1
48 97 0  47 1  59 1 2
49 99 0  86 0  20 1 2
50 65 0  29 1  54 1 2
51 56 1  98 1  57 1 1
52 112 0  70 1  44 1 1
53 35 1  85 0  58 1 1
54 97 1  71 1  78 1 1
55 74 0  98 0  21 1 2
56 42 1  63 1  79 1 2
57 117 0  100 0  46 1 2
58 36 1  61 1  59 1 2
59 93 1  72 1  68 1 1
60 35 1  66 1  34 1 1
61 64 1  51 1  64 1 1
62 114 0  30 1  80 0 1
63 78 0  79 0  39 1 1
64 110 0  43 1  55 1 1
65 102 1  81 1  75 1 2
66 54 0  38 1  21 1 3
67 49 1  48 1  29 1 2
68 115 0  35 1  30 1 1
69 58 1  44 1  64 1 1
70 109 0  68 0  31 1 2
71 49 1  71 1  72 1 2
72 87 0  36 1  51 1 1
73 115 0  44 1  75 1 1
74 67 1  36 1  74 0 1
75 37 1  54 1  59 1 1
76 66 1  95 1  72 1 1
77 117 0  28 1  59 0 1
78 80 0  60 1  31 1 1
79 60 0  45 1  27 1 1
80 51 1  76 1  49 1 2
(0,0,0) ; (107,76,69)
(0,76,0) ; (110,173,69)
(0,0,69) ; (107,76,138)
(0,76,69) ; (110,173,138)
(469,0,0) ; (587,81,72)
(469,0,72) ; (587,81,144)
(469,0,144) ; (527,81,175)
(527,0,144) ; (587,80,175)
(469,0,175) ; (528,77,219)
(528,0,175) ; (587,77,219)
(506,83,0) ; (587,158,102)
(506,158,0) ; (587,233,102)
(506,83,102) ; (587,156,181)
(506,156,102) ; (587,229,181)
(0,173,0) ; (52,233,95)
(52,173,0) ; (104,233,95)
(0,173,95) ; (65,202,149)
(0,202,95) ; (65,231,149)
(65,173,95) ; (102,232,149)
(433,81,0) ; (506,176,33)
(433,176,0) ; (505,233,99)
(433,81,33) ; (505,176,99)
(433,81,99) ; (502,133,156)
(433,133,99) ; (505,232,156)
(104,178,0) ; (138,233,32)
(138,178,0) ; (172,233,32)
(172,178,0) ; (206,233,32)
(206,178,0) ; (240,233,32)
(104,178,32) ; (172,233,98)
(172,178,32) ; (240,233,98)
(104,178,98) ; (171,233,165)
(171,178,98) ; (238,233,165)
(110,0,0) ; (179,78,39)
(179,0,0) ; (248,78,39)
(248,0,0) ; (317,78,39)
(317,0,0) ; (396,78,39)
(110,0,39) ; (213,39,111)
(110,39,39) ; (213,78,111)
(213,0,39) ; (298,39,111)
(213,39,39) ; (298,78,111)
(298,0,39) ; (347,76,90)
(347,0,39) ; (396,76,90)
(298,0,90) ; (396,74,111)
(398,0,0) ; (469,78,97)
(398,0,97) ; (468,73,128)
(348,164,0) ; (433,233,91)
(348,164,91) ; (433,233,182)
(348,164,182) ; (399,229,212)
(399,164,182) ; (427,231,212)
(110,78,0) ; (227,178,46)
(110,78,46) ; (227,178,92)
(341,79,0) ; (433,164,28)
(341,79,28) ; (433,164,56)
(341,79,56) ; (433,164,84)
(297,169,0) ; (348,233,64)
(297,169,64) ; (348,232,142)
(297,169,142) ; (348,232,220)
(240,177,0) ; (297,233,98)
(227,80,0) ; (274,177,59)
(227,80,59) ; (274,177,118)
(275,80,0) ; (308,169,32)
(308,80,0) ; (341,169,32)
(275,80,32) ; (341,166,70)
(275,80,70) ; (341,166,108)
(341,79,84) ; (433,164,112)
(110,134,92) ; (225,178,167)
(110,78,92) ; (226,132,134)
(240,184,98) ; (289,233,181)
(278,81,108) ; (341,166,191)
(110,0,111) ; (205,68,147)
(110,0,147) ; (203,68,219)
(234,0,111) ; (324,35,160)
(234,35,111) ; (324,70,160)
(324,0,111) ; (396,71,160)
(205,0,111) ; (234,48,160)
(349,85,112) ; (391,164,175)
(391,85,112) ; (433,164,175)
(227,83,118) ; (274,130,174)
(227,130,118) ; (274,177,174)
(398,0,128) ; (468,68,157)
(398,0,157) ; (468,68,186)
(398,0,186) ; (468,68,215)
(110,78,134) ; (226,132,176)
(0,0,138) ; (106,92,167)
(0,100,138) ; (106,173,158)
(0,174,149) ; (52,231,218)
(52,173,149) ; (96,231,213)
(434,123,156) ; (502,232,187)
(434,123,187) ; (502,232,218)
(448,81,156) ; (502,102,194)
(448,102,156) ; (502,123,194)
(0,101,158) ; (59,137,219)
(0,137,158) ; (59,173,219)
(59,113,158) ; (104,173,185)
(59,113,185) ; (103,173,218)
(320,0,160) ; (358,68,219)
(358,0,160) ; (396,68,219)
(205,0,160) ; (234,48,209)
(234,0,160) ; (319,35,218)
(234,35,160) ; (315,68,220)
(104,190,165) ; (214,233,220)
(214,179,165) ; (235,233,203)
(0,0,167) ; (71,72,216)
(71,0,167) ; (106,52,218)
(71,52,167) ; (104,90,207)
(110,139,167) ; (194,178,216)
(227,104,174) ; (268,177,215)
(359,97,175) ; (433,164,211)
(110,78,176) ; (226,127,216)
(557,114,181) ; (587,229,216)
(506,142,181) ; (557,229,217)
(520,83,181) ; (587,113,209)
(240,200,181) ; (280,233,219)
(291,92,191) ; (341,166,217)
