100
1 0 
1211 234 239
19
1 103 1 123 1 41 1 1 177
2 566 1 221 1 111 1 1 5181
3 144 1 172 1 180 1 1 1246
4 390 1 162 1 80 1 1 1639
5 218 1 108 1 80 1 1 552
6 146 1 67 1 126 1 1 1145
7 231 1 108 1 131 1 1 794
8 909 1 303 1 190 1 1 15217
9 953 1 164 1 44 1 1 1872
10 185 1 116 1 139 1 1 1863
11 528 1 175 1 111 1 1 2999
12 198 1 144 1 98 1 1 1566
13 256 1 103 1 54 1 1 331
14 167 1 136 1 123 1 1 1907
15 249 1 34 1 47 1 1 78
16 433 1 180 1 154 1 1 2933
17 648 1 269 1 134 1 1 7540
18 267 1 318 1 105 1 1 2410
19 310 1 850 1 139 1 1 5920
2 0 
1211 234 239
17
1 584 1 203 1 364 1 1 6614
2 131 1 93 1 131 1 1 1535
3 123 1 88 1 123 1 1 1213
4 121 1 103 1 59 1 1 232
5 244 1 208 1 218 1 1 2688
6 149 1 123 1 159 1 1 1367
7 136 1 113 1 195 1 1 1907
8 208 1 543 1 113 1 1 2668
9 830 1 111 1 103 1 1 2474
10 103 1 241 1 82 1 1 761
11 203 1 93 1 175 1 1 2999
12 579 1 192 1 121 1 1 3929
13 100 1 85 1 88 1 1 331
14 146 1 131 1 221 1 1 1742
15 569 1 216 1 141 1 1 3583
16 820 1 341 1 169 1 1 15217
17 702 1 267 1 175 1 1 6714
3 0 
1211 234 239
18
1 231 1 277 1 70 1 1 1998
2 136 1 62 1 118 1 1 904
3 203 1 172 1 180 1 1 1535
4 157 1 144 1 172 1 1 1396
5 489 1 254 1 72 1 1 3169
6 231 1 108 1 131 1 1 794
7 177 1 82 1 154 1 1 2027
8 198 1 172 1 172 1 1 2474
9 118 1 100 1 177 1 1 913
10 146 1 141 1 249 1 1 3523
11 290 1 246 1 259 1 1 6257
12 1711 1 136 1 113 1 1 6257
13 561 1 280 1 128 1 1 6714
14 154 1 141 1 239 1 1 2187
15 200 1 128 1 210 1 1 2218
16 187 1 226 1 236 1 1 2860
17 126 1 103 1 93 1 1 796
18 546 1 272 1 341 1 1 15217
4 0 
1211 234 239
17
1 208 1 88 1 75 1 1 331
2 177 1 146 1 272 1 1 3131
3 277 1 116 1 98 1 1 770
4 556 1 210 1 139 1 1 3318
5 395 1 226 1 62 1 1 2381
6 610 1 226 1 100 1 1 1907
7 128 1 93 1 146 1 1 563
8 502 1 244 1 244 1 1 6515
9 405 1 159 1 80 1 1 1907
10 1027 1 136 1 190 1 1 5468
11 272 1 244 1 203 1 1 4542
12 520 1 213 1 105 1 1 4875
13 241 1 290 1 597 1 1 6257
14 162 1 80 1 100 1 1 404
15 218 1 185 1 236 1 1 3528
16 233 1 200 1 367 1 1 7540
17 541 1 72 1 67 1 1 684
5 0 
1211 234 239
25
1 195 1 162 1 146 1 1 2344
2 233 1 200 1 367 1 1 7540
3 241 1 121 1 152 1 1 1334
4 436 1 180 1 90 1 1 2867
5 254 1 625 1 108 1 1 3235
6 164 1 390 1 131 1 1 3235
7 200 1 167 1 210 1 1 1345
8 126 1 111 1 159 1 1 673
9 192 1 80 1 39 1 1 197
10 310 1 226 1 154 1 1 5942
11 144 1 116 1 105 1 1 1202
12 123 1 111 1 200 1 1 1246
13 154 1 139 1 233 1 1 2051
14 126 1 269 1 93 1 1 845
15 226 1 597 1 123 1 1 3506
16 93 1 85 1 70 1 1 188
17 274 1 228 1 469 1 1 2860
18 259 1 126 1 128 1 1 1533
19 210 1 177 1 315 1 1 5126
20 175 1 149 1 149 1 1 2086
21 172 1 108 1 128 1 1 1542
22 131 1 282 1 95 1 1 988
23 136 1 162 1 190 1 1 743
24 134 1 116 1 75 1 1 397
25 313 1 131 1 195 1 1 1753
6 0 
1211 234 239
17
1 256 1 310 1 103 1 1 2194
2 438 1 182 1 90 1 1 2337
3 134 1 116 1 75 1 1 397
4 338 1 292 1 187 1 1 6515
5 223 1 103 1 192 1 1 3909
6 134 1 159 1 167 1 1 995
7 154 1 131 1 98 1 1 889
8 290 1 635 1 131 1 1 4657
9 103 1 264 1 67 1 1 494
10 164 1 423 1 105 1 1 2051
11 326 1 152 1 185 1 1 2254
12 208 1 249 1 72 1 1 2027
13 382 1 175 1 272 1 1 4542
14 510 1 213 1 233 1 1 7097
15 123 1 108 1 154 1 1 596
16 390 1 331 1 85 1 1 3197
17 287 1 256 1 461 1 1 15217
7 0 
1211 234 239
16
1 187 1 443 1 149 1 1 4762
2 758 1 280 1 126 1 1 3638
3 280 1 128 1 241 1 1 7723
4 249 1 205 1 185 1 1 4762
5 241 1 205 1 236 1 1 5126
6 256 1 669 1 116 1 1 4542
7 308 1 274 1 228 1 1 6515
8 123 1 103 1 131 1 1 746
9 77 1 64 1 113 1 1 243
10 190 1 162 1 169 1 1 1279
11 303 1 146 1 134 1 1 3131
12 192 1 164 1 190 1 1 2670
13 978 1 167 1 47 1 1 2027
14 152 1 182 1 295 1 1 3528
15 354 1 162 1 72 1 1 1323
16 218 1 182 1 231 1 1 1753
8 0 
1211 234 239
22
1 264 1 192 1 131 1 1 3704
2 128 1 123 1 216 1 1 2344
3 223 1 103 1 192 1 1 3909
4 446 1 223 1 277 1 1 8290
5 190 1 182 1 323 1 1 7754
6 149 1 95 1 157 1 1 922
7 121 1 121 1 77 1 1 452
8 223 1 190 1 198 1 1 3638
9 195 1 169 1 108 1 1 1284
10 192 1 167 1 105 1 1 1202
11 111 1 93 1 218 1 1 684
12 879 1 118 1 108 1 1 2933
13 126 1 105 1 80 1 1 481
14 175 1 208 1 431 1 1 2348
15 187 1 88 1 162 1 1 2404
16 128 1 90 1 128 1 1 1411
17 167 1 410 1 70 1 1 920
18 175 1 456 1 77 1 1 1445
19 310 1 152 1 113 1 1 1566
20 308 1 256 1 418 1 1 3506
21 277 1 103 1 47 1 1 177
22 333 1 154 1 187 1 1 2406
9 0 
1211 234 239
22
1 149 1 144 1 254 1 1 3506
2 218 1 185 1 195 1 1 1923
3 95 1 62 1 100 1 1 243
4 369 1 152 1 75 1 1 1753
5 195 1 167 1 175 1 1 2507
6 182 1 164 1 136 1 1 1367
7 259 1 221 1 221 1 1 6614
8 231 1 185 1 382 1 1 6714
9 198 1 90 1 141 1 1 638
10 98 1 118 1 192 1 1 995
11 497 1 198 1 103 1 1 2426
12 310 1 157 1 149 1 1 1907
13 159 1 103 1 167 1 1 1092
14 200 1 167 1 280 1 1 3523
15 154 1 139 1 246 1 1 2348
16 123 1 103 1 177 1 1 1400
17 502 1 241 1 136 1 1 6714
18 262 1 88 1 41 1 1 380
19 251 1 687 1 113 1 1 3131
20 182 1 164 1 274 1 1 3318
21 123 1 108 1 154 1 1 596
22 154 1 400 1 100 1 1 1744
10 0 
1211 234 239
22
1 205 1 169 1 218 1 1 3462
2 520 1 70 1 64 1 1 613
3 154 1 128 1 34 1 1 197
4 103 1 123 1 254 1 1 474
5 210 1 177 1 315 1 1 5126
6 136 1 116 1 131 1 1 920
7 536 1 93 1 26 1 1 331
8 246 1 113 1 52 1 1 441
9 367 1 313 1 180 1 1 6614
10 149 1 123 1 216 1 1 1676
11 123 1 103 1 93 1 1 576
12 172 1 149 1 95 1 1 860
13 116 1 139 1 290 1 1 713
14 141 1 169 1 349 1 1 1246
15 405 1 185 1 82 1 1 1974
16 251 1 123 1 64 1 1 585
17 236 1 118 1 146 1 1 1239
18 556 1 272 1 277 1 1 15217
19 205 1 530 1 134 1 1 4013
20 200 1 241 1 251 1 1 3440
21 794 1 82 1 82 1 1 2474
22 349 1 853 1 146 1 1 8290
11 0 
1211 234 239
16
1 77 1 93 1 47 1 1 243
2 200 1 523 1 80 1 1 2443
3 121 1 103 1 118 1 1 640
4 159 1 190 1 310 1 1 4037
5 239 1 195 1 364 1 1 7540
6 300 1 213 1 336 1 1 6941
7 425 1 208 1 208 1 1 3991
8 213 1 546 1 139 1 1 4427
9 185 1 152 1 274 1 1 3294
10 175 1 146 1 346 1 1 2725
11 175 1 157 1 282 1 1 3440
12 277 1 105 1 70 1 1 408
13 707 1 236 1 111 1 1 7540
14 436 1 182 1 200 1 1 4427
15 121 1 100 1 180 1 1 922
16 267 1 172 1 280 1 1 5181
12 0 
1211 234 239
20
1 200 1 98 1 90 1 1 937
2 981 1 77 1 64 1 1 1180
3 272 1 584 1 200 1 1 8698
4 221 1 187 1 195 1 1 3523
5 308 1 141 1 64 1 1 874
6 331 1 305 1 254 1 1 8698
7 356 1 118 1 75 1 1 913
8 123 1 103 1 231 1 1 761
9 200 1 431 1 146 1 1 3462
10 116 1 82 1 116 1 1 1037
11 177 1 146 1 249 1 1 2426
12 361 1 169 1 205 1 1 3107
13 226 1 103 1 128 1 1 1429
14 210 1 177 1 315 1 1 5071
15 187 1 136 1 93 1 1 1308
16 256 1 103 1 54 1 1 331
17 479 1 221 1 100 1 1 3294
18 192 1 164 1 210 1 1 2474
19 351 1 146 1 218 1 1 2512
20 303 1 123 1 182 1 1 1504
13 0 
1211 234 239
20
1 162 1 195 1 57 1 1 955
2 187 1 226 1 64 1 1 1504
3 95 1 116 1 187 1 1 896
4 128 1 108 1 192 1 1 1162
5 297 1 146 1 108 1 1 1367
6 118 1 108 1 128 1 1 574
7 402 1 167 1 244 1 1 3528
8 118 1 239 1 187 1 1 1312
9 111 1 90 1 80 1 1 549
10 154 1 139 1 246 1 1 2348
11 1222 1 451 1 203 1 1 15217
12 236 1 200 1 489 1 1 3989
13 118 1 100 1 116 1 1 631
14 75 1 62 1 116 1 1 243
15 256 1 216 1 272 1 1 2867
16 295 1 149 1 141 1 1 1645
17 272 1 123 1 233 1 1 7097
18 239 1 615 1 154 1 1 6257
19 103 1 123 1 144 1 1 318
20 392 1 277 1 438 1 1 15217
14 0 
1211 234 239
18
1 159 1 146 1 249 1 1 2430
2 228 1 190 1 169 1 1 3693
3 131 1 111 1 141 1 1 772
4 246 1 103 1 113 1 1 792
5 149 1 111 1 75 1 1 684
6 223 1 200 1 167 1 1 2525
7 338 1 246 1 169 1 1 7723
8 269 1 226 1 367 1 1 2348
9 192 1 231 1 77 1 1 1171
10 305 1 256 1 326 1 1 4875
11 602 1 300 1 136 1 1 8290
12 116 1 95 1 175 1 1 838
13 103 1 241 1 82 1 1 761
14 610 1 251 1 126 1 1 7906
15 781 1 103 1 144 1 1 2404
16 121 1 103 1 108 1 1 441
17 551 1 182 1 113 1 1 3363
18 195 1 162 1 208 1 1 3034
15 0 
1211 234 239
20
1 320 1 272 1 285 1 1 6019
2 221 1 157 1 246 1 1 2750
3 328 1 274 1 346 1 1 5931
4 192 1 175 1 292 1 1 4013
5 185 1 116 1 139 1 1 1863
6 223 1 108 1 98 1 1 1281
7 213 1 182 1 190 1 1 1810
8 149 1 134 1 228 1 1 1907
9 300 1 149 1 149 1 1 1974
10 134 1 113 1 200 1 1 1334
11 159 1 134 1 134 1 1 1974
12 185 1 157 1 382 1 1 1890
13 285 1 244 1 254 1 1 5931
14 272 1 134 1 121 1 1 2311
15 251 1 300 1 88 1 1 3528
16 246 1 103 1 149 1 1 827
17 433 1 180 1 154 1 1 2933
18 507 1 264 1 75 1 1 3506
19 300 1 146 1 146 1 1 1396
20 305 1 367 1 121 1 1 3638
16 0 
1211 234 239
22
1 251 1 218 1 139 1 1 2688
2 361 1 185 1 172 1 1 3032
3 351 1 146 1 162 1 1 2348
4 221 1 187 1 198 1 1 1985
5 164 1 198 1 103 1 1 2426
6 118 1 108 1 128 1 1 574
7 290 1 152 1 41 1 1 662
8 1030 1 82 1 67 1 1 1367
9 185 1 154 1 154 1 1 3038
10 126 1 108 1 198 1 1 1169
11 198 1 172 1 246 1 1 2507
12 267 1 111 1 162 1 1 1021
13 231 1 607 1 126 1 1 3693
14 103 1 251 1 44 1 1 210
15 246 1 121 1 108 1 1 1709
16 310 1 264 1 152 1 1 4033
17 146 1 300 1 233 1 1 2624
18 254 1 213 1 269 1 1 2776
19 195 1 233 1 121 1 1 3936
20 223 1 267 1 139 1 1 5931
21 159 1 139 1 200 1 1 1336
22 1516 1 262 1 72 1 1 7540
17 0 
1211 234 239
23
1 88 1 75 1 139 1 1 404
2 300 1 254 1 320 1 1 4630
3 205 1 175 1 100 1 1 1145
4 185 1 116 1 139 1 1 1863
5 203 1 169 1 169 1 1 4035
6 146 1 177 1 185 1 1 1374
7 1168 1 93 1 77 1 1 1985
8 123 1 103 1 177 1 1 1400
9 410 1 159 1 80 1 1 1974
10 228 1 597 1 90 1 1 3638
11 295 1 134 1 167 1 1 3131
12 213 1 182 1 210 1 1 3638
13 431 1 216 1 98 1 1 3032
14 139 1 167 1 272 1 1 2739
15 477 1 200 1 297 1 1 6257
16 264 1 131 1 164 1 1 1742
17 384 1 134 1 241 1 1 1890
18 295 1 146 1 146 1 1 1890
19 425 1 175 1 88 1 1 2668
20 77 1 182 1 62 1 1 331
21 128 1 331 1 82 1 1 984
22 152 1 108 1 169 1 1 871
23 620 1 285 1 128 1 1 7097
18 0 
1211 234 239
23
1 720 1 75 1 75 1 1 1833
2 105 1 249 1 85 1 1 838
3 98 1 118 1 246 1 1 439
4 328 1 282 1 182 1 1 5931
5 182 1 157 1 116 1 1 1504
6 382 1 159 1 175 1 1 2999
7 113 1 93 1 169 1 1 770
8 213 1 469 1 95 1 1 1874
9 661 1 88 1 80 1 1 1246
10 254 1 105 1 157 1 1 937
11 198 1 400 1 313 1 1 6257
12 280 1 244 1 351 1 1 7097
13 310 1 154 1 192 1 1 2811
14 162 1 136 1 157 1 1 1566
15 320 1 384 1 95 1 1 5270
16 218 1 262 1 77 1 1 2348
17 118 1 54 1 100 1 1 585
18 149 1 320 1 108 1 1 1429
19 267 1 111 1 162 1 1 1021
20 1042 1 82 1 70 1 1 1411
21 205 1 95 1 177 1 1 3131
22 157 1 190 1 390 1 1 1749
23 144 1 175 1 359 1 1 1367
19 0 
1211 234 239
18
1 249 1 200 1 408 1 1 8290
2 185 1 177 1 313 1 1 7097
3 190 1 489 1 123 1 1 3197
4 333 1 162 1 162 1 1 1930
5 228 1 205 1 346 1 1 6614
6 149 1 180 1 149 1 1 1872
7 175 1 208 1 70 1 1 874
8 228 1 146 1 241 1 1 3307
9 131 1 111 1 195 1 1 1191
10 282 1 338 1 113 1 1 2867
11 131 1 356 1 59 1 1 439
12 131 1 118 1 198 1 1 1224
13 159 1 144 1 172 1 1 1429
14 415 1 208 1 95 1 1 2725
15 123 1 121 1 210 1 1 1985
16 336 1 285 1 164 1 1 5071
17 236 1 218 1 182 1 1 3182
18 643 1 295 1 134 1 1 7906
20 0 
1211 234 239
14
1 198 1 169 1 177 1 1 1985
2 274 1 200 1 136 1 1 4152
3 126 1 269 1 93 1 1 845
4 190 1 520 1 85 1 1 1367
5 1191 1 123 1 123 1 1 8290
6 377 1 320 1 182 1 1 7097
7 262 1 190 1 131 1 1 3592
8 246 1 103 1 113 1 1 792
9 228 1 141 1 169 1 1 3523
10 671 1 70 1 70 1 1 1486
11 303 1 364 1 303 1 1 15217
12 146 1 121 1 274 1 1 1279
13 185 1 223 1 64 1 1 1445
14 292 1 771 1 162 1 1 7540
21 0 
1211 234 239
15
1 152 1 126 1 210 1 1 1504
2 328 1 272 1 456 1 1 15217
3 118 1 98 1 233 1 1 845
4 205 1 175 1 323 1 1 5126
5 413 1 205 1 93 1 1 2657
6 190 1 159 1 282 1 1 3704
7 180 1 152 1 372 1 1 1744
8 246 1 103 1 52 1 1 408
9 192 1 90 1 108 1 1 463
10 807 1 85 1 85 1 1 2578
11 208 1 177 1 177 1 1 3506
12 351 1 771 1 159 1 1 8290
13 308 1 116 1 77 1 1 574
14 223 1 582 1 100 1 1 2994
15 1214 1 162 1 149 1 1 7723
22 0 
1211 234 239
19
1 95 1 116 1 59 1 1 488
2 233 1 164 1 233 1 1 8290
3 256 1 308 1 90 1 1 3740
4 356 1 185 1 52 1 1 1213
5 203 1 169 1 169 1 1 4033
6 262 1 223 1 128 1 1 2406
7 241 1 200 1 410 1 1 1930
8 246 1 113 1 52 1 1 452
9 244 1 244 1 341 1 1 3989
10 1229 1 210 1 59 1 1 4013
11 236 1 116 1 116 1 1 673
12 167 1 139 1 241 1 1 3638
13 244 1 295 1 72 1 1 2370
14 239 1 108 1 136 1 1 1643
15 290 1 246 1 185 1 1 5931
16 141 1 128 1 228 1 1 1863
17 131 1 159 1 256 1 1 2337
18 392 1 164 1 244 1 1 3506
19 438 1 172 1 85 1 1 2406
23 0 
1211 234 239
20
1 200 1 167 1 395 1 1 4013
2 884 1 118 1 164 1 1 3473
3 356 1 162 1 75 1 1 1345
4 164 1 351 1 121 1 1 1890
5 144 1 123 1 93 1 1 728
6 638 1 236 1 105 1 1 2183
7 226 1 589 1 100 1 1 3131
8 208 1 169 1 308 1 1 4707
9 305 1 259 1 633 1 1 8610
10 103 1 123 1 103 1 1 585
11 146 1 121 1 210 1 1 2381
12 169 1 154 1 262 1 1 2860
13 594 1 103 1 29 1 1 452
14 198 1 541 1 88 1 1 1533
15 134 1 116 1 75 1 1 397
16 187 1 154 1 280 1 1 3523
17 175 1 210 1 175 1 1 2977
18 162 1 100 1 121 1 1 1279
19 139 1 134 1 236 1 1 2994
20 282 1 241 1 241 1 1 8698
24 0 
1211 234 239
23
1 157 1 131 1 233 1 1 2051
2 123 1 108 1 154 1 1 596
3 262 1 88 1 41 1 1 380
4 359 1 172 1 95 1 1 2430
5 200 1 90 1 113 1 1 995
6 249 1 648 1 100 1 1 4657
7 408 1 200 1 200 1 1 3506
8 244 1 103 1 152 1 1 849
9 121 1 103 1 118 1 1 640
10 154 1 139 1 249 1 1 2404
11 338 1 169 1 213 1 1 3682
12 123 1 280 1 111 1 1 860
13 226 1 192 1 246 1 1 3936
14 157 1 128 1 228 1 1 1974
15 620 1 82 1 113 1 1 1202
16 320 1 699 1 208 1 1 8698
17 369 1 172 1 210 1 1 3307
18 121 1 103 1 103 1 1 662
19 200 1 167 1 280 1 1 3473
20 198 1 169 1 108 1 1 1292
21 640 1 67 1 67 1 1 1295
22 781 1 103 1 144 1 1 2410
23 190 1 159 1 285 1 1 3740
25 0 
1211 234 239
17
1 925 1 123 1 172 1 1 3991
2 190 1 159 1 282 1 1 3638
3 497 1 259 1 72 1 1 3307
4 377 1 185 1 187 1 1 4707
5 617 1 228 1 103 1 1 1985
6 182 1 152 1 256 1 1 2659
7 290 1 136 1 164 1 1 1603
8 103 1 123 1 36 1 1 239
9 344 1 172 1 172 1 1 2999
10 134 1 318 1 108 1 1 1749
11 743 1 246 1 154 1 1 8290
12 336 1 164 1 123 1 1 1974
13 233 1 203 1 203 1 1 4033
14 169 1 387 1 152 1 1 2254
15 505 1 210 1 105 1 1 3550
16 226 1 182 1 164 1 1 4630
17 131 1 128 1 223 1 1 2410
26 0 
1211 234 239
17
1 198 1 144 1 98 1 1 1535
2 338 1 408 1 118 1 1 8698
3 433 1 44 1 44 1 1 404
4 157 1 144 1 246 1 1 2344
5 141 1 136 1 239 1 1 3182
6 438 1 251 1 67 1 1 3294
7 254 1 213 1 269 1 1 2776
8 615 1 213 1 384 1 1 7723
9 172 1 149 1 149 1 1 1639
10 180 1 149 1 149 1 1 2796
11 90 1 90 1 157 1 1 836
12 77 1 64 1 113 1 1 243
13 172 1 141 1 264 1 1 2867
14 285 1 128 1 162 1 1 2796
15 159 1 418 1 64 1 1 1246
16 254 1 213 1 190 1 1 5203
17 226 1 190 1 451 1 1 5931
27 0 
1211 234 239
22
1 264 1 126 1 70 1 1 984
2 152 1 108 1 169 1 1 871
3 285 1 241 1 310 1 1 7906
4 198 1 487 1 85 1 1 1533
5 305 1 126 1 62 1 1 984
6 198 1 164 1 210 1 1 3131
7 139 1 126 1 149 1 1 937
8 236 1 105 1 134 1 1 1639
9 103 1 123 1 41 1 1 177
10 139 1 123 1 210 1 1 1500
11 236 1 518 1 154 1 1 3523
12 213 1 177 1 226 1 1 1621
13 187 1 402 1 139 1 1 2853
14 497 1 423 1 108 1 1 6714
15 346 1 157 1 198 1 1 5071
16 226 1 492 1 146 1 1 3032
17 484 1 185 1 121 1 1 2218
18 367 1 39 1 39 1 1 243
19 175 1 146 1 154 1 1 971
20 128 1 108 1 136 1 1 353
21 1232 1 210 1 59 1 1 4033
22 402 1 192 1 108 1 1 3462
28 0 
1211 234 239
17
1 239 1 287 1 95 1 1 1749
2 456 1 387 1 98 1 1 5126
3 228 1 274 1 228 1 1 6614
4 784 1 290 1 131 1 1 4035
5 118 1 239 1 187 1 1 1312
6 239 1 584 1 100 1 1 2670
7 456 1 152 1 95 1 1 1923
8 205 1 172 1 351 1 1 1204
9 203 1 477 1 162 1 1 5920
10 172 1 146 1 169 1 1 1923
11 763 1 290 1 190 1 1 8610
12 221 1 185 1 310 1 1 4707
13 244 1 113 1 172 1 1 1191
14 75 1 62 1 111 1 1 223
15 367 1 167 1 259 1 1 3991
16 131 1 108 1 195 1 1 1169
17 927 1 159 1 44 1 1 1722
29 0 
1211 234 239
13
1 464 1 226 1 226 1 1 5126
2 233 1 203 1 131 1 1 2183
3 612 1 305 1 139 1 1 8698
4 287 1 118 1 172 1 1 1281
5 169 1 167 1 290 1 1 5270
6 226 1 492 1 146 1 1 3032
7 277 1 231 1 295 1 1 8698
8 123 1 90 1 62 1 1 369
9 228 1 600 1 126 1 1 3550
10 103 1 72 1 103 1 1 750
11 221 1 446 1 351 1 1 8698
12 236 1 116 1 116 1 1 673
13 495 1 241 1 241 1 1 6257
30 0 
1211 234 239
21
1 308 1 152 1 113 1 1 1522
2 359 1 149 1 223 1 1 2659
3 111 1 134 1 216 1 1 1383
4 136 1 310 1 123 1 1 1158
5 456 1 228 1 103 1 1 3638
6 384 1 177 1 274 1 1 4657
7 128 1 128 1 180 1 1 574
8 231 1 187 1 349 1 1 6714
9 157 1 141 1 236 1 1 2141
10 226 1 187 1 305 1 1 1367
11 203 1 436 1 149 1 1 3638
12 123 1 123 1 77 1 1 452
13 533 1 203 1 134 1 1 2933
14 216 1 216 1 303 1 1 2750
15 118 1 100 1 26 1 1 89
16 228 1 274 1 318 1 1 3523
17 246 1 295 1 98 1 1 2474
18 559 1 185 1 116 1 1 3506
19 367 1 169 1 259 1 1 4013
20 999 1 80 1 67 1 1 1246
21 681 1 282 1 141 1 1 8698
31 0 
1211 234 239
13
1 231 1 113 1 103 1 1 1389
2 118 1 108 1 128 1 1 574
3 351 1 292 1 600 1 1 6019
4 326 1 292 1 244 1 1 7723
5 669 1 280 1 139 1 1 8290
6 233 1 198 1 228 1 1 4707
7 241 1 630 1 131 1 1 4152
8 374 1 157 1 233 1 1 3034
9 228 1 561 1 98 1 1 2348
10 146 1 121 1 203 1 1 1339
11 351 1 292 1 477 1 1 5181
12 167 1 384 1 152 1 1 2187
13 244 1 200 1 364 1 1 7754
32 0 
1211 234 239
20
1 605 1 315 1 90 1 1 5942
2 433 1 144 1 67 1 1 1738
3 264 1 111 1 121 1 1 984
4 1117 1 88 1 75 1 1 1744
5 141 1 118 1 198 1 1 1246
6 118 1 239 1 187 1 1 1312
7 98 1 44 1 82 1 1 331
8 203 1 172 1 128 1 1 2027
9 351 1 162 1 249 1 1 3506
10 180 1 149 1 336 1 1 2381
11 594 1 236 1 123 1 1 4152
12 280 1 733 1 154 1 1 6515
13 256 1 256 1 159 1 1 4152
14 226 1 205 1 349 1 1 6714
15 192 1 164 1 172 1 1 1833
16 246 1 123 1 57 1 1 563
17 395 1 192 1 144 1 1 3197
18 157 1 141 1 169 1 1 1345
19 226 1 589 1 90 1 1 3462
20 203 1 244 1 80 1 1 1409
33 0 
1211 234 239
16
1 704 1 233 1 146 1 1 7097
2 244 1 195 1 402 1 1 7906
3 213 1 177 1 367 1 1 1367
4 395 1 162 1 239 1 1 3318
5 141 1 367 1 93 1 1 1334
6 190 1 228 1 374 1 1 7097
7 164 1 116 1 182 1 1 1114
8 310 1 226 1 154 1 1 5931
9 264 1 236 1 198 1 1 4152
10 246 1 126 1 118 1 1 960
11 699 1 93 1 128 1 1 1722
12 287 1 241 1 305 1 1 4033
13 152 1 139 1 164 1 1 1239
14 169 1 441 1 67 1 1 1464
15 167 1 139 1 313 1 1 1930
16 405 1 195 1 108 1 1 3523
34 0 
1211 234 239
17
1 216 1 185 1 210 1 1 3740
2 315 1 272 1 175 1 1 5270
3 169 1 144 1 354 1 1 1500
4 259 1 681 1 141 1 1 5203
5 216 1 192 1 159 1 1 2229
6 262 1 223 1 233 1 1 5931
7 239 1 111 1 205 1 1 4875
8 553 1 185 1 85 1 1 3638
9 543 1 216 1 113 1 1 3169
10 310 1 264 1 152 1 1 4033
11 413 1 187 1 85 1 1 2086
12 187 1 159 1 167 1 1 1213
13 226 1 192 1 111 1 1 1533
14 180 1 146 1 131 1 1 2381
15 77 1 70 1 123 1 1 300
16 175 1 123 1 175 1 1 3550
17 384 1 195 1 185 1 1 3638
35 0 
1211 234 239
19
1 152 1 123 1 231 1 1 1930
2 487 1 223 1 100 1 1 3440
3 177 1 213 1 70 1 1 920
4 254 1 116 1 221 1 1 5920
5 167 1 139 1 249 1 1 2443
6 231 1 77 1 36 1 1 265
7 198 1 162 1 292 1 1 4037
8 254 1 216 1 123 1 1 2218
9 310 1 141 1 67 1 1 1284
10 333 1 111 1 70 1 1 743
11 804 1 64 1 52 1 1 651
12 208 1 448 1 154 1 1 3929
13 208 1 177 1 431 1 1 2732
14 1014 1 175 1 49 1 1 2254
15 239 1 108 1 136 1 1 1643
16 254 1 216 1 162 1 1 4013
17 264 1 315 1 328 1 1 7754
18 200 1 93 1 41 1 1 243
19 318 1 292 1 244 1 1 7723
36 0 
1211 234 239
28
1 172 1 141 1 126 1 1 2086
2 182 1 154 1 162 1 1 2018
3 205 1 175 1 428 1 1 2659
4 564 1 187 1 116 1 1 3638
5 177 1 152 1 192 1 1 1930
6 152 1 126 1 218 1 1 2670
7 359 1 118 1 54 1 1 984
8 584 1 244 1 121 1 1 5468
9 113 1 136 1 221 1 1 1464
10 190 1 157 1 285 1 1 3638
11 205 1 149 1 103 1 1 1738
12 226 1 113 1 113 1 1 860
13 192 1 67 1 121 1 1 243
14 274 1 233 1 134 1 1 2796
15 164 1 195 1 205 1 1 1863
16 264 1 646 1 111 1 1 3583
17 305 1 175 1 47 1 1 1114
18 118 1 100 1 100 1 1 827
19 251 1 128 1 121 1 1 1004
20 328 1 159 1 159 1 1 1833
21 989 1 169 1 47 1 1 2086
22 405 1 159 1 80 1 1 1890
23 154 1 131 1 167 1 1 1235
24 384 1 128 1 80 1 1 1158
25 121 1 100 1 182 1 1 955
26 154 1 131 1 315 1 1 1085
27 246 1 103 1 113 1 1 792
28 187 1 482 1 121 1 1 3038
37 0 
1211 234 239
15
1 454 1 259 1 70 1 1 3638
2 239 1 615 1 154 1 1 6257
3 251 1 208 1 374 1 1 8290
4 653 1 218 1 103 1 1 5931
5 198 1 538 1 88 1 1 1504
6 152 1 126 1 226 1 1 1837
7 159 1 139 1 139 1 1 1323
8 182 1 152 1 359 1 1 3038
9 251 1 303 1 157 1 1 8610
10 126 1 123 1 218 1 1 2229
11 218 1 195 1 351 1 1 6714
12 103 1 123 1 31 1 1 172
13 139 1 116 1 213 1 1 1522
14 246 1 113 1 52 1 1 644
15 149 1 123 1 213 1 1 2474
38 0 
1211 234 239
20
1 113 1 292 1 72 1 1 684
2 180 1 149 1 134 1 1 1833
3 256 1 256 1 361 1 1 4707
4 136 1 85 1 103 1 1 772
5 507 1 203 1 105 1 1 2580
6 213 1 177 1 226 1 1 3936
7 118 1 280 1 95 1 1 1202
8 262 1 223 1 233 1 1 3318
9 105 1 85 1 172 1 1 631
10 356 1 175 1 131 1 1 2337
11 218 1 218 1 136 1 1 2536
12 131 1 111 1 195 1 1 1191
13 354 1 149 1 221 1 1 2580
14 134 1 159 1 259 1 1 2406
15 315 1 144 1 67 1 1 1336
16 172 1 379 1 77 1 1 999
17 285 1 203 1 285 1 1 15217
18 198 1 164 1 267 1 1 922
19 111 1 241 1 72 1 1 353
20 290 1 251 1 162 1 1 4163
39 0 
1211 234 239
18
1 566 1 259 1 121 1 1 7754
2 175 1 144 1 328 1 1 2194
3 530 1 259 1 195 1 1 7754
4 400 1 200 1 200 1 1 4762
5 177 1 146 1 303 1 1 770
6 164 1 103 1 123 1 1 1334
7 159 1 134 1 141 1 1 1323
8 172 1 146 1 187 1 1 1744
9 118 1 108 1 128 1 1 574
10 344 1 159 1 195 1 1 2668
11 469 1 195 1 98 1 1 2867
12 231 1 108 1 131 1 1 794
13 446 1 149 1 70 1 1 1907
14 146 1 175 1 361 1 1 1389
15 254 1 116 1 221 1 1 5931
16 267 1 584 1 121 1 1 3638
17 200 1 525 1 111 1 1 2406
18 221 1 446 1 351 1 1 8698
40 0 
1211 234 239
16
1 267 1 111 1 162 1 1 1021
2 190 1 164 1 236 1 1 2194
3 175 1 149 1 157 1 1 995
4 351 1 162 1 249 1 1 3523
5 231 1 505 1 103 1 1 2344
6 134 1 123 1 103 1 1 563
7 267 1 267 1 167 1 1 4707
8 326 1 159 1 144 1 1 3936
9 420 1 218 1 62 1 1 2027
10 105 1 90 1 103 1 1 441
11 313 1 264 1 280 1 1 7723
12 182 1 149 1 272 1 1 3131
13 123 1 103 1 244 1 1 931
14 571 1 262 1 405 1 1 15217
15 195 1 90 1 169 1 1 2688
16 236 1 172 1 118 1 1 2668
41 0 
1211 234 239
21
1 195 1 195 1 274 1 1 2086
2 210 1 182 1 262 1 1 2994
3 382 1 177 1 216 1 1 3638
4 210 1 180 1 205 1 1 3440
5 136 1 111 1 198 1 1 1284
6 185 1 221 1 259 1 1 1863
7 233 1 536 1 210 1 1 5931
8 397 1 198 1 90 1 1 2381
9 208 1 169 1 154 1 1 3693
10 356 1 149 1 126 1 1 1639
11 167 1 200 1 236 1 1 1409
12 896 1 118 1 167 1 1 3638
13 159 1 420 1 88 1 1 1239
14 236 1 116 1 116 1 1 673
15 154 1 152 1 264 1 1 3989
16 216 1 182 1 192 1 1 1837
17 141 1 116 1 213 1 1 1535
18 331 1 164 1 164 1 1 2668
19 200 1 167 1 213 1 1 1359
20 331 1 395 1 131 1 1 5931
21 295 1 136 1 208 1 1 2086
42 0 
1211 234 239
26
1 177 1 146 1 146 1 1 2646
2 507 1 210 1 180 1 1 4707
3 128 1 123 1 218 1 1 2406
4 82 1 167 1 131 1 1 463
5 169 1 203 1 328 1 1 4875
6 256 1 118 1 182 1 1 1356
7 103 1 123 1 103 1 1 585
8 228 1 628 1 103 1 1 2381
9 515 1 251 1 251 1 1 7097
10 208 1 175 1 218 1 1 1504
11 244 1 116 1 64 1 1 766
12 697 1 93 1 128 1 1 1720
13 208 1 208 1 131 1 1 2254
14 164 1 146 1 249 1 1 2474
15 246 1 103 1 52 1 1 408
16 118 1 85 1 59 1 1 331
17 226 1 111 1 100 1 1 1334
18 126 1 269 1 93 1 1 845
19 328 1 136 1 149 1 1 1890
20 326 1 187 1 49 1 1 1359
21 290 1 246 1 185 1 1 5942
22 259 1 118 1 182 1 1 1411
23 126 1 105 1 182 1 1 1533
24 251 1 123 1 64 1 1 585
25 100 1 239 1 80 1 1 750
26 200 1 520 1 90 1 1 2141
43 0 
1211 234 239
17
1 177 1 157 1 282 1 1 3506
2 190 1 487 1 123 1 1 3131
3 548 1 228 1 192 1 1 5920
4 113 1 103 1 175 1 1 838
5 149 1 123 1 213 1 1 2474
6 203 1 172 1 418 1 1 2474
7 277 1 231 1 477 1 1 2994
8 141 1 128 1 218 1 1 1645
9 159 1 136 1 249 1 1 2406
10 244 1 208 1 382 1 1 8610
11 456 1 228 1 103 1 1 3638
12 134 1 111 1 195 1 1 1202
13 134 1 134 1 187 1 1 662
14 154 1 128 1 164 1 1 1522
15 103 1 98 1 175 1 1 1239
16 297 1 246 1 507 1 1 3638
17 973 1 359 1 162 1 1 7723
44 0 
1211 234 239
24
1 131 1 344 1 59 1 1 618
2 512 1 236 1 105 1 1 4037
3 103 1 123 1 128 1 1 452
4 118 1 98 1 126 1 1 673
5 285 1 246 1 159 1 1 3929
6 177 1 149 1 336 1 1 2348
7 172 1 446 1 113 1 1 2406
8 134 1 131 1 231 1 1 2670
9 139 1 126 1 216 1 1 1566
10 218 1 264 1 64 1 1 1709
11 226 1 192 1 49 1 1 629
12 192 1 123 1 203 1 1 1974
13 269 1 592 1 121 1 1 3740
14 308 1 274 1 228 1 1 6486
15 182 1 152 1 152 1 1 2933
16 185 1 154 1 139 1 1 1974
17 180 1 152 1 190 1 1 995
18 192 1 497 1 126 1 1 3307
19 244 1 292 1 98 1 1 2406
20 216 1 192 1 159 1 1 2229
21 146 1 175 1 287 1 1 3197
22 123 1 103 1 172 1 1 799
23 246 1 141 1 39 1 1 574
24 210 1 175 1 157 1 1 2933
45 0 
1211 234 239
23
1 141 1 128 1 213 1 1 1566
2 103 1 241 1 82 1 1 761
3 149 1 303 1 236 1 1 2710
4 441 1 177 1 93 1 1 1711
5 241 1 290 1 300 1 1 5931
6 300 1 256 1 146 1 1 3638
7 152 1 108 1 169 1 1 871
8 246 1 103 1 52 1 1 408
9 185 1 221 1 259 1 1 1890
10 1099 1 146 1 203 1 1 6714
11 95 1 246 1 62 1 1 404
12 387 1 185 1 103 1 1 3038
13 180 1 469 1 72 1 1 1749
14 192 1 98 1 93 1 1 463
15 472 1 216 1 98 1 1 3131
16 687 1 90 1 126 1 1 1639
17 392 1 326 1 669 1 1 8290
18 318 1 154 1 154 1 1 1654
19 121 1 100 1 172 1 1 1334
20 210 1 177 1 223 1 1 1575
21 144 1 131 1 218 1 1 1676
22 185 1 77 1 64 1 1 225
23 152 1 128 1 239 1 1 2086
46 0 
1211 234 239
24
1 164 1 387 1 131 1 1 3182
2 200 1 167 1 213 1 1 1365
3 190 1 95 1 118 1 1 638
4 146 1 177 1 146 1 1 1749
5 216 1 216 1 134 1 1 2474
6 269 1 699 1 121 1 1 5203
7 326 1 185 1 49 1 1 1336
8 899 1 95 1 95 1 1 3583
9 584 1 267 1 121 1 1 5931
10 274 1 233 1 134 1 1 2776
11 756 1 100 1 93 1 1 1863
12 95 1 95 1 164 1 1 984
13 126 1 116 1 195 1 1 1158
14 190 1 162 1 208 1 1 2344
15 185 1 221 1 185 1 1 3440
16 208 1 85 1 126 1 1 488
17 384 1 180 1 218 1 1 3704
18 103 1 123 1 144 1 1 318
19 241 1 126 1 36 1 1 375
20 1027 1 177 1 49 1 1 2337
21 203 1 172 1 180 1 1 1528
22 336 1 192 1 52 1 1 1464
23 172 1 144 1 144 1 1 2474
24 226 1 192 1 469 1 1 3506
47 0 
1211 234 239
19
1 328 1 128 1 64 1 1 1004
2 548 1 228 1 192 1 1 5931
3 367 1 139 1 90 1 1 955
4 123 1 103 1 103 1 1 882
5 226 1 190 1 451 1 1 5931
6 328 1 164 1 75 1 1 1336
7 208 1 175 1 310 1 1 4875
8 277 1 141 1 134 1 1 1374
9 523 1 218 1 185 1 1 5126
10 249 1 548 1 162 1 1 4163
11 274 1 134 1 121 1 1 2381
12 180 1 172 1 305 1 1 6486
13 139 1 62 1 118 1 1 937
14 287 1 249 1 159 1 1 4033
15 518 1 205 1 108 1 1 2732
16 203 1 149 1 100 1 1 1687
17 131 1 111 1 195 1 1 1191
18 123 1 121 1 210 1 1 1985
19 262 1 221 1 282 1 1 6019
48 0 
1211 234 239
21
1 228 1 95 1 139 1 1 662
2 177 1 459 1 70 1 1 1645
3 164 1 198 1 231 1 1 1345
4 402 1 192 1 108 1 1 3462
5 400 1 182 1 282 1 1 5181
6 433 1 144 1 67 1 1 1738
7 164 1 144 1 205 1 1 1445
8 290 1 251 1 251 1 1 7754
9 182 1 152 1 341 1 1 2507
10 123 1 111 1 90 1 1 419
11 167 1 438 1 67 1 1 1429
12 310 1 850 1 139 1 1 5920
13 134 1 111 1 200 1 1 1306
14 218 1 203 1 167 1 1 2525
15 108 1 98 1 175 1 1 827
16 436 1 200 1 90 1 1 2474
17 159 1 192 1 200 1 1 1753
18 1193 1 159 1 221 1 1 8610
19 108 1 95 1 95 1 1 419
20 126 1 108 1 198 1 1 1169
21 167 1 139 1 180 1 1 1930
49 0 
1211 234 239
19
1 180 1 489 1 80 1 1 1129
2 413 1 203 1 152 1 1 3638
3 200 1 182 1 216 1 1 2796
4 239 1 287 1 82 1 1 3027
5 157 1 131 1 131 1 1 1852
6 149 1 123 1 159 1 1 1367
7 518 1 205 1 108 1 1 2739
8 167 1 164 1 287 1 1 5126
9 505 1 167 1 105 1 1 2615
10 128 1 116 1 195 1 1 1169
11 241 1 205 1 216 1 1 3583
12 277 1 605 1 123 1 1 4033
13 262 1 239 1 282 1 1 6257
14 968 1 128 1 118 1 1 3929
15 382 1 198 1 57 1 1 1504
16 123 1 121 1 210 1 1 1985
17 400 1 208 1 59 1 1 1738
18 177 1 213 1 223 1 1 2406
19 305 1 367 1 121 1 1 3638
50 0 
1211 234 239
13
1 200 1 169 1 180 1 1 2668
2 205 1 528 1 134 1 1 3991
3 175 1 382 1 113 1 1 1429
4 149 1 67 1 105 1 1 265
5 466 1 213 1 98 1 1 3038
6 136 1 116 1 149 1 1 889
7 423 1 208 1 210 1 1 6714
8 118 1 239 1 187 1 1 1312
9 415 1 175 1 259 1 1 4152
10 651 1 259 1 136 1 1 5468
11 216 1 216 1 303 1 1 2776
12 658 1 274 1 300 1 1 15217
13 664 1 326 1 244 1 1 15217
51 0 
1211 234 239
25
1 182 1 82 1 157 1 1 2194
2 123 1 146 1 239 1 1 1872
3 157 1 128 1 292 1 1 1566
4 1155 1 198 1 54 1 1 3318
5 139 1 341 1 59 1 1 532
6 149 1 123 1 159 1 1 1345
7 180 1 149 1 134 1 1 1810
8 251 1 213 1 54 1 1 860
9 262 1 313 1 90 1 1 3989
10 292 1 640 1 131 1 1 4762
11 305 1 146 1 82 1 1 1522
12 246 1 103 1 52 1 1 408
13 710 1 75 1 75 1 1 1753
14 167 1 356 1 121 1 1 1974
15 287 1 149 1 41 1 1 651
16 111 1 131 1 70 1 1 728
17 505 1 251 1 116 1 1 4875
18 433 1 144 1 90 1 1 1654
19 190 1 190 1 264 1 1 1863
20 141 1 116 1 198 1 1 1213
21 169 1 146 1 267 1 1 2933
22 134 1 269 1 210 1 1 1907
23 262 1 223 1 233 1 1 5920
24 203 1 244 1 70 1 1 1863
25 405 1 203 1 203 1 1 4875
52 0 
1211 234 239
22
1 180 1 216 1 446 1 1 2580
2 208 1 456 1 93 1 1 1738
3 223 1 103 1 192 1 1 3909
4 1040 1 180 1 49 1 1 2430
5 415 1 203 1 203 1 1 3682
6 131 1 269 1 210 1 1 1890
7 149 1 180 1 372 1 1 1500
8 152 1 149 1 259 1 1 3740
9 438 1 218 1 100 1 1 3197
10 123 1 121 1 210 1 1 1985
11 146 1 382 1 95 1 1 1500
12 297 1 246 1 507 1 1 3638
13 228 1 146 1 241 1 1 3318
14 569 1 259 1 118 1 1 5468
15 272 1 141 1 39 1 1 552
16 152 1 126 1 213 1 1 1535
17 159 1 134 1 34 1 1 221
18 157 1 139 1 249 1 1 2426
19 251 1 88 1 157 1 1 532
20 262 1 643 1 111 1 2 3523
21 80 1 64 1 121 1 1 272
22 105 1 272 1 67 1 1 549
53 0 
1211 234 239
22
1 149 1 146 1 254 1 1 3592
2 134 1 116 1 121 1 1 629
3 415 1 190 1 88 1 1 3038
4 308 1 126 1 187 1 1 1592
5 195 1 172 1 244 1 1 2430
6 367 1 152 1 167 1 1 2657
7 820 1 303 1 136 1 1 4630
8 620 1 64 1 64 1 1 1180
9 236 1 200 1 487 1 1 3929
10 141 1 116 1 205 1 1 1429
11 103 1 264 1 67 1 1 494
12 249 1 205 1 185 1 1 4762
13 395 1 185 1 223 1 1 4013
14 221 1 111 1 111 1 1 794
15 233 1 200 1 210 1 1 2381
16 195 1 162 1 272 1 1 3182
17 195 1 90 1 167 1 1 2624
18 282 1 338 1 85 1 1 3638
19 205 1 172 1 218 1 1 3506
20 891 1 70 1 59 1 1 889
21 103 1 123 1 36 1 1 239
22 344 1 413 1 136 1 1 5181
54 0 
1211 234 239
21
1 111 1 105 1 185 1 1 1486
2 415 1 208 1 95 1 1 2725
3 185 1 136 1 93 1 1 1295
4 167 1 200 1 57 1 1 1037
5 136 1 123 1 208 1 1 1429
6 131 1 111 1 195 1 1 1213
7 118 1 100 1 128 1 1 552
8 134 1 159 1 167 1 1 995
9 413 1 216 1 62 1 1 1890
10 195 1 233 1 121 1 1 4033
11 157 1 128 1 231 1 1 1998
12 146 1 67 1 126 1 1 1145
13 221 1 264 1 77 1 1 2410
14 223 1 187 1 323 1 1 8610
15 208 1 507 1 88 1 1 1742
16 123 1 103 1 131 1 1 746
17 356 1 175 1 177 1 1 3991
18 280 1 239 1 59 1 1 1202
19 269 1 228 1 241 1 1 3638
20 320 1 228 1 356 1 1 8290
21 413 1 185 1 236 1 1 8610
55 0 
1211 234 239
14
1 246 1 103 1 52 1 1 408
2 185 1 154 1 264 1 1 4762
3 418 1 144 1 262 1 1 2430
4 507 1 259 1 244 1 1 8290
5 610 1 251 1 126 1 1 7906
6 123 1 111 1 198 1 1 1180
7 210 1 177 1 177 1 1 4542
8 192 1 139 1 95 1 1 1429
9 123 1 103 1 131 1 1 746
10 141 1 131 1 221 1 1 1711
11 351 1 144 1 72 1 1 1528
12 200 1 169 1 177 1 1 1464
13 195 1 187 1 331 1 1 8290
14 364 1 315 1 315 1 1 15217
56 0 
1211 234 239
25
1 175 1 210 1 436 1 1 2410
2 303 1 139 1 62 1 1 827
3 515 1 195 1 128 1 1 2657
4 190 1 162 1 121 1 1 1645
5 231 1 113 1 85 1 1 644
6 198 1 182 1 216 1 1 2776
7 290 1 246 1 315 1 1 8290
8 251 1 223 1 187 1 1 3506
9 246 1 123 1 57 1 1 563
10 121 1 103 1 108 1 1 441
11 282 1 236 1 213 1 1 7097
12 216 1 98 1 123 1 1 1235
13 175 1 146 1 185 1 1 920
14 80 1 67 1 123 1 1 300
15 144 1 121 1 208 1 1 2344
16 149 1 136 1 228 1 1 1874
17 180 1 90 1 41 1 1 225
18 116 1 95 1 175 1 1 838
19 216 1 180 1 308 1 1 7540
20 267 1 223 1 459 1 1 2668
21 128 1 108 1 136 1 1 353
22 400 1 139 1 251 1 1 2141
23 223 1 100 1 126 1 1 1367
24 251 1 123 1 64 1 1 585
25 512 1 213 1 318 1 1 7754
57 0 
1211 234 239
11
1 546 1 272 1 341 1 1 15217
2 280 1 236 1 297 1 1 3740
3 254 1 213 1 269 1 1 2796
4 282 1 256 1 305 1 1 7906
5 733 1 420 1 113 1 1 15217
6 131 1 128 1 226 1 1 2474
7 177 1 390 1 116 1 1 1500
8 267 1 223 1 282 1 1 3197
9 180 1 216 1 54 1 1 955
10 126 1 105 1 172 1 1 243
11 395 1 336 1 192 1 1 8290
58 0 
1211 234 239
18
1 397 1 203 1 190 1 1 4035
2 175 1 149 1 157 1 1 1004
3 341 1 408 1 136 1 1 6515
4 285 1 236 1 484 1 1 3169
5 216 1 177 1 320 1 1 5270
6 433 1 226 1 64 1 1 2194
7 390 1 177 1 82 1 1 2525
8 1905 1 152 1 126 1 1 8610
9 159 1 131 1 236 1 1 2086
10 274 1 331 1 111 1 1 3462
11 469 1 195 1 164 1 1 3682
12 172 1 77 1 98 1 1 638
13 256 1 118 1 182 1 1 1356
14 200 1 167 1 210 1 1 1354
15 231 1 113 1 103 1 1 1389
16 203 1 126 1 152 1 1 2507
17 249 1 121 1 123 1 1 1367
18 259 1 210 1 190 1 1 7097
59 0 
1211 234 239
20
1 246 1 141 1 39 1 1 574
2 167 1 139 1 241 1 1 3638
3 244 1 205 1 154 1 1 3473
4 162 1 162 1 228 1 1 1180
5 241 1 530 1 108 1 1 2725
6 113 1 111 1 192 1 1 1575
7 1091 1 187 1 52 1 1 2811
8 233 1 190 1 172 1 1 5181
9 128 1 274 1 93 1 1 913
10 192 1 162 1 208 1 1 2410
11 182 1 167 1 282 1 1 3523
12 198 1 90 1 41 1 1 331
13 267 1 123 1 152 1 1 1246
14 131 1 121 1 203 1 1 1334
15 510 1 192 1 126 1 1 2578
16 927 1 123 1 172 1 1 4037
17 274 1 246 1 205 1 1 4657
18 223 1 267 1 139 1 1 5942
19 213 1 177 1 159 1 1 3038
20 492 1 226 1 103 1 1 3550
60 0 
1211 234 239
20
1 308 1 103 1 64 1 1 585
2 177 1 146 1 267 1 1 2999
3 336 1 280 1 356 1 1 15217
4 172 1 405 1 136 1 1 3638
5 889 1 93 1 93 1 1 3440
6 141 1 128 1 228 1 1 1863
7 466 1 195 1 213 1 1 5468
8 123 1 123 1 77 1 1 452
9 559 1 59 1 59 1 1 860
10 607 1 223 1 100 1 1 1874
11 574 1 190 1 90 1 1 4035
12 88 1 72 1 134 1 1 377
13 144 1 123 1 297 1 1 913
14 239 1 285 1 82 1 1 3010
15 172 1 80 1 121 1 1 419
16 246 1 205 1 262 1 1 2523
17 259 1 108 1 157 1 1 955
18 175 1 459 1 95 1 1 1603
19 180 1 149 1 190 1 1 2344
20 159 1 103 1 167 1 1 1092
61 0 
1211 234 239
17
1 290 1 246 1 185 1 1 5931
2 141 1 139 1 241 1 1 3038
3 111 1 241 1 72 1 1 353
4 169 1 203 1 210 1 1 2051
5 850 1 67 1 57 1 1 766
6 210 1 518 1 90 1 1 1852
7 318 1 272 1 285 1 1 8290
8 262 1 239 1 282 1 1 6257
9 123 1 111 1 198 1 1 1180
10 192 1 231 1 77 1 1 922
11 164 1 139 1 246 1 1 2410
12 198 1 164 1 290 1 1 4013
13 300 1 126 1 187 1 1 1566
14 218 1 187 1 187 1 1 4037
15 379 1 192 1 182 1 1 3506
16 413 1 203 1 205 1 1 6257
17 169 1 141 1 254 1 1 2578
62 0 
1211 234 239
17
1 223 1 584 1 100 1 1 3034
2 157 1 190 1 62 1 1 651
3 159 1 128 1 264 1 1 2254
4 251 1 180 1 282 1 1 4037
5 208 1 187 1 315 1 1 5040
6 203 1 172 1 128 1 1 2051
7 336 1 172 1 162 1 1 2426
8 315 1 154 1 139 1 1 3583
9 180 1 159 1 287 1 1 3704
10 937 1 126 1 175 1 1 4163
11 198 1 172 1 172 1 1 2426
12 210 1 169 1 346 1 1 5071
13 128 1 90 1 128 1 1 1396
14 167 1 141 1 262 1 1 2739
15 1608 1 128 1 105 1 1 5181
16 177 1 162 1 274 1 1 3318
17 1472 1 118 1 98 1 1 3989
63 0 
1211 234 239
15
1 369 1 128 1 231 1 1 1654
2 300 1 735 1 126 1 1 5270
3 546 1 213 1 105 1 1 4630
4 297 1 149 1 185 1 1 2474
5 259 1 128 1 128 1 1 1281
6 157 1 131 1 313 1 1 1998
7 162 1 77 1 44 1 1 223
8 246 1 297 1 482 1 1 15217
9 295 1 146 1 146 1 1 1874
10 246 1 203 1 374 1 1 8290
11 346 1 157 1 198 1 1 5071
12 103 1 267 1 41 1 1 320
13 251 1 105 1 157 1 1 920
14 894 1 93 1 93 1 1 3523
15 320 1 159 1 72 1 1 1246
64 0 
1211 234 239
23
1 390 1 152 1 75 1 1 1711
2 315 1 377 1 126 1 1 3989
3 377 1 146 1 72 1 1 1522
4 152 1 146 1 256 1 1 3704
5 123 1 118 1 208 1 1 2086
6 190 1 469 1 80 1 1 1367
7 218 1 187 1 195 1 1 3506
8 123 1 320 1 80 1 1 889
9 200 1 167 1 377 1 1 3363
10 149 1 121 1 108 1 1 1334
11 75 1 88 1 75 1 1 223
12 131 1 128 1 226 1 1 2507
13 159 1 141 1 118 1 1 904
14 282 1 136 1 141 1 1 1974
15 525 1 216 1 108 1 1 5040
16 182 1 152 1 136 1 1 1874
17 372 1 146 1 72 1 1 1486
18 123 1 103 1 210 1 1 256
19 200 1 167 1 280 1 1 3528
20 292 1 244 1 218 1 1 7723
21 244 1 203 1 331 1 1 1742
22 149 1 123 1 218 1 1 1709
23 177 1 213 1 111 1 1 3027
65 0 
1211 234 239
16
1 187 1 159 1 167 1 1 1213
2 264 1 226 1 226 1 1 7097
3 134 1 111 1 195 1 1 1202
4 459 1 228 1 105 1 1 3704
5 126 1 116 1 195 1 1 1158
6 228 1 600 1 126 1 1 3550
7 269 1 223 1 287 1 1 7906
8 303 1 126 1 139 1 1 1486
9 551 1 269 1 269 1 1 8698
10 336 1 282 1 356 1 1 6486
11 152 1 180 1 295 1 1 3473
12 121 1 103 1 59 1 1 232
13 190 1 228 1 75 1 1 1138
14 292 1 134 1 208 1 1 2027
15 213 1 177 1 228 1 1 3989
16 871 1 70 1 57 1 1 827
66 0 
1211 234 239
15
1 167 1 410 1 70 1 1 920
2 157 1 141 1 116 1 1 874
3 233 1 538 1 213 1 1 6019
4 223 1 195 1 195 1 1 3523
5 310 1 264 1 152 1 1 3991
6 216 1 185 1 338 1 1 5931
7 295 1 295 1 413 1 1 7097
8 75 1 67 1 113 1 1 239
9 356 1 175 1 159 1 1 5181
10 246 1 208 1 121 1 1 1985
11 187 1 159 1 159 1 1 2580
12 146 1 177 1 146 1 1 1749
13 305 1 671 1 139 1 1 5468
14 233 1 169 1 116 1 1 2525
15 305 1 305 1 428 1 1 7906
67 0 
1211 234 239
21
1 282 1 118 1 175 1 1 1301
2 256 1 676 1 141 1 1 5126
3 177 1 379 1 128 1 1 2381
4 169 1 141 1 141 1 1 2348
5 149 1 105 1 149 1 1 2229
6 843 1 113 1 157 1 1 3038
7 285 1 344 1 400 1 1 6941
8 346 1 134 1 67 1 1 1180
9 172 1 144 1 128 1 1 1630
10 111 1 241 1 72 1 1 353
11 423 1 203 1 113 1 1 3989
12 249 1 34 1 31 1 1 67
13 443 1 221 1 100 1 1 3307
14 131 1 108 1 195 1 1 1147
15 367 1 164 1 208 1 1 6019
16 602 1 200 1 126 1 1 4427
17 195 1 169 1 244 1 1 2410
18 328 1 187 1 52 1 1 1367
19 118 1 98 1 236 1 1 849
20 310 1 154 1 192 1 1 2811
21 246 1 216 1 308 1 1 4762
68 0 
1211 234 239
18
1 640 1 241 1 159 1 1 5071
2 149 1 300 1 236 1 1 2668
3 292 1 146 1 146 1 1 1833
4 244 1 172 1 272 1 1 3638
5 236 1 116 1 116 1 1 673
6 187 1 377 1 297 1 1 5270
7 136 1 111 1 203 1 1 1323
8 154 1 128 1 164 1 1 1500
9 269 1 218 1 198 1 1 7906
10 336 1 139 1 208 1 1 2187
11 318 1 269 1 70 1 1 1749
12 172 1 141 1 254 1 1 2659
13 246 1 208 1 218 1 1 2732
14 377 1 175 1 213 1 1 3506
15 359 1 164 1 77 1 1 1985
16 152 1 123 1 251 1 1 1930
17 175 1 111 1 131 1 1 1630
18 356 1 297 1 610 1 1 6257
69 0 
1211 234 239
17
1 205 1 149 1 103 1 1 1749
2 326 1 277 1 159 1 1 4657
3 164 1 103 1 123 1 1 1339
4 198 1 454 1 180 1 1 3638
5 172 1 146 1 187 1 1 1738
6 612 1 203 1 126 1 1 4630
7 121 1 100 1 175 1 1 1345
8 131 1 121 1 203 1 1 1339
9 200 1 520 1 80 1 1 2410
10 154 1 400 1 100 1 1 1738
11 269 1 231 1 559 1 1 5931
12 361 1 180 1 226 1 1 4427
13 159 1 144 1 241 1 1 2254
14 103 1 267 1 47 1 1 287
15 676 1 226 1 141 1 1 6257
16 274 1 331 1 111 1 1 2670
17 543 1 264 1 264 1 1 8290
70 0 
1211 234 239
22
1 244 1 203 1 256 1 1 2430
2 1255 1 100 1 82 1 1 2474
3 387 1 190 1 141 1 1 3034
4 246 1 123 1 123 1 1 1090
5 254 1 113 1 144 1 1 2018
6 1094 1 88 1 72 1 1 1639
7 182 1 152 1 136 1 1 1890
8 221 1 520 1 177 1 1 7723
9 228 1 190 1 310 1 1 1445
10 162 1 369 1 146 1 1 1974
11 203 1 244 1 285 1 1 2525
12 177 1 126 1 177 1 1 3682
13 128 1 154 1 320 1 1 960
14 203 1 169 1 152 1 1 2650
15 231 1 277 1 93 1 1 2051
16 111 1 93 1 164 1 1 743
17 571 1 285 1 131 1 1 7097
18 272 1 126 1 192 1 1 1645
19 167 1 141 1 164 1 1 1749
20 167 1 200 1 415 1 1 2086
21 131 1 310 1 105 1 1 1630
22 213 1 180 1 136 1 1 2337
71 0 
1211 234 239
17
1 239 1 200 1 333 1 1 5920
2 223 1 185 1 303 1 1 1334
3 272 1 136 1 136 1 1 1500
4 223 1 103 1 192 1 1 3909
5 103 1 280 1 47 1 1 210
6 208 1 251 1 518 1 1 4037
7 1071 1 113 1 113 1 1 6019
8 177 1 461 1 80 1 1 1504
9 372 1 182 1 136 1 1 2650
10 415 1 172 1 146 1 1 2567
11 216 1 472 1 139 1 1 2668
12 236 1 216 1 256 1 1 4657
13 256 1 213 1 482 1 1 6941
14 180 1 113 1 134 1 1 1749
15 103 1 123 1 36 1 1 239
16 187 1 85 1 162 1 1 2344
17 408 1 489 1 162 1 1 8698
72 0 
1211 234 239
20
1 136 1 116 1 121 1 1 644
2 387 1 175 1 221 1 1 7097
3 105 1 49 1 90 1 1 428
4 712 1 95 1 131 1 1 1833
5 169 1 141 1 315 1 1 1985
6 157 1 131 1 167 1 1 1575
7 205 1 469 1 185 1 1 4033
8 190 1 446 1 152 1 1 4875
9 162 1 146 1 246 1 1 2426
10 128 1 108 1 136 1 1 353
11 103 1 123 1 41 1 1 137
12 113 1 105 1 177 1 1 889
13 182 1 157 1 287 1 1 3682
14 218 1 177 1 159 1 1 4163
15 556 1 185 1 116 1 1 3462
16 763 1 290 1 190 1 1 8610
17 428 1 213 1 98 1 1 2999
18 159 1 136 1 136 1 1 1568
19 164 1 139 1 177 1 1 1504
20 525 1 218 1 318 1 1 7906
73 0 
1211 234 239
22
1 236 1 285 1 146 1 1 7097
2 198 1 82 1 123 1 1 452
3 152 1 98 1 159 1 1 984
4 157 1 144 1 172 1 1 1396
5 374 1 157 1 77 1 1 1464
6 382 1 157 1 231 1 1 3032
7 172 1 208 1 172 1 1 2867
8 251 1 653 1 100 1 1 4762
9 405 1 167 1 82 1 1 2311
10 228 1 274 1 90 1 1 1528
11 177 1 469 1 98 1 1 1711
12 277 1 126 1 59 1 1 913
13 152 1 126 1 218 1 1 2668
14 205 1 167 1 149 1 1 3473
15 233 1 169 1 116 1 1 2525
16 164 1 405 1 70 1 1 882
17 223 1 103 1 192 1 1 3909
18 223 1 180 1 367 1 1 6019
19 121 1 103 1 108 1 1 441
20 167 1 136 1 249 1 1 2406
21 134 1 351 1 72 1 1 713
22 500 1 195 1 98 1 1 3592
74 0 
1211 234 239
23
1 397 1 164 1 241 1 1 3440
2 210 1 464 1 95 1 1 1810
3 136 1 354 1 90 1 1 1213
4 103 1 123 1 144 1 1 318
5 159 1 159 1 223 1 1 1125
6 472 1 192 1 95 1 1 3638
7 177 1 162 1 192 1 1 1985
8 374 1 128 1 233 1 1 1749
9 216 1 259 1 303 1 1 3010
10 221 1 221 1 139 1 1 2646
11 123 1 103 1 182 1 1 984
12 169 1 149 1 149 1 1 1592
13 297 1 249 1 315 1 1 4427
14 134 1 111 1 185 1 1 1021
15 246 1 103 1 88 1 1 532
16 198 1 162 1 295 1 1 4037
17 131 1 116 1 210 1 1 1429
18 128 1 108 1 136 1 1 353
19 256 1 167 1 269 1 1 4707
20 505 1 251 1 116 1 1 4875
21 251 1 208 1 428 1 1 2187
22 190 1 226 1 118 1 1 3638
23 1229 1 210 1 59 1 1 4013
75 0 
1211 234 239
25
1 128 1 128 1 180 1 1 574
2 103 1 264 1 67 1 1 494
3 131 1 108 1 177 1 1 265
4 287 1 707 1 121 1 1 4707
5 221 1 205 1 169 1 1 2615
6 108 1 90 1 157 1 1 995
7 461 1 226 1 226 1 1 5071
8 172 1 146 1 359 1 1 1575
9 182 1 157 1 116 1 1 1504
10 277 1 113 1 57 1 1 752
11 111 1 105 1 187 1 1 1535
12 254 1 213 1 269 1 1 2811
13 418 1 172 1 85 1 1 2523
14 241 1 126 1 36 1 1 375
15 236 1 612 1 105 1 1 3506
16 210 1 464 1 136 1 1 2525
17 203 1 441 1 131 1 1 2194
18 799 1 82 1 82 1 1 2507
19 205 1 172 1 154 1 1 2732
20 126 1 152 1 77 1 1 1070
21 244 1 292 1 98 1 1 2406
22 525 1 70 1 98 1 1 739
23 210 1 451 1 154 1 1 4013
24 221 1 144 1 233 1 1 3010
25 233 1 233 1 328 1 1 3523
76 0 
1211 234 239
29
1 116 1 52 1 67 1 1 197
2 162 1 136 1 136 1 1 1603
3 180 1 216 1 223 1 1 2430
4 126 1 80 1 95 1 1 618
5 154 1 136 1 136 1 1 1202
6 233 1 192 1 315 1 1 1504
7 241 1 203 1 256 1 1 2370
8 111 1 134 1 70 1 1 739
9 367 1 182 1 182 1 1 3638
10 233 1 108 1 200 1 1 4542
11 274 1 328 1 108 1 1 2646
12 192 1 192 1 269 1 1 1974
13 415 1 169 1 85 1 1 2474
14 213 1 185 1 118 1 1 1630
15 807 1 108 1 149 1 1 2657
16 167 1 438 1 67 1 1 1429
17 136 1 164 1 85 1 1 1367
18 128 1 128 1 180 1 1 574
19 195 1 167 1 175 1 1 2507
20 264 1 131 1 164 1 1 1738
21 159 1 72 1 113 1 1 331
22 244 1 244 1 341 1 1 3991
23 267 1 131 1 134 1 1 1709
24 246 1 141 1 39 1 1 574
25 182 1 154 1 116 1 1 1445
26 200 1 105 1 29 1 1 221
27 413 1 205 1 93 1 1 2657
28 423 1 146 1 264 1 1 2523
29 482 1 251 1 72 1 1 3034
77 0 
1211 234 239
13
1 336 1 282 1 356 1 1 6486
2 305 1 259 1 195 1 1 6941
3 408 1 364 1 305 1 1 15217
4 223 1 187 1 420 1 1 4657
5 492 1 226 1 103 1 1 3528
6 100 1 80 1 164 1 1 549
7 277 1 103 1 47 1 1 177
8 282 1 338 1 85 1 1 3638
9 180 1 180 1 254 1 1 1630
10 192 1 175 1 208 1 1 2512
11 228 1 111 1 100 1 1 1367
12 408 1 200 1 200 1 1 3506
13 341 1 835 1 144 1 1 7754
78 0 
1211 234 239
20
1 835 1 111 1 103 1 1 2523
2 131 1 111 1 190 1 1 1744
3 231 1 113 1 103 1 1 1389
4 88 1 80 1 95 1 1 243
5 251 1 300 1 88 1 1 3523
6 231 1 203 1 203 1 1 3989
7 520 1 203 1 100 1 1 4035
8 113 1 93 1 164 1 1 750
9 246 1 121 1 108 1 1 1711
10 351 1 157 1 200 1 1 5270
11 285 1 131 1 246 1 1 8290
12 236 1 218 1 182 1 1 3182
13 111 1 93 1 167 1 1 739
14 331 1 152 1 233 1 1 2933
15 300 1 221 1 149 1 1 5468
16 369 1 128 1 231 1 1 1654
17 408 1 169 1 144 1 1 2430
18 303 1 149 1 152 1 1 2474
19 103 1 85 1 152 1 1 578
20 308 1 152 1 152 1 1 1522
79 0 
1211 234 239
19
1 103 1 251 1 44 1 1 210
2 118 1 100 1 128 1 1 552
3 187 1 433 1 169 1 1 3131
4 167 1 139 1 331 1 1 2381
5 185 1 164 1 295 1 1 4033
6 694 1 264 1 172 1 1 6486
7 246 1 126 1 118 1 1 960
8 85 1 70 1 126 1 1 331
9 328 1 152 1 70 1 1 1522
10 128 1 128 1 180 1 1 574
11 272 1 126 1 154 1 1 1323
12 408 1 489 1 141 1 1 15217
13 180 1 469 1 80 1 1 1575
14 584 1 292 1 134 1 1 7540
15 269 1 123 1 57 1 1 845
16 172 1 154 1 277 1 1 3296
17 123 1 103 1 177 1 1 1400
18 154 1 128 1 231 1 1 1985
19 152 1 328 1 111 1 1 1542
80 0 
1211 234 239
17
1 249 1 546 1 113 1 1 2933
2 367 1 169 1 259 1 1 4013
3 638 1 254 1 134 1 1 5126
4 134 1 318 1 108 1 1 1753
5 361 1 180 1 180 1 1 3506
6 131 1 108 1 195 1 1 1162
7 264 1 126 1 70 1 1 971
8 128 1 116 1 195 1 1 1193
9 297 1 146 1 149 1 1 2344
10 180 1 216 1 111 1 1 3107
11 213 1 433 1 338 1 1 7906
12 249 1 213 1 213 1 1 5931
13 123 1 103 1 244 1 1 931
14 277 1 128 1 198 1 1 1749
15 175 1 146 1 349 1 1 2732
16 461 1 236 1 221 1 1 6257
17 820 1 341 1 169 1 1 15217
81 0 
1211 234 239
17
1 1785 1 141 1 118 1 1 7097
2 182 1 369 1 290 1 1 4875
3 459 1 175 1 113 1 1 1872
4 280 1 280 1 392 1 1 6019
5 146 1 131 1 221 1 1 1694
6 213 1 520 1 90 1 1 1872
7 134 1 62 1 116 1 1 874
8 152 1 128 1 315 1 1 1070
9 397 1 198 1 198 1 1 4657
10 297 1 146 1 131 1 1 3038
11 336 1 280 1 571 1 1 5203
12 192 1 425 1 88 1 1 1396
13 359 1 175 1 131 1 1 2404
14 159 1 159 1 223 1 1 1134
15 387 1 159 1 233 1 1 3131
16 815 1 108 1 152 1 1 2739
17 328 1 277 1 349 1 1 6019
82 0 
1211 234 239
16
1 172 1 144 1 182 1 1 2086
2 515 1 172 1 108 1 1 2776
3 420 1 218 1 62 1 1 2018
4 198 1 451 1 180 1 1 3592
5 310 1 310 1 436 1 1 8290
6 372 1 310 1 392 1 1 8610
7 162 1 134 1 233 1 1 3235
8 134 1 111 1 144 1 1 988
9 244 1 244 1 344 1 1 4037
10 704 1 75 1 75 1 1 1722
11 139 1 123 1 223 1 1 1722
12 118 1 100 1 128 1 1 552
13 431 1 200 1 244 1 1 5181
14 182 1 433 1 146 1 1 4427
15 282 1 338 1 85 1 1 3638
16 397 1 182 1 82 1 1 1890
83 0 
1211 234 239
11
1 216 1 561 1 98 1 1 2710
2 576 1 239 1 118 1 1 6714
3 295 1 807 1 134 1 1 5071
4 167 1 149 1 267 1 1 2977
5 244 1 157 1 256 1 1 3989
6 169 1 77 1 146 1 1 1753
7 797 1 105 1 98 1 1 2187
8 177 1 159 1 272 1 1 3197
9 244 1 121 1 54 1 1 552
10 218 1 195 1 349 1 1 6614
11 108 1 246 1 98 1 6 574
84 0 
1211 234 239
16
1 274 1 113 1 169 1 1 1189
2 195 1 139 1 195 1 1 4875
3 123 1 123 1 77 1 1 463
4 256 1 116 1 221 1 1 5942
5 244 1 218 1 367 1 1 7906
6 295 1 251 1 264 1 1 6614
7 149 1 121 1 108 1 1 1323
8 254 1 692 1 113 1 1 3197
9 205 1 85 1 72 1 1 309
10 274 1 233 1 175 1 1 5071
11 226 1 192 1 469 1 1 3506
12 313 1 146 1 177 1 1 1985
13 459 1 190 1 162 1 1 3462
14 185 1 131 1 208 1 1 1630
15 233 1 152 1 246 1 1 3523
16 213 1 98 1 182 1 1 3440
85 0 
1211 234 239
23
1 246 1 103 1 52 1 1 408
2 277 1 103 1 47 1 1 177
3 208 1 175 1 223 1 1 3704
4 136 1 116 1 123 1 1 860
5 264 1 111 1 93 1 1 662
6 141 1 169 1 274 1 1 2860
7 190 1 134 1 210 1 1 1722
8 134 1 128 1 226 1 1 2650
9 267 1 223 1 200 1 1 5942
10 226 1 93 1 136 1 1 631
11 200 1 169 1 415 1 1 2443
12 359 1 167 1 203 1 1 2994
13 413 1 172 1 85 1 1 1930
14 489 1 195 1 103 1 1 2337
15 192 1 233 1 77 1 1 937
16 172 1 205 1 423 1 1 2229
17 205 1 182 1 152 1 1 1930
18 105 1 88 1 152 1 1 920
19 569 1 75 1 105 1 1 937
20 410 1 233 1 64 1 1 2670
21 103 1 47 1 90 1 1 408
22 300 1 262 1 262 1 1 8610
23 256 1 218 1 218 1 1 6486
86 0 
1211 234 239
25
1 236 1 116 1 116 1 1 673
2 185 1 157 1 200 1 1 2141
3 479 1 82 1 24 1 1 239
4 88 1 72 1 93 1 1 223
5 144 1 121 1 216 1 1 1630
6 159 1 128 1 116 1 1 1630
7 177 1 177 1 111 1 1 1367
8 502 1 190 1 126 1 1 2474
9 267 1 131 1 131 1 1 995
10 141 1 123 1 177 1 1 920
11 246 1 123 1 123 1 1 1090
12 226 1 203 1 167 1 1 2580
13 162 1 134 1 226 1 1 1852
14 226 1 187 1 239 1 1 1930
15 121 1 103 1 249 1 1 521
16 344 1 167 1 167 1 1 2086
17 113 1 80 1 126 1 1 377
18 187 1 187 1 118 1 1 1639
19 244 1 213 1 213 1 1 4630
20 195 1 448 1 177 1 1 3506
21 203 1 477 1 162 1 1 5920
22 223 1 205 1 244 1 1 3991
23 187 1 443 1 149 1 1 4762
24 530 1 41 1 34 1 1 188
25 320 1 876 1 144 1 1 6486
87 0 
1211 234 239
14
1 123 1 118 1 208 1 1 2040
2 267 1 226 1 259 1 1 6941
3 246 1 295 1 98 1 1 2474
4 226 1 103 1 128 1 1 1429
5 866 1 90 1 90 1 1 3197
6 231 1 607 1 126 1 1 3682
7 472 1 236 1 236 1 1 7754
8 328 1 113 1 205 1 1 1169
9 794 1 82 1 82 1 1 2474
10 333 1 162 1 162 1 1 1923
11 236 1 285 1 95 1 1 2187
12 218 1 182 1 433 1 1 5270
13 267 1 111 1 162 1 1 1021
14 397 1 338 1 254 1 1 15217
88 0 
1211 234 239
15
1 236 1 200 1 116 1 1 1749
2 139 1 118 1 123 1 1 889
3 213 1 180 1 180 1 1 3682
4 131 1 108 1 192 1 1 1189
5 221 1 187 1 198 1 1 3592
6 152 1 136 1 233 1 1 2018
7 203 1 203 1 126 1 1 2018
8 123 1 103 1 167 1 1 221
9 246 1 564 1 223 1 1 6941
10 203 1 172 1 221 1 1 2853
11 303 1 361 1 121 1 1 3523
12 233 1 108 1 131 1 1 827
13 287 1 251 1 251 1 1 7540
14 364 1 315 1 315 1 1 15217
15 123 1 118 1 208 1 1 2040
89 0 
1211 234 239
20
1 425 1 169 1 88 1 1 1522
2 205 1 172 1 218 1 1 3550
3 548 1 182 1 85 1 1 3550
4 231 1 198 1 146 1 1 3027
5 141 1 172 1 177 1 1 1239
6 320 1 154 1 85 1 1 1749
7 128 1 111 1 116 1 1 726
8 228 1 111 1 100 1 1 1361
9 144 1 175 1 359 1 1 1359
10 267 1 223 1 502 1 1 7906
11 392 1 131 1 62 1 1 1295
12 98 1 70 1 98 1 1 613
13 228 1 274 1 228 1 1 6486
14 223 1 103 1 192 1 1 3909
15 103 1 67 1 108 1 1 300
16 351 1 164 1 200 1 1 2853
17 200 1 239 1 59 1 1 1281
18 308 1 804 1 139 1 1 7906
19 128 1 116 1 195 1 1 1169
20 236 1 285 1 146 1 1 7097
90 0 
1211 234 239
23
1 190 1 175 1 146 1 1 1630
2 200 1 515 1 128 1 1 3693
3 223 1 192 1 192 1 1 3506
4 495 1 205 1 103 1 1 3318
5 292 1 351 1 88 1 1 4037
6 216 1 98 1 185 1 1 3550
7 187 1 172 1 203 1 1 2337
8 159 1 134 1 169 1 1 695
9 254 1 556 1 113 1 1 3131
10 80 1 57 1 80 1 1 331
11 216 1 182 1 228 1 1 1709
12 152 1 182 1 95 1 1 1863
13 213 1 95 1 121 1 1 1189
14 198 1 164 1 267 1 1 920
15 384 1 157 1 77 1 1 1985
16 103 1 123 1 36 1 1 239
17 300 1 262 1 262 1 1 8698
18 356 1 164 1 200 1 1 2933
19 75 1 67 1 118 1 1 265
20 251 1 303 1 100 1 1 2646
21 318 1 162 1 152 1 1 2051
22 118 1 141 1 292 1 1 739
23 472 1 236 1 236 1 1 7723
91 0 
1211 234 239
19
1 546 1 203 1 90 1 1 1367
2 187 1 157 1 200 1 1 2725
3 894 1 93 1 93 1 1 3506
4 249 1 210 1 372 1 1 8290
5 320 1 159 1 159 1 1 2406
6 297 1 246 1 402 1 1 3131
7 177 1 152 1 175 1 1 2086
8 822 1 111 1 100 1 1 2404
9 157 1 134 1 154 1 1 1464
10 182 1 154 1 162 1 1 1522
11 218 1 195 1 162 1 1 2344
12 177 1 415 1 141 1 1 3936
13 136 1 116 1 282 1 1 772
14 223 1 195 1 195 1 1 3528
15 167 1 139 1 246 1 1 2474
16 136 1 113 1 195 1 1 1890
17 338 1 285 1 359 1 1 6614
18 159 1 192 1 200 1 1 1738
19 167 1 139 1 180 1 1 1930
92 0 
1211 234 239
24
1 228 1 162 1 256 1 1 3038
2 303 1 364 1 121 1 1 3592
3 118 1 98 1 177 1 1 889
4 172 1 141 1 239 1 1 2183
5 185 1 118 1 192 1 1 1720
6 638 1 213 1 134 1 1 5270
7 118 1 144 1 233 1 1 1720
8 162 1 136 1 323 1 1 2183
9 254 1 228 1 190 1 1 3693
10 262 1 103 1 52 1 1 508
11 548 1 251 1 118 1 1 7097
12 123 1 103 1 172 1 1 799
13 492 1 164 1 103 1 1 2410
14 190 1 157 1 282 1 1 3528
15 111 1 90 1 169 1 1 772
16 116 1 111 1 195 1 1 1709
17 103 1 123 1 200 1 1 1079
18 182 1 154 1 162 1 1 1985
19 131 1 105 1 216 1 1 1202
20 297 1 123 1 185 1 1 1522
21 105 1 126 1 131 1 1 501
22 192 1 164 1 187 1 1 2650
23 157 1 187 1 221 1 1 1158
24 228 1 228 1 141 1 1 2933
93 0 
1211 234 239
12
1 105 1 90 1 157 1 1 644
2 274 1 331 1 111 1 1 3462
3 290 1 251 1 251 1 1 7754
4 223 1 103 1 192 1 1 4033
5 180 1 472 1 98 1 1 1749
6 175 1 167 1 295 1 1 5920
7 185 1 221 1 456 1 1 2796
8 269 1 228 1 241 1 1 3638
9 500 1 244 1 182 1 1 6515
10 295 1 776 1 162 1 1 7754
11 149 1 123 1 213 1 1 2507
12 231 1 187 1 349 1 1 6714
94 0 
1211 234 239
20
1 216 1 559 1 95 1 1 2670
2 164 1 139 1 239 1 1 3473
3 318 1 131 1 192 1 1 1749
4 198 1 239 1 492 1 1 3506
5 180 1 154 1 285 1 1 3550
6 146 1 338 1 134 1 1 1504
7 180 1 149 1 269 1 1 3131
8 292 1 134 1 208 1 1 2051
9 318 1 267 1 338 1 1 5468
10 177 1 146 1 246 1 1 2406
11 236 1 198 1 405 1 1 1837
12 192 1 175 1 292 1 1 4033
13 177 1 162 1 192 1 1 1974
14 364 1 175 1 98 1 1 2556
15 251 1 123 1 64 1 1 585
16 121 1 103 1 108 1 1 320
17 1158 1 154 1 141 1 1 6714
18 200 1 167 1 210 1 1 1345
19 167 1 118 1 167 1 1 3038
20 395 1 185 1 223 1 1 4033
95 0 
1211 234 239
13
1 408 1 167 1 246 1 1 3682
2 456 1 190 1 210 1 1 5126
3 167 1 136 1 123 1 1 1923
4 515 1 210 1 105 1 1 4762
5 482 1 200 1 221 1 1 6019
6 310 1 152 1 152 1 1 1535
7 367 1 315 1 203 1 1 8290
8 152 1 126 1 126 1 1 1694
9 244 1 292 1 244 1 1 7906
10 246 1 210 1 157 1 1 3638
11 395 1 180 1 85 1 1 2624
12 461 1 192 1 95 1 1 2732
13 190 1 159 1 285 1 1 3740
96 0 
1211 234 239
18
1 251 1 123 1 64 1 1 585
2 223 1 190 1 108 1 1 1489
3 287 1 287 1 405 1 1 6614
4 495 1 241 1 180 1 1 6257
5 262 1 131 1 164 1 1 1694
6 1521 1 203 1 187 1 1 15217
7 256 1 218 1 54 1 1 920
8 175 1 149 1 172 1 1 1985
9 123 1 123 1 77 1 1 463
10 361 1 175 1 98 1 1 2512
11 285 1 241 1 62 1 1 1246
12 162 1 144 1 244 1 1 2344
13 244 1 244 1 152 1 1 3523
14 228 1 274 1 90 1 1 1974
15 167 1 149 1 123 1 1 1037
16 90 1 108 1 126 1 1 225
17 213 1 484 1 192 1 1 4427
18 410 1 233 1 64 1 1 2657
97 0 
1211 234 239
16
1 228 1 592 1 103 1 1 3169
2 233 1 198 1 198 1 1 4875
3 415 1 203 1 152 1 1 3704
4 182 1 182 1 254 1 1 1645
5 382 1 134 1 239 1 1 1863
6 249 1 223 1 185 1 1 3462
7 141 1 139 1 241 1 1 3010
8 118 1 239 1 187 1 1 1312
9 190 1 159 1 267 1 1 3038
10 226 1 187 1 323 1 1 8698
11 154 1 128 1 128 1 1 1749
12 538 1 180 1 82 1 1 3318
13 141 1 128 1 218 1 1 1639
14 1257 1 167 1 154 1 1 8610
15 185 1 154 1 349 1 1 2646
16 272 1 228 1 290 1 1 3440
98 0 
1211 234 239
17
1 384 1 326 1 187 1 1 7540
2 738 1 272 1 123 1 1 3363
3 244 1 218 1 367 1 1 7906
4 351 1 144 1 72 1 1 1528
5 198 1 164 1 146 1 1 2406
6 164 1 361 1 108 1 1 1202
7 164 1 131 1 269 1 1 2381
8 144 1 308 1 105 1 1 1281
9 259 1 313 1 103 1 1 2254
10 477 1 218 1 103 1 1 4657
11 177 1 464 1 80 1 1 1528
12 254 1 216 1 54 1 1 889
13 175 1 149 1 157 1 1 984
14 387 1 175 1 221 1 1 7097
15 139 1 116 1 208 1 1 1445
16 233 1 113 1 103 1 1 1445
17 241 1 551 1 218 1 1 6486
99 0 
1211 234 239
16
1 200 1 546 1 90 1 1 1575
2 482 1 241 1 241 1 1 8290
3 274 1 331 1 95 1 1 4657
4 259 1 566 1 169 1 1 4630
5 617 1 82 1 113 1 1 1191
6 236 1 200 1 200 1 1 5071
7 285 1 118 1 100 1 1 827
8 318 1 162 1 152 1 1 2051
9 218 1 190 1 272 1 1 3307
10 192 1 164 1 123 1 1 1749
11 228 1 628 1 103 1 1 2381
12 216 1 134 1 162 1 1 2999
13 152 1 139 1 164 1 1 1235
14 246 1 536 1 159 1 1 3929
15 221 1 203 1 169 1 1 2556
16 200 1 195 1 341 1 1 8610
100 0 
1211 234 239
19
1 185 1 425 1 167 1 1 2999
2 400 1 134 1 62 1 1 1367
3 159 1 131 1 233 1 1 2086
4 239 1 108 1 136 1 1 1643
5 180 1 218 1 448 1 1 2650
6 154 1 356 1 141 1 1 1744
7 123 1 111 1 198 1 1 1180
8 310 1 374 1 93 1 1 4875
9 520 1 216 1 185 1 1 5071
10 159 1 364 1 144 1 1 1863
11 121 1 111 1 185 1 1 995
12 213 1 182 1 210 1 1 3638
13 231 1 116 1 144 1 1 1169
14 226 1 269 1 226 1 1 6257
15 246 1 216 1 308 1 1 4762
16 359 1 164 1 77 1 1 1974
17 395 1 474 1 157 1 1 7906
18 121 1 103 1 108 1 1 574
19 226 1 190 1 241 1 1 1974
