100
1 0 
1211 234 239
12
1 118 1 80 1 52 1 1 397
2 82 1 118 1 90 1 1 574
3 290 1 157 1 157 1 1 6019
4 200 1 134 1 131 1 1 2302
5 103 1 154 1 134 1 1 1235
6 354 1 510 1 154 1 1 19004
7 203 1 136 1 118 1 1 1588
8 251 1 361 1 274 1 1 14110
9 139 1 93 1 72 1 1 494
10 221 1 292 1 111 1 1 5314
11 95 1 139 1 105 1 1 1389
12 185 1 123 1 100 1 1 1213
2 0 
1211 234 239
7
1 254 1 172 1 249 1 1 7055
2 661 1 300 1 180 1 1 17924
3 333 1 479 1 136 1 1 9172
4 213 1 144 1 139 1 1 2792
5 246 1 354 1 285 1 1 12964
6 131 1 190 1 95 1 1 1224
7 413 1 280 1 90 1 1 8819
3 0 
1211 234 239
13
1 208 1 300 1 111 1 1 4385
2 267 1 180 1 208 1 1 7748
3 344 1 402 1 344 1 1 14496
4 400 1 269 1 95 1 1 5931
5 105 1 154 1 108 1 1 904
6 154 1 223 1 123 1 1 2582
7 118 1 80 1 88 1 1 662
8 216 1 185 1 72 1 1 2282
9 141 1 205 1 141 1 1 3054
10 118 1 77 1 80 1 1 838
11 149 1 100 1 98 1 1 971
12 338 1 228 1 139 1 1 8973
13 195 1 280 1 134 1 1 5497
4 0 
1211 234 239
12
1 267 1 223 1 228 1 1 5600
2 152 1 218 1 164 1 1 3726
3 126 1 80 1 93 1 1 1026
4 103 1 139 1 103 1 1 838
5 254 1 254 1 241 1 1 8786
6 134 1 90 1 113 1 1 882
7 231 1 277 1 349 1 1 10351
8 344 1 231 1 231 1 1 8114
9 269 1 405 1 152 1 1 8488
10 169 1 118 1 103 1 1 1445
11 103 1 108 1 82 1 1 364
12 274 1 190 1 131 1 1 4961
5 0 
1211 234 239
16
1 216 1 149 1 187 1 1 4079
2 123 1 180 1 90 1 1 1400
3 128 1 116 1 116 1 1 915
4 118 1 82 1 59 1 1 331
5 208 1 300 1 249 1 1 5497
6 354 1 239 1 231 1 1 14816
7 205 1 205 1 239 1 1 2878
8 379 1 256 1 82 1 1 4762
9 118 1 80 1 54 1 1 177
10 251 1 169 1 108 1 1 2161
11 118 1 172 1 141 1 1 2117
12 139 1 185 1 121 1 1 1323
13 361 1 244 1 157 1 1 8213
14 256 1 172 1 134 1 1 2514
15 113 1 75 1 70 1 1 397
16 221 1 387 1 241 1 1 11321
6 0 
1211 234 239
21
1 157 1 213 1 144 1 1 2359
2 310 1 338 1 290 1 1 9326
3 88 1 59 1 77 1 1 364
4 85 1 123 1 113 1 1 717
5 82 1 118 1 90 1 1 556
6 80 1 77 1 47 1 1 309
7 154 1 185 1 100 1 1 827
8 111 1 159 1 80 1 1 849
9 136 1 62 1 59 1 1 441
10 210 1 315 1 144 1 1 4829
11 418 1 282 1 146 1 1 12964
12 82 1 118 1 67 1 1 402
13 118 1 80 1 49 1 1 133
14 131 1 88 1 100 1 1 1092
15 172 1 116 1 90 1 1 1235
16 185 1 267 1 126 1 1 3715
17 118 1 80 1 77 1 1 849
18 233 1 313 1 192 1 1 7154
19 118 1 80 1 90 1 1 871
20 164 1 157 1 121 1 1 1797
21 267 1 180 1 139 1 1 9436
7 0 
1211 234 239
10
1 136 1 198 1 90 1 1 1764
2 167 1 246 1 121 1 1 2646
3 226 1 157 1 77 1 1 1952
4 318 1 431 1 249 1 1 14816
5 82 1 118 1 93 1 1 754
6 152 1 221 1 164 1 1 3925
7 123 1 103 1 82 1 1 389
8 256 1 172 1 67 1 1 2514
9 397 1 267 1 303 1 1 18621
10 287 1 282 1 377 1 1 14110
8 0 
1211 234 239
13
1 213 1 305 1 239 1 1 10120
2 82 1 118 1 141 1 1 1103
3 208 1 177 1 146 1 1 7143
4 254 1 172 1 139 1 1 5060
5 277 1 187 1 241 1 1 11288
6 118 1 80 1 77 1 1 497
7 295 1 198 1 95 1 1 3821
8 146 1 177 1 195 1 1 3821
9 254 1 169 1 64 1 1 1323
10 226 1 152 1 72 1 1 2657
11 254 1 254 1 241 1 1 5497
12 103 1 123 1 88 1 1 552
13 213 1 223 1 218 1 1 6879
9 0 
1211 234 239
15
1 402 1 272 1 105 1 1 6008
2 297 1 249 1 310 1 1 7717
3 195 1 131 1 144 1 1 3010
4 118 1 80 1 52 1 1 441
5 290 1 200 1 105 1 1 3616
6 82 1 118 1 95 1 1 662
7 167 1 241 1 162 1 1 4079
8 118 1 80 1 52 1 1 362
9 123 1 82 1 128 1 1 794
10 95 1 136 1 141 1 1 1120
11 75 1 100 1 82 1 1 274
12 205 1 205 1 113 1 1 4432
13 70 1 100 1 75 1 1 375
14 144 1 208 1 159 1 1 3235
15 400 1 269 1 251 1 1 18343
10 0 
1211 234 239
13
1 118 1 80 1 54 1 1 397
2 154 1 233 1 154 1 1 3054
3 100 1 67 1 47 1 1 168
4 318 1 216 1 82 1 1 3951
5 223 1 323 1 175 1 1 7276
6 118 1 80 1 52 1 1 221
7 95 1 144 1 80 1 1 772
8 144 1 134 1 187 1 1 3495
9 205 1 297 1 103 1 1 4255
10 180 1 259 1 315 1 1 8246
11 226 1 323 1 287 1 1 9877
12 82 1 118 1 93 1 1 532
13 323 1 218 1 254 1 1 17494
11 0 
1211 234 239
21
1 213 1 152 1 152 1 1 3638
2 93 1 62 1 70 1 1 406
3 187 1 267 1 203 1 1 8488
4 251 1 251 1 313 1 1 10880
5 67 1 72 1 54 1 1 111
6 108 1 82 1 116 1 1 684
7 108 1 208 1 72 1 1 1643
8 90 1 62 1 36 1 1 122
9 146 1 198 1 113 1 1 1158
10 95 1 139 1 98 1 1 721
11 205 1 205 1 136 1 1 7143
12 123 1 77 1 128 1 1 695
13 82 1 118 1 82 1 1 463
14 103 1 123 1 159 1 1 717
15 136 1 185 1 131 1 1 960
16 126 1 152 1 175 1 1 1411
17 392 1 272 1 180 1 1 7386
18 162 1 108 1 108 1 1 1222
19 103 1 77 1 93 1 1 838
20 205 1 246 1 190 1 1 3715
21 441 1 295 1 190 1 1 9800
12 0 
1211 234 239
12
1 262 1 177 1 177 1 1 5126
2 118 1 80 1 39 1 1 221
3 300 1 203 1 136 1 1 5137
4 233 1 256 1 177 1 1 5893
5 244 1 157 1 259 1 1 4311
6 218 1 295 1 200 1 1 5071
7 118 1 80 1 47 1 1 408
8 93 1 62 1 54 1 1 386
9 131 1 190 1 152 1 1 2481
10 313 1 210 1 103 1 1 7143
11 466 1 313 1 111 1 1 10256
12 269 1 269 1 134 1 1 7386
13 0 
1211 234 239
15
1 267 1 384 1 218 1 1 9172
2 118 1 80 1 72 1 1 353
3 82 1 118 1 57 1 1 217
4 154 1 128 1 128 1 1 1015
5 172 1 118 1 93 1 1 1290
6 310 1 208 1 88 1 1 3693
7 292 1 198 1 88 1 1 3241
8 226 1 349 1 136 1 1 8554
9 118 1 80 1 34 1 1 155
10 213 1 144 1 64 1 1 1257
11 308 1 443 1 210 1 1 16535
12 82 1 118 1 100 1 1 223
13 256 1 172 1 118 1 1 3947
14 192 1 128 1 185 1 1 2547
15 259 1 374 1 88 1 1 7419
14 0 
1211 234 239
19
1 90 1 59 1 52 1 1 177
2 269 1 269 1 175 1 1 3561
3 274 1 172 1 256 1 1 6714
4 246 1 356 1 144 1 1 5545
5 80 1 59 1 72 1 1 252
6 54 1 77 1 57 1 1 133
7 141 1 203 1 154 1 1 2977
8 118 1 80 1 49 1 1 243
9 118 1 80 1 59 1 1 441
10 118 1 80 1 77 1 1 463
11 103 1 149 1 70 1 1 752
12 162 1 244 1 111 1 1 1885
13 192 1 128 1 103 1 1 1544
14 180 1 216 1 95 1 1 2933
15 103 1 70 1 98 1 1 576
16 177 1 256 1 154 1 1 4652
17 315 1 454 1 128 1 1 16976
18 331 1 223 1 77 1 1 2933
19 187 1 126 1 149 1 1 3175
15 0 
1211 234 239
10
1 118 1 80 1 57 1 1 309
2 295 1 262 1 367 1 1 15874
3 157 1 105 1 95 1 1 571
4 372 1 249 1 121 1 1 7263
5 118 1 88 1 105 1 1 397
6 111 1 134 1 103 1 1 684
7 246 1 167 1 105 1 1 2320
8 300 1 285 1 172 1 1 12765
9 118 1 80 1 90 1 1 563
10 264 1 354 1 264 1 1 13890
16 0 
1211 234 239
13
1 136 1 90 1 103 1 1 827
2 328 1 282 1 187 1 1 5181
3 408 1 274 1 167 1 1 10054
4 126 1 182 1 152 1 1 1160
5 262 1 374 1 98 1 1 8973
6 123 1 103 1 180 1 1 1094
7 157 1 105 1 93 1 1 922
8 126 1 182 1 95 1 1 982
9 241 1 241 1 90 1 1 2205
10 272 1 221 1 251 1 1 12038
11 205 1 295 1 244 1 1 7276
12 121 1 180 1 77 1 1 993
13 233 1 280 1 185 1 1 5556
17 0 
1211 234 239
9
1 507 1 328 1 303 1 1 10704
2 167 1 226 1 144 1 1 3307
3 152 1 218 1 177 1 1 3969
4 256 1 172 1 111 1 1 3512
5 448 1 303 1 223 1 1 19137
6 118 1 80 1 72 1 1 389
7 80 1 118 1 31 1 1 203
8 226 1 152 1 195 1 1 3726
9 244 1 351 1 228 1 1 11994
18 0 
1211 234 239
10
1 244 1 244 1 157 1 1 5611
2 103 1 123 1 54 1 1 391
3 192 1 249 1 95 1 1 4807
4 305 1 205 1 134 1 1 7761
5 103 1 123 1 24 1 1 150
6 392 1 264 1 256 1 1 10583
7 177 1 118 1 134 1 1 1125
8 246 1 333 1 246 1 1 8169
9 190 1 128 1 49 1 1 408
10 472 1 354 1 354 1 1 16976
19 0 
1211 234 239
19
1 241 1 326 1 262 1 1 11476
2 118 1 80 1 98 1 1 481
3 354 1 239 1 116 1 1 6306
4 118 1 80 1 70 1 1 430
5 98 1 169 1 82 1 1 1006
6 290 1 195 1 221 1 1 10583
7 198 1 139 1 154 1 1 3087
8 82 1 118 1 41 1 1 243
9 292 1 198 1 126 1 1 5098
10 167 1 111 1 108 1 1 1323
11 246 1 164 1 95 1 1 2205
12 118 1 80 1 77 1 1 574
13 59 1 80 1 52 1 1 102
14 103 1 123 1 82 1 1 684
15 308 1 208 1 346 1 1 4564
16 95 1 139 1 82 1 1 635
17 85 1 123 1 113 1 1 693
18 149 1 100 1 144 1 1 1667
19 185 1 267 1 203 1 1 6140
20 0 
1211 234 239
13
1 82 1 118 1 82 1 1 397
2 123 1 103 1 164 1 1 1947
3 190 1 274 1 213 1 1 7386
4 82 1 118 1 29 1 1 300
5 88 1 88 1 39 1 1 177
6 195 1 338 1 162 1 1 7871
7 82 1 118 1 111 1 1 618
8 77 1 111 1 88 1 1 486
9 236 1 341 1 259 1 1 16535
10 349 1 233 1 159 1 1 6273
11 103 1 103 1 57 1 1 272
12 274 1 395 1 136 1 1 8466
13 290 1 218 1 192 1 1 10186
21 0 
1211 234 239
8
1 59 1 80 1 57 1 1 56
2 195 1 264 1 246 1 1 14386
3 364 1 241 1 167 1 1 9172
4 103 1 123 1 118 1 1 554
5 295 1 428 1 231 1 1 15753
6 425 1 285 1 139 1 1 9877
7 118 1 80 1 31 1 1 155
8 277 1 187 1 210 1 1 10803
22 0 
1211 234 239
17
1 72 1 103 1 80 1 1 389
2 118 1 80 1 31 1 1 188
3 228 1 190 1 295 1 1 6019
4 282 1 190 1 128 1 1 5038
5 105 1 152 1 152 1 1 1290
6 123 1 103 1 149 1 1 486
7 221 1 146 1 164 1 1 2822
8 292 1 198 1 70 1 1 2567
9 177 1 267 1 213 1 1 7143
10 282 1 254 1 146 1 1 9172
11 59 1 80 1 44 1 1 102
12 108 1 108 1 77 1 1 662
13 116 1 167 1 134 1 1 2117
14 226 1 187 1 141 1 1 2315
15 259 1 175 1 157 1 1 5005
16 195 1 280 1 152 1 1 4807
17 146 1 213 1 213 1 1 3528
23 0 
1211 234 239
17
1 187 1 272 1 100 1 1 2990
2 192 1 134 1 154 1 1 1268
3 497 1 333 1 118 1 1 14110
4 118 1 80 1 77 1 1 618
5 98 1 116 1 93 1 1 618
6 90 1 62 1 75 1 1 243
7 93 1 93 1 93 1 1 1070
8 72 1 139 1 49 1 1 474
9 425 1 287 1 111 1 1 7298
10 118 1 80 1 70 1 1 486
11 118 1 80 1 31 1 1 177
12 57 1 77 1 72 1 1 364
13 131 1 175 1 103 1 1 1092
14 297 1 200 1 128 1 1 7143
15 246 1 167 1 187 1 1 7331
16 433 1 292 1 141 1 1 7540
17 377 1 377 1 198 1 1 17494
24 0 
1211 234 239
11
1 169 1 113 1 111 1 1 1381
2 208 1 139 1 90 1 1 1158
3 118 1 80 1 93 1 1 662
4 267 1 180 1 259 1 1 8444
5 190 1 226 1 241 1 1 5181
6 131 1 198 1 111 1 1 2073
7 402 1 272 1 228 1 1 8852
8 118 1 82 1 88 1 1 772
9 249 1 262 1 149 1 1 8665
10 356 1 249 1 216 1 1 12964
11 254 1 172 1 154 1 1 7496
25 0 
1211 234 239
13
1 290 1 195 1 88 1 1 5137
2 187 1 269 1 338 1 1 8268
3 59 1 80 1 31 1 1 84
4 431 1 290 1 216 1 1 12964
5 244 1 164 1 203 1 1 6350
6 108 1 157 1 75 1 1 607
7 108 1 131 1 100 1 1 618
8 100 1 121 1 72 1 1 340
9 205 1 157 1 205 1 1 3528
10 118 1 82 1 44 1 1 210
11 308 1 308 1 144 1 1 7761
12 177 1 177 1 218 1 1 4705
13 182 1 182 1 280 1 1 6350
26 0 
1211 234 239
9
1 418 1 282 1 254 1 1 9855
2 134 1 192 1 141 1 1 2527
3 82 1 118 1 90 1 1 728
4 175 1 139 1 226 1 1 7937
5 290 1 203 1 118 1 1 5027
6 259 1 175 1 67 1 1 2205
7 159 1 231 1 175 1 1 3550
8 425 1 612 1 318 1 1 18810
9 356 1 241 1 93 1 1 6791
27 0 
1211 234 239
13
1 280 1 454 1 349 1 1 12699
2 118 1 82 1 88 1 1 574
3 123 1 182 1 123 1 1 1257
4 341 1 228 1 95 1 1 4807
5 405 1 272 1 228 1 1 11828
6 62 1 67 1 62 1 1 210
7 269 1 182 1 210 1 1 7055
8 295 1 198 1 154 1 1 3307
9 280 1 208 1 144 1 1 3781
10 167 1 259 1 182 1 1 3528
11 82 1 118 1 39 1 1 217
12 88 1 128 1 88 1 1 303
13 285 1 408 1 195 1 1 12699
28 0 
1211 234 239
15
1 41 1 59 1 93 1 1 111
2 118 1 80 1 90 1 1 574
3 305 1 413 1 239 1 1 9304
4 77 1 77 1 64 1 1 309
5 118 1 93 1 26 1 1 133
6 88 1 105 1 105 1 1 298
7 77 1 113 1 52 1 1 254
8 95 1 139 1 95 1 1 717
9 262 1 377 1 139 1 1 7684
10 85 1 123 1 111 1 1 552
11 280 1 336 1 146 1 1 8136
12 113 1 113 1 146 1 1 1334
13 305 1 205 1 200 1 1 8213
14 274 1 395 1 136 1 1 9855
15 400 1 269 1 216 1 1 12060
29 0 
1211 234 239
10
1 254 1 377 1 144 1 1 16535
2 116 1 167 1 126 1 1 1610
3 446 1 300 1 126 1 1 9580
4 251 1 361 1 228 1 1 10583
5 82 1 118 1 118 1 1 585
6 123 1 82 1 93 1 1 644
7 118 1 80 1 90 1 1 827
8 113 1 77 1 85 1 1 752
9 313 1 213 1 205 1 1 11630
10 384 1 259 1 175 1 1 11945
30 0 
1211 234 239
13
1 82 1 118 1 49 1 1 309
2 118 1 80 1 44 1 1 186
3 249 1 167 1 167 1 1 2404
4 203 1 136 1 88 1 1 1881
5 290 1 418 1 200 1 1 10726
6 162 1 111 1 134 1 1 1290
7 82 1 118 1 34 1 1 265
8 264 1 379 1 131 1 1 7386
9 111 1 152 1 88 1 1 849
10 118 1 80 1 116 1 1 860
11 262 1 379 1 131 1 1 8819
12 356 1 536 1 333 1 1 18343
13 118 1 80 1 52 1 1 188
31 0 
1211 234 239
17
1 70 1 57 1 70 1 1 463
2 259 1 175 1 175 1 1 5038
3 226 1 152 1 221 1 1 4950
4 213 1 305 1 139 1 1 4586
5 533 1 359 1 185 1 1 13272
6 118 1 80 1 54 1 1 397
7 226 1 152 1 59 1 1 1515
8 118 1 80 1 98 1 1 516
9 351 1 236 1 128 1 1 4685
10 82 1 118 1 90 1 1 549
11 159 1 111 1 126 1 1 1632
12 47 1 67 1 82 1 1 144
13 267 1 190 1 177 1 1 9039
14 82 1 118 1 108 1 1 552
15 118 1 80 1 77 1 1 706
16 185 1 267 1 118 1 1 2911
17 200 1 210 1 141 1 1 7022
32 0 
1211 234 239
14
1 100 1 67 1 44 1 1 139
2 128 1 175 1 118 1 1 1103
3 213 1 144 1 88 1 1 1852
4 82 1 118 1 90 1 1 556
5 256 1 180 1 167 1 1 6736
6 315 1 213 1 157 1 1 6685
7 167 1 167 1 131 1 1 2889
8 134 1 192 1 146 1 1 2549
9 318 1 152 1 228 1 1 5766
10 205 1 136 1 154 1 1 6758
11 146 1 210 1 52 1 1 977
12 249 1 374 1 249 1 1 14110
13 111 1 159 1 134 1 1 2646
14 223 1 149 1 164 1 1 4498
33 0 
1211 234 239
13
1 144 1 205 1 157 1 1 3186
2 269 1 387 1 251 1 1 14110
3 269 1 364 1 236 1 1 11817
4 175 1 251 1 82 1 1 3131
5 187 1 126 1 52 1 1 794
6 85 1 128 1 103 1 1 827
7 59 1 80 1 54 1 1 98
8 118 1 80 1 90 1 1 331
9 244 1 328 1 210 1 1 5633
10 118 1 80 1 72 1 1 353
11 285 1 192 1 80 1 1 2911
12 379 1 256 1 164 1 1 7783
13 180 1 262 1 231 1 1 7717
34 0 
1211 234 239
8
1 118 1 169 1 64 1 1 1182
2 213 1 144 1 98 1 1 2344
3 134 1 198 1 182 1 1 4498
4 249 1 372 1 233 1 1 13184
5 320 1 216 1 118 1 1 4132
6 308 1 213 1 200 1 1 7651
7 331 1 482 1 200 1 1 12038
8 246 1 356 1 177 1 1 8554
35 0 
1211 234 239
15
1 144 1 195 1 152 1 1 1667
2 308 1 208 1 200 1 1 11476
3 136 1 185 1 128 1 1 2778
4 285 1 236 1 213 1 1 4288
5 282 1 190 1 134 1 1 3076
6 418 1 282 1 108 1 1 9172
7 200 1 169 1 233 1 1 4090
8 187 1 126 1 72 1 1 1037
9 118 1 80 1 52 1 1 230
10 200 1 134 1 139 1 1 3821
11 221 1 159 1 108 1 1 10362
12 59 1 80 1 52 1 1 102
13 159 1 108 1 111 1 1 1059
14 82 1 118 1 24 1 1 265
15 118 1 169 1 128 1 1 1722
36 0 
1211 234 239
14
1 208 1 175 1 305 1 1 8114
2 264 1 221 1 198 1 1 4542
3 80 1 80 1 77 1 1 2922
4 175 1 116 1 139 1 1 2150
5 285 1 192 1 123 1 1 5402
6 111 1 149 1 113 1 1 1015
7 274 1 185 1 208 1 1 8171
8 305 1 205 1 139 1 1 2712
9 149 1 98 1 251 1 1 1411
10 118 1 80 1 49 1 1 298
11 59 1 80 1 54 1 1 102
12 103 1 146 1 113 1 1 1191
13 90 1 62 1 59 1 1 219
14 267 1 384 1 244 1 1 18453
37 0 
1211 234 239
11
1 374 1 251 1 131 1 1 7154
2 111 1 159 1 118 1 1 1456
3 93 1 105 1 88 1 1 254
4 85 1 123 1 49 1 1 243
5 139 1 167 1 221 1 1 2426
6 233 1 336 1 108 1 1 5644
7 236 1 118 1 190 1 1 3704
8 400 1 269 1 182 1 1 14110
9 82 1 118 1 90 1 1 574
10 303 1 218 1 267 1 1 12743
11 379 1 262 1 182 1 1 9161
38 0 
1211 234 239
13
1 121 1 175 1 80 1 1 1004
2 313 1 216 1 210 1 1 7386
3 259 1 175 1 203 1 1 6074
4 290 1 195 1 88 1 1 2124
5 216 1 146 1 164 1 1 4939
6 105 1 72 1 26 1 1 133
7 118 1 80 1 93 1 1 662
8 216 1 180 1 185 1 1 2549
9 216 1 144 1 162 1 1 4031
10 192 1 134 1 121 1 1 1797
11 192 1 259 1 177 1 1 5497
12 226 1 323 1 239 1 1 11950
13 256 1 308 1 384 1 1 14110
39 0 
1211 234 239
15
1 118 1 80 1 111 1 1 486
2 167 1 144 1 159 1 1 1191
3 118 1 80 1 90 1 1 761
4 59 1 80 1 52 1 1 128
5 82 1 118 1 72 1 1 307
6 256 1 172 1 128 1 1 4652
7 433 1 292 1 159 1 1 9436
8 93 1 134 1 123 1 1 893
9 105 1 116 1 98 1 1 243
10 116 1 164 1 103 1 1 1411
11 93 1 134 1 57 1 1 441
12 497 1 336 1 118 1 1 9987
13 326 1 221 1 249 1 1 15400
14 185 1 169 1 231 1 1 2767
15 438 1 295 1 190 1 1 13228
40 0 
1211 234 239
21
1 221 1 221 1 221 1 1 7199
2 136 1 172 1 205 1 1 4079
3 67 1 98 1 80 1 1 309
4 95 1 64 1 72 1 1 397
5 157 1 149 1 141 1 1 4277
6 305 1 226 1 305 1 1 7011
7 85 1 57 1 57 1 1 243
8 359 1 241 1 93 1 1 5071
9 93 1 82 1 88 1 1 375
10 118 1 80 1 34 1 1 210
11 372 1 249 1 88 1 1 4178
12 82 1 82 1 29 1 1 311
13 82 1 98 1 82 1 1 168
14 134 1 90 1 105 1 1 915
15 305 1 205 1 177 1 1 9039
16 223 1 149 1 95 1 1 1500
17 118 1 80 1 31 1 1 155
18 164 1 236 1 262 1 1 3925
19 146 1 100 1 95 1 1 926
20 90 1 131 1 98 1 1 772
21 239 1 159 1 154 1 1 2867
41 0 
1211 234 239
14
1 167 1 113 1 75 1 1 417
2 213 1 305 1 231 1 1 10054
3 116 1 167 1 139 1 1 1963
4 100 1 67 1 54 1 1 221
5 118 1 80 1 57 1 1 441
6 118 1 80 1 108 1 1 838
7 62 1 82 1 116 1 1 463
8 159 1 190 1 210 1 1 4079
9 159 1 111 1 80 1 1 794
10 131 1 88 1 67 1 1 1092
11 228 1 305 1 177 1 1 4344
12 164 1 236 1 190 1 1 6173
13 241 1 346 1 105 1 1 8488
14 254 1 364 1 277 1 1 16976
42 0 
1211 234 239
14
1 195 1 131 1 98 1 1 1502
2 82 1 57 1 67 1 1 298
3 103 1 103 1 98 1 1 364
4 410 1 277 1 205 1 1 14110
5 287 1 372 1 264 1 1 13228
6 72 1 105 1 85 1 1 463
7 244 1 164 1 64 1 1 1356
8 126 1 180 1 90 1 1 1654
9 236 1 226 1 254 1 1 7055
10 123 1 103 1 167 1 1 607
11 121 1 164 1 121 1 1 1083
12 315 1 213 1 123 1 1 6685
13 141 1 203 1 136 1 1 1974
14 254 1 254 1 139 1 1 8731
43 0 
1211 234 239
11
1 169 1 228 1 146 1 1 2426
2 310 1 205 1 116 1 1 4818
3 126 1 182 1 154 1 1 2911
4 82 1 118 1 90 1 1 296
5 249 1 336 1 195 1 1 15433
6 198 1 172 1 149 1 1 5733
7 323 1 218 1 218 1 1 10318
8 113 1 164 1 157 1 1 2022
9 118 1 80 1 52 1 1 364
10 177 1 254 1 236 1 1 6112
11 397 1 277 1 139 1 1 10825
44 0 
1211 234 239
11
1 59 1 80 1 31 1 1 56
2 203 1 203 1 105 1 1 3210
3 164 1 111 1 159 1 1 2205
4 111 1 93 1 72 1 1 993
5 331 1 223 1 128 1 1 4961
6 177 1 256 1 157 1 1 4842
7 146 1 154 1 80 1 1 854
8 377 1 254 1 98 1 1 6912
9 241 1 346 1 264 1 1 14110
10 210 1 303 1 210 1 1 14046
11 203 1 272 1 246 1 1 8114
45 0 
1211 234 239
16
1 262 1 262 1 198 1 1 6173
2 105 1 152 1 70 1 1 684
3 356 1 239 1 277 1 1 7558
4 282 1 282 1 146 1 1 4762
5 98 1 141 1 105 1 1 948
6 172 1 246 1 182 1 1 5349
7 185 1 264 1 200 1 1 6846
8 144 1 208 1 72 1 1 1654
9 198 1 216 1 203 1 1 4057
10 267 1 185 1 162 1 1 5735
11 118 1 80 1 47 1 1 122
12 64 1 88 1 57 1 1 122
13 187 1 269 1 244 1 1 8129
14 85 1 121 1 77 1 1 574
15 59 1 80 1 36 1 1 102
16 180 1 121 1 136 1 1 2426
46 0 
1211 234 239
14
1 236 1 223 1 208 1 1 5556
2 436 1 295 1 103 1 1 7904
3 121 1 80 1 54 1 1 397
4 205 1 139 1 195 1 1 4233
5 118 1 80 1 70 1 1 519
6 195 1 134 1 159 1 1 3881
7 85 1 136 1 134 1 1 772
8 75 1 62 1 47 1 1 93
9 70 1 100 1 77 1 1 331
10 216 1 310 1 108 1 1 4233
11 218 1 146 1 162 1 1 5115
12 244 1 300 1 195 1 1 6063
13 82 1 118 1 90 1 1 594
14 262 1 374 1 310 1 1 19004
47 0 
1211 234 239
15
1 116 1 103 1 121 1 1 838
2 367 1 249 1 159 1 1 8114
3 344 1 464 1 282 1 1 18453
4 157 1 226 1 113 1 1 2051
5 118 1 80 1 70 1 1 386
6 187 1 126 1 82 1 1 1687
7 280 1 402 1 95 1 1 9095
8 269 1 182 1 118 1 1 4300
9 118 1 80 1 88 1 1 794
10 228 1 154 1 103 1 1 2282
11 70 1 57 1 31 1 1 100
12 93 1 134 1 80 1 1 871
13 103 1 123 1 103 1 1 389
14 177 1 256 1 149 1 1 2933
15 172 1 249 1 157 1 1 4807
48 0 
1211 234 239
20
1 157 1 113 1 54 1 1 706
2 118 1 80 1 44 1 1 309
3 118 1 80 1 29 1 1 150
4 134 1 192 1 146 1 1 2514
5 208 1 139 1 162 1 1 3914
6 118 1 80 1 52 1 1 298
7 192 1 231 1 154 1 1 2767
8 77 1 111 1 41 1 1 331
9 190 1 256 1 131 1 1 4366
10 49 1 70 1 70 1 1 122
11 315 1 213 1 82 1 1 3859
12 315 1 213 1 262 1 1 3859
13 208 1 300 1 262 1 1 10285
14 67 1 47 1 52 1 1 155
15 118 1 80 1 31 1 1 199
16 323 1 218 1 82 1 1 4123
17 269 1 180 1 128 1 1 3307
18 118 1 80 1 93 1 1 717
19 141 1 205 1 85 1 1 2223
20 315 1 216 1 208 1 1 12137
49 0 
1211 234 239
10
1 216 1 313 1 231 1 1 11024
2 205 1 139 1 157 1 1 4322
3 239 1 167 1 88 1 1 2223
4 82 1 118 1 82 1 1 474
5 80 1 80 1 121 1 1 728
6 267 1 180 1 116 1 1 4877
7 310 1 466 1 349 1 1 13416
8 226 1 226 1 118 1 1 4266
9 162 1 192 1 182 1 1 4443
10 397 1 259 1 259 1 1 14871
50 0 
1211 234 239
19
1 254 1 216 1 149 1 1 3969
2 93 1 134 1 98 1 1 589
3 221 1 226 1 192 1 1 6140
4 59 1 80 1 54 1 1 122
5 157 1 187 1 231 1 1 2944
6 456 1 308 1 239 1 1 17979
7 200 1 134 1 64 1 1 1623
8 192 1 128 1 152 1 1 2117
9 195 1 262 1 152 1 1 3587
10 111 1 162 1 111 1 1 984
11 254 1 169 1 59 1 1 1290
12 118 1 80 1 82 1 1 563
13 149 1 203 1 144 1 1 1711
14 103 1 70 1 77 1 1 461
15 82 1 118 1 29 1 1 228
16 367 1 246 1 431 1 1 7419
17 77 1 103 1 54 1 1 585
18 82 1 118 1 44 1 1 221
19 123 1 180 1 139 1 1 2238
51 0 
1211 234 239
14
1 136 1 195 1 149 1 1 2646
2 254 1 367 1 182 1 1 9657
3 326 1 218 1 218 1 1 11288
4 152 1 218 1 169 1 1 3914
5 175 1 236 1 175 1 1 3186
6 103 1 123 1 154 1 1 1120
7 136 1 95 1 88 1 1 900
8 364 1 303 1 310 1 1 12159
9 103 1 141 1 95 1 1 309
10 82 1 118 1 39 1 1 243
11 154 1 231 1 90 1 1 1773
12 216 1 146 1 164 1 1 5230
13 93 1 59 1 57 1 1 168
14 246 1 331 1 213 1 1 8819
52 0 
1211 234 239
18
1 169 1 244 1 262 1 1 5986
2 359 1 241 1 134 1 1 5056
3 82 1 118 1 34 1 1 243
4 136 1 195 1 152 1 1 2613
5 139 1 105 1 146 1 1 1389
6 310 1 210 1 210 1 1 5259
7 274 1 274 1 136 1 1 7154
8 103 1 146 1 41 1 1 860
9 95 1 59 1 62 1 1 221
10 118 1 80 1 98 1 1 574
11 203 1 136 1 93 1 1 1127
12 172 1 246 1 187 1 1 4469
13 82 1 123 1 82 1 1 463
14 111 1 75 1 95 1 1 717
15 82 1 123 1 93 1 1 486
16 251 1 344 1 93 1 1 5082
17 82 1 118 1 95 1 1 713
18 344 1 464 1 269 1 1 18453
53 0 
1211 234 239
21
1 44 1 67 1 54 1 1 109
2 111 1 111 1 128 1 1 805
3 113 1 75 1 75 1 1 419
4 82 1 118 1 41 1 1 344
5 274 1 331 1 195 1 1 7055
6 292 1 198 1 228 1 1 8599
7 118 1 80 1 62 1 1 210
8 200 1 272 1 167 1 1 2933
9 144 1 208 1 157 1 1 2613
10 59 1 80 1 47 1 1 93
11 244 1 349 1 136 1 1 6273
12 187 1 128 1 121 1 1 1442
13 216 1 313 1 88 1 1 2514
14 228 1 331 1 200 1 1 5975
15 198 1 285 1 136 1 1 4774
16 159 1 231 1 169 1 1 4300
17 103 1 123 1 95 1 1 951
18 118 1 80 1 31 1 1 199
19 144 1 144 1 62 1 1 814
20 118 1 80 1 90 1 1 750
21 282 1 190 1 313 1 1 3352
54 0 
1211 234 239
14
1 233 1 338 1 410 1 1 12512
2 59 1 80 1 75 1 1 386
3 269 1 387 1 185 1 1 14871
4 231 1 154 1 59 1 1 1577
5 131 1 90 1 80 1 1 552
6 264 1 218 1 328 1 1 5733
7 210 1 210 1 80 1 1 1473
8 113 1 77 1 44 1 1 221
9 103 1 149 1 52 1 1 397
10 162 1 231 1 241 1 1 6482
11 70 1 52 1 80 1 1 287
12 146 1 198 1 146 1 1 1449
13 203 1 136 1 159 1 1 4079
14 167 1 241 1 372 1 1 9084
55 0 
1211 234 239
13
1 469 1 315 1 131 1 1 13228
2 218 1 313 1 239 1 1 9524
3 108 1 157 1 139 1 1 766
4 141 1 149 1 85 1 1 2481
5 180 1 121 1 77 1 1 2223
6 226 1 187 1 175 1 1 3111
7 267 1 359 1 254 1 1 9436
8 241 1 162 1 213 1 1 7221
9 159 1 192 1 172 1 1 2756
10 121 1 172 1 136 1 1 1830
11 59 1 80 1 52 1 1 89
12 118 1 80 1 95 1 1 794
13 149 1 123 1 128 1 1 1952
56 0 
1211 234 239
12
1 390 1 262 1 111 1 1 6449
2 98 1 116 1 90 1 1 1004
3 82 1 118 1 57 1 1 576
4 395 1 267 1 118 1 1 9172
5 77 1 116 1 93 1 1 574
6 154 1 185 1 154 1 1 1489
7 111 1 75 1 90 1 1 684
8 241 1 149 1 205 1 1 5027
9 118 1 80 1 52 1 1 276
10 295 1 200 1 192 1 1 10605
11 318 1 213 1 228 1 1 14749
12 233 1 233 1 338 1 1 16855
57 0 
1211 234 239
12
1 313 1 210 1 239 1 1 13416
2 372 1 249 1 80 1 1 3131
3 226 1 192 1 118 1 1 2492
4 169 1 246 1 246 1 1 5349
5 180 1 121 1 62 1 1 1125
6 236 1 318 1 185 1 1 4807
7 111 1 159 1 75 1 1 772
8 185 1 123 1 152 1 1 2844
9 208 1 297 1 136 1 1 4696
10 198 1 290 1 216 1 1 7386
11 144 1 205 1 162 1 1 3098
12 169 1 203 1 254 1 1 5038
58 0 
1211 234 239
12
1 349 1 233 1 144 1 1 7606
2 464 1 313 1 121 1 1 12144
3 118 1 80 1 121 1 1 827
4 118 1 80 1 47 1 1 342
5 210 1 305 1 318 1 1 8819
6 244 1 349 1 82 1 1 8136
7 205 1 139 1 62 1 1 1301
8 241 1 167 1 88 1 1 1952
9 118 1 80 1 93 1 1 463
10 195 1 131 1 54 1 1 924
11 262 1 218 1 300 1 1 8819
12 256 1 256 1 256 1 1 4851
59 0 
1211 234 239
10
1 198 1 134 1 152 1 1 4035
2 346 1 231 1 269 1 1 14496
3 82 1 118 1 180 1 1 585
4 118 1 80 1 90 1 1 794
5 141 1 213 1 128 1 1 2368
6 502 1 338 1 195 1 1 8268
7 134 1 192 1 141 1 1 2549
8 408 1 285 1 159 1 1 11619
9 213 1 177 1 241 1 1 6306
10 231 1 157 1 177 1 1 6736
60 0 
1211 234 239
9
1 103 1 123 1 116 1 1 1125
2 341 1 489 1 213 1 1 15565
3 290 1 216 1 361 1 1 15400
4 315 1 213 1 95 1 1 4090
5 431 1 320 1 244 1 1 7408
6 82 1 118 1 57 1 1 254
7 141 1 203 1 57 1 1 1389
8 149 1 216 1 144 1 1 3285
9 359 1 241 1 272 1 1 15400
61 0 
1211 234 239
11
1 149 1 262 1 164 1 1 3528
2 251 1 169 1 113 1 1 3627
3 187 1 126 1 141 1 1 3197
4 213 1 146 1 157 1 1 2911
5 367 1 495 1 287 1 1 18145
6 241 1 328 1 190 1 1 7143
7 159 1 231 1 141 1 1 3528
8 88 1 75 1 80 1 1 684
9 169 1 262 1 169 1 1 3175
10 213 1 177 1 134 1 1 5644
11 387 1 262 1 108 1 1 7291
62 0 
1211 234 239
10
1 93 1 126 1 64 1 1 411
2 382 1 259 1 190 1 1 10693
3 47 1 70 1 52 1 1 56
4 136 1 93 1 105 1 1 1323
5 231 1 192 1 313 1 1 7055
6 149 1 216 1 98 1 1 2051
7 420 1 282 1 172 1 1 11652
8 282 1 408 1 172 1 1 13272
9 182 1 187 1 180 1 1 4079
10 239 1 239 1 90 1 1 3823
63 0 
1211 234 239
8
1 185 1 267 1 244 1 1 9260
2 36 1 54 1 49 1 1 67
3 418 1 272 1 180 1 1 8268
4 274 1 185 1 70 1 1 1808
5 134 1 180 1 146 1 1 948
6 292 1 420 1 256 1 1 18810
7 210 1 303 1 177 1 1 6945
8 267 1 236 1 297 1 1 14286
64 0 
1211 234 239
11
1 57 1 82 1 64 1 1 210
2 262 1 377 1 180 1 1 8488
3 59 1 80 1 62 1 1 111
4 264 1 180 1 162 1 1 7364
5 249 1 367 1 318 1 1 10032
6 167 1 241 1 372 1 1 9172
7 303 1 203 1 198 1 1 8080
8 118 1 80 1 70 1 1 309
9 95 1 93 1 128 1 1 1268
10 221 1 300 1 134 1 1 8114
11 108 1 72 1 49 1 1 452
65 0 
1211 234 239
11
1 103 1 149 1 105 1 1 1092
2 149 1 203 1 116 1 1 1833
3 218 1 315 1 198 1 1 10517
4 205 1 246 1 210 1 1 6251
5 259 1 259 1 128 1 1 6548
6 175 1 118 1 172 1 1 2778
7 154 1 221 1 164 1 1 3859
8 472 1 318 1 185 1 1 13493
9 164 1 146 1 146 1 1 1290
10 152 1 152 1 152 1 1 4807
11 359 1 431 1 223 1 1 11828
66 0 
1211 234 239
14
1 118 1 80 1 41 1 1 309
2 254 1 169 1 164 1 1 3991
3 113 1 75 1 75 1 1 419
4 162 1 108 1 126 1 1 1255
5 108 1 72 1 105 1 1 662
6 233 1 157 1 187 1 1 4575
7 157 1 105 1 103 1 1 904
8 131 1 190 1 88 1 1 1489
9 244 1 164 1 190 1 1 5953
10 192 1 259 1 192 1 1 4851
11 495 1 341 1 162 1 1 14749
12 249 1 300 1 300 1 1 11619
13 177 1 118 1 175 1 1 2549
14 177 1 213 1 141 1 1 3541
67 0 
1211 234 239
9
1 118 1 80 1 93 1 1 662
2 584 1 367 1 134 1 1 17924
3 369 1 249 1 95 1 1 4134
4 82 1 118 1 36 1 1 203
5 190 1 190 1 172 1 1 6030
6 233 1 333 1 175 1 1 7110
7 320 1 223 1 136 1 1 5137
8 474 1 315 1 492 1 1 12126
9 210 1 254 1 382 1 1 9800
68 0 
1211 234 239
9
1 262 1 313 1 118 1 1 3704
2 374 1 251 1 203 1 1 4123
3 267 1 180 1 280 1 1 8061
4 349 1 241 1 159 1 1 7904
5 218 1 292 1 218 1 1 7265
6 131 1 88 1 57 1 1 519
7 195 1 162 1 187 1 1 1985
8 459 1 318 1 131 1 1 8665
9 367 1 254 1 303 1 1 12401
69 0 
1211 234 239
11
1 292 1 195 1 95 1 1 3363
2 175 1 259 1 198 1 1 8819
3 139 1 203 1 39 1 1 933
4 328 1 221 1 149 1 1 5325
5 136 1 164 1 154 1 1 1852
6 82 1 118 1 62 1 1 254
7 272 1 392 1 239 1 1 10583
8 118 1 80 1 36 1 1 210
9 241 1 241 1 241 1 1 4031
10 384 1 259 1 292 1 1 11652
11 338 1 282 1 254 1 1 11359
70 0 
1211 234 239
17
1 118 1 80 1 93 1 1 474
2 218 1 315 1 116 1 1 4851
3 95 1 136 1 105 1 1 1059
4 292 1 195 1 216 1 1 6383
5 231 1 159 1 180 1 1 4300
6 203 1 292 1 185 1 1 4705
7 152 1 159 1 154 1 1 2459
8 254 1 172 1 198 1 1 7937
9 108 1 72 1 70 1 1 375
10 59 1 80 1 77 1 1 164
11 185 1 267 1 203 1 1 4079
12 126 1 187 1 113 1 1 1378
13 82 1 118 1 82 1 1 829
14 172 1 267 1 154 1 1 3889
15 244 1 328 1 221 1 1 9039
16 52 1 64 1 57 1 1 78
17 256 1 308 1 328 1 1 7937
71 0 
1211 234 239
16
1 144 1 98 1 64 1 1 265
2 82 1 123 1 47 1 1 236
3 100 1 136 1 47 1 1 375
4 108 1 108 1 88 1 1 717
5 169 1 203 1 131 1 1 3859
6 169 1 116 1 93 1 1 1158
7 169 1 141 1 177 1 1 1434
8 105 1 154 1 100 1 1 1654
9 382 1 256 1 315 1 1 16445
10 93 1 108 1 93 1 1 276
11 118 1 169 1 128 1 1 1731
12 72 1 108 1 72 1 1 389
13 139 1 198 1 154 1 1 2800
14 274 1 185 1 131 1 1 4630
15 264 1 180 1 116 1 1 4200
16 390 1 292 1 292 1 1 18453
72 0 
1211 234 239
18
1 208 1 139 1 90 1 1 1830
2 82 1 88 1 75 1 1 243
3 103 1 103 1 57 1 1 272
4 118 1 80 1 52 1 1 397
5 187 1 246 1 198 1 1 7540
6 190 1 274 1 216 1 1 7386
7 157 1 226 1 167 1 1 3925
8 108 1 72 1 47 1 1 375
9 210 1 164 1 139 1 1 4762
10 175 1 146 1 167 1 1 1555
11 187 1 126 1 123 1 1 2723
12 131 1 190 1 54 1 1 946
13 285 1 408 1 167 1 1 9580
14 118 1 80 1 52 1 1 408
15 149 1 203 1 195 1 1 1478
16 187 1 126 1 80 1 1 1610
17 149 1 136 1 233 1 1 3605
18 231 1 157 1 182 1 1 5115
73 0 
1211 234 239
17
1 126 1 90 1 85 1 1 993
2 116 1 103 1 180 1 1 1680
3 231 1 346 1 231 1 1 14992
4 118 1 82 1 41 1 1 276
5 241 1 162 1 182 1 1 5512
6 118 1 80 1 44 1 1 190
7 338 1 226 1 205 1 1 5402
8 82 1 118 1 52 1 1 287
9 64 1 77 1 90 1 1 276
10 175 1 233 1 116 1 1 2077
11 205 1 310 1 154 1 1 10671
12 116 1 169 1 121 1 1 1434
13 180 1 121 1 136 1 1 1665
14 116 1 167 1 141 1 1 1544
15 157 1 228 1 154 1 1 2778
16 82 1 118 1 77 1 1 514
17 259 1 351 1 203 1 1 5735
74 0 
1211 234 239
22
1 198 1 139 1 72 1 1 960
2 285 1 190 1 111 1 1 3889
3 128 1 85 1 98 1 1 926
4 82 1 118 1 36 1 1 274
5 62 1 80 1 47 1 1 188
6 313 1 216 1 116 1 1 3715
7 59 1 80 1 72 1 1 155
8 180 1 123 1 70 1 1 849
9 82 1 118 1 41 1 1 223
10 190 1 157 1 157 1 1 6934
11 200 1 287 1 218 1 1 8488
12 139 1 192 1 134 1 1 2922
13 200 1 134 1 152 1 1 3407
14 126 1 182 1 139 1 1 993
15 336 1 226 1 80 1 1 3528
16 118 1 80 1 44 1 1 190
17 208 1 226 1 157 1 1 4277
18 85 1 98 1 118 1 1 497
19 262 1 359 1 113 1 1 8770
20 169 1 113 1 72 1 1 1277
21 80 1 52 1 52 1 1 100
22 118 1 169 1 95 1 1 926
75 0 
1211 234 239
13
1 264 1 264 1 131 1 1 4167
2 320 1 216 1 159 1 1 3131
3 310 1 216 1 169 1 1 7717
4 126 1 126 1 121 1 1 706
5 118 1 80 1 98 1 1 177
6 108 1 157 1 118 1 1 1411
7 190 1 259 1 175 1 1 3440
8 154 1 128 1 172 1 1 2326
9 382 1 256 1 290 1 1 17494
10 210 1 285 1 164 1 1 4288
11 93 1 131 1 47 1 1 331
12 59 1 121 1 47 1 1 441
13 290 1 390 1 251 1 1 18453
76 0 
1211 234 239
13
1 111 1 75 1 95 1 1 688
2 95 1 113 1 95 1 1 1028
3 249 1 359 1 331 1 1 13890
4 82 1 118 1 88 1 1 565
5 103 1 123 1 105 1 1 552
6 372 1 249 1 95 1 1 4509
7 167 1 241 1 187 1 1 5027
8 118 1 80 1 113 1 1 574
9 264 1 172 1 126 1 1 3781
10 246 1 354 1 216 1 1 10627
11 113 1 162 1 152 1 1 971
12 146 1 210 1 88 1 1 926
13 277 1 372 1 241 1 1 13305
77 0 
1211 234 239
19
1 262 1 377 1 131 1 1 8665
2 300 1 200 1 123 1 1 4004
3 305 1 205 1 134 1 1 6207
4 72 1 49 1 47 1 1 111
5 77 1 118 1 88 1 1 221
6 100 1 134 1 90 1 1 474
7 59 1 85 1 41 1 1 133
8 118 1 80 1 116 1 1 816
9 108 1 108 1 105 1 1 966
10 172 1 172 1 121 1 1 1658
11 93 1 62 1 70 1 1 404
12 152 1 226 1 226 1 1 2293
13 200 1 200 1 162 1 1 1555
14 36 1 54 1 49 1 1 67
15 146 1 210 1 72 1 1 1434
16 131 1 187 1 90 1 1 1623
17 239 1 346 1 280 1 1 16535
18 318 1 221 1 118 1 1 4862
19 198 1 287 1 218 1 1 10825
78 0 
1211 234 239
16
1 131 1 198 1 82 1 1 1522
2 54 1 80 1 80 1 1 122
3 190 1 128 1 111 1 1 2549
4 82 1 118 1 57 1 1 228
5 146 1 98 1 108 1 1 1654
6 392 1 328 1 277 1 1 14110
7 175 1 118 1 80 1 1 1209
8 323 1 433 1 251 1 1 11619
9 169 1 231 1 157 1 1 2434
10 82 1 118 1 103 1 1 508
11 192 1 192 1 100 1 1 2580
12 123 1 82 1 123 1 1 682
13 287 1 192 1 105 1 1 2937
14 103 1 72 1 57 1 1 523
15 239 1 346 1 72 1 1 4255
16 226 1 328 1 105 1 1 7470
79 0 
1211 234 239
11
1 210 1 141 1 157 1 1 4785
2 482 1 323 1 126 1 1 9084
3 405 1 274 1 105 1 1 8345
4 82 1 118 1 123 1 1 882
5 108 1 154 1 90 1 1 794
6 198 1 134 1 152 1 1 3814
7 318 1 431 1 277 1 1 14110
8 118 1 82 1 85 1 1 558
9 123 1 113 1 93 1 1 283
10 85 1 128 1 100 1 1 728
11 413 1 277 1 152 1 1 11024
80 0 
1211 234 239
11
1 272 1 182 1 118 1 1 3792
2 277 1 187 1 177 1 1 4652
3 185 1 123 1 141 1 1 2575
4 474 1 318 1 236 1 1 16667
5 262 1 175 1 175 1 1 5104
6 118 1 80 1 62 1 1 389
7 59 1 80 1 52 1 1 188
8 244 1 152 1 80 1 1 2205
9 118 1 80 1 59 1 1 247
10 341 1 282 1 341 1 1 6714
11 256 1 367 1 280 1 1 17494
81 0 
1211 234 239
18
1 85 1 72 1 72 1 1 331
2 118 1 80 1 64 1 1 177
3 118 1 108 1 85 1 1 1222
4 98 1 111 1 93 1 1 309
5 169 1 169 1 90 1 1 2778
6 256 1 175 1 134 1 1 2567
7 185 1 126 1 57 1 1 915
8 121 1 164 1 111 1 1 1389
9 118 1 80 1 31 1 1 188
10 213 1 310 1 95 1 1 4031
11 226 1 326 1 113 1 1 4961
12 246 1 167 1 187 1 1 7143
13 118 1 80 1 98 1 1 728
14 182 1 264 1 103 1 1 3307
15 303 1 203 1 249 1 1 14308
16 141 1 95 1 85 1 1 772
17 198 1 285 1 223 1 1 8246
18 541 1 374 1 187 1 1 21738
82 0 
1211 234 239
16
1 128 1 108 1 149 1 1 1092
2 182 1 123 1 118 1 1 1312
3 149 1 203 1 149 1 1 2569
4 244 1 354 1 285 1 1 17589
5 41 1 21 1 11 1 1 12
6 118 1 80 1 95 1 1 662
7 103 1 103 1 93 1 1 486
8 105 1 154 1 111 1 1 1158
9 100 1 146 1 111 1 1 1081
10 105 1 70 1 82 1 1 406
11 118 1 172 1 82 1 1 1698
12 146 1 213 1 59 1 1 1478
13 228 1 216 1 167 1 1 4630
14 372 1 249 1 387 1 1 16700
15 198 1 134 1 90 1 1 1478
16 134 1 190 1 146 1 1 3208
83 0 
1211 234 239
15
1 93 1 134 1 111 1 1 860
2 200 1 269 1 157 1 1 2926
3 233 1 336 1 116 1 1 5424
4 154 1 185 1 80 1 1 1389
5 103 1 123 1 154 1 1 792
6 149 1 93 1 75 1 1 479
7 67 1 98 1 88 1 1 287
8 402 1 272 1 149 1 1 8819
9 346 1 233 1 152 1 1 7937
10 82 1 118 1 47 1 1 221
11 108 1 177 1 88 1 1 1103
12 336 1 264 1 123 1 1 4410
13 443 1 369 1 379 1 1 16976
14 118 1 80 1 31 1 1 210
15 308 1 208 1 88 1 1 3210
84 0 
1211 234 239
8
1 182 1 123 1 113 1 1 2007
2 98 1 118 1 103 1 1 1389
3 118 1 80 1 31 1 1 221
4 561 1 377 1 146 1 1 19048
5 431 1 290 1 187 1 1 12554
6 159 1 228 1 169 1 1 4233
7 269 1 182 1 157 1 1 7717
8 187 1 272 1 231 1 1 6515
85 0 
1211 234 239
11
1 441 1 297 1 228 1 1 20834
2 103 1 123 1 152 1 1 918
3 98 1 67 1 26 1 1 75
4 303 1 205 1 85 1 1 3605
5 123 1 103 1 98 1 1 468
6 249 1 331 1 233 1 1 9172
7 251 1 169 1 64 1 1 2359
8 167 1 246 1 216 1 1 3065
9 236 1 354 1 259 1 1 4774
10 361 1 249 1 167 1 1 5733
11 369 1 249 1 226 1 1 15753
86 0 
1211 234 239
9
1 387 1 405 1 192 1 1 7728
2 82 1 118 1 47 1 1 225
3 336 1 482 1 326 1 1 21705
4 93 1 123 1 88 1 1 466
5 169 1 113 1 113 1 1 1389
6 146 1 210 1 239 1 1 4509
7 154 1 205 1 167 1 1 8378
8 313 1 210 1 80 1 1 3969
9 374 1 259 1 128 1 1 8036
87 0 
1211 234 239
16
1 216 1 146 1 57 1 1 1522
2 226 1 136 1 226 1 1 2393
3 108 1 108 1 67 1 1 893
4 377 1 251 1 141 1 1 6350
5 118 1 80 1 93 1 1 265
6 77 1 111 1 70 1 1 419
7 244 1 303 1 167 1 1 19004
8 175 1 251 1 121 1 1 3250
9 172 1 246 1 154 1 1 3385
10 241 1 167 1 172 1 1 6052
11 157 1 228 1 236 1 1 4410
12 98 1 64 1 64 1 1 265
13 118 1 80 1 113 1 1 794
14 118 1 80 1 95 1 1 618
15 62 1 80 1 57 1 1 128
16 487 1 328 1 190 1 1 18810
88 0 
1211 234 239
13
1 134 1 90 1 98 1 1 973
2 70 1 47 1 52 1 1 122
3 136 1 93 1 62 1 1 389
4 228 1 331 1 251 1 1 12699
5 82 1 118 1 31 1 1 210
6 82 1 123 1 54 1 1 331
7 57 1 47 1 75 1 1 100
8 100 1 70 1 75 1 1 122
9 172 1 249 1 182 1 1 3936
10 213 1 305 1 413 1 1 17979
11 185 1 264 1 246 1 1 7064
12 218 1 146 1 141 1 1 2933
13 410 1 277 1 169 1 1 15995
89 0 
1211 234 239
17
1 82 1 118 1 93 1 1 331
2 49 1 70 1 54 1 1 137
3 216 1 146 1 141 1 1 4542
4 203 1 136 1 208 1 1 4233
5 152 1 126 1 205 1 1 889
6 192 1 128 1 182 1 1 3704
7 326 1 218 1 205 1 1 9286
8 136 1 203 1 93 1 1 1411
9 108 1 108 1 41 1 1 296
10 139 1 118 1 100 1 1 1577
11 251 1 341 1 108 1 1 7011
12 52 1 103 1 103 1 1 122
13 264 1 328 1 210 1 1 7761
14 187 1 282 1 141 1 1 6945
15 85 1 57 1 41 1 1 166
16 251 1 169 1 108 1 1 2381
17 231 1 333 1 187 1 1 5556
90 0 
1211 234 239
12
1 82 1 118 1 123 1 1 779
2 180 1 259 1 113 1 1 4068
3 264 1 382 1 264 1 1 17351
4 82 1 118 1 90 1 1 296
5 154 1 185 1 126 1 1 1268
6 425 1 390 1 451 1 1 17494
7 108 1 108 1 41 1 1 369
8 108 1 108 1 47 1 1 221
9 118 1 80 1 36 1 1 221
10 203 1 141 1 100 1 1 1764
11 213 1 308 1 72 1 1 3528
12 282 1 423 1 210 1 1 16700
91 0 
1211 234 239
14
1 82 1 118 1 88 1 1 589
2 295 1 397 1 231 1 1 8345
3 223 1 333 1 333 1 1 7298
4 221 1 221 1 236 1 1 9701
5 98 1 85 1 34 1 1 155
6 318 1 213 1 139 1 1 5583
7 154 1 221 1 67 1 1 1654
8 361 1 251 1 108 1 1 7904
9 123 1 175 1 200 1 1 3528
10 82 1 118 1 72 1 1 413
11 146 1 98 1 90 1 1 805
12 82 1 118 1 57 1 1 331
13 233 1 282 1 241 1 1 6350
14 180 1 256 1 72 1 1 2426
92 0 
1211 234 239
20
1 128 1 128 1 146 1 1 662
2 162 1 136 1 136 1 1 926
3 82 1 118 1 52 1 1 303
4 59 1 80 1 57 1 1 102
5 121 1 162 1 82 1 1 1092
6 100 1 67 1 88 1 1 519
7 192 1 134 1 141 1 1 2549
8 152 1 126 1 146 1 1 746
9 105 1 126 1 159 1 1 953
10 379 1 256 1 98 1 1 10803
11 226 1 152 1 167 1 1 3407
12 82 1 118 1 82 1 1 397
13 95 1 141 1 103 1 1 814
14 159 1 126 1 126 1 1 1599
15 277 1 333 1 208 1 1 15080
16 175 1 249 1 190 1 1 2844
17 226 1 326 1 113 1 1 5402
18 64 1 80 1 67 1 1 144
19 254 1 169 1 59 1 1 1290
20 208 1 190 1 200 1 1 4123
93 0 
1211 234 239
9
1 338 1 338 1 367 1 1 14816
2 180 1 259 1 198 1 1 5049
3 82 1 118 1 108 1 1 287
4 244 1 164 1 111 1 1 3517
5 280 1 190 1 231 1 1 10847
6 82 1 118 1 95 1 1 794
7 359 1 359 1 180 1 1 17637
8 118 1 80 1 36 1 1 243
9 472 1 318 1 195 1 1 8554
94 0 
1211 234 239
13
1 149 1 100 1 49 1 1 675
2 272 1 392 1 180 1 1 10704
3 213 1 308 1 126 1 1 4123
4 123 1 103 1 128 1 1 937
5 105 1 141 1 118 1 1 1125
6 177 1 254 1 195 1 1 5931
7 244 1 164 1 57 1 1 1687
8 236 1 159 1 190 1 1 3859
9 118 1 80 1 31 1 1 210
10 300 1 431 1 167 1 1 9701
11 290 1 195 1 221 1 1 12060
12 146 1 210 1 118 1 1 1921
13 121 1 175 1 82 1 1 993
95 0 
1211 234 239
17
1 123 1 82 1 116 1 1 695
2 200 1 136 1 57 1 1 993
3 277 1 372 1 251 1 1 5721
4 118 1 80 1 90 1 1 662
5 88 1 105 1 88 1 1 393
6 379 1 264 1 379 1 1 9172
7 100 1 146 1 82 1 1 926
8 254 1 172 1 195 1 1 5435
9 162 1 195 1 244 1 1 3210
10 182 1 123 1 139 1 1 2150
11 162 1 233 1 177 1 1 3889
12 131 1 190 1 70 1 1 1709
13 169 1 244 1 100 1 1 2370
14 182 1 264 1 200 1 1 6493
15 98 1 141 1 95 1 1 827
16 203 1 244 1 208 1 1 2844
17 326 1 392 1 377 1 1 12554
96 0 
1211 234 239
10
1 382 1 264 1 177 1 1 11266
2 113 1 77 1 90 1 1 728
3 338 1 236 1 205 1 1 11266
4 103 1 93 1 75 1 1 761
5 154 1 223 1 169 1 1 3528
6 310 1 208 1 249 1 1 8819
7 233 1 338 1 300 1 1 8665
8 131 1 131 1 85 1 1 904
9 118 1 82 1 62 1 1 287
10 195 1 246 1 208 1 1 10704
97 0 
1211 234 239
14
1 205 1 297 1 226 1 1 10627
2 374 1 251 1 172 1 1 11751
3 223 1 149 1 141 1 1 3715
4 70 1 95 1 70 1 1 651
5 85 1 123 1 98 1 1 629
6 118 1 80 1 31 1 1 210
7 280 1 377 1 218 1 1 10009
8 75 1 49 1 57 1 1 144
9 233 1 157 1 100 1 1 3175
10 162 1 233 1 162 1 1 2933
11 41 1 59 1 47 1 1 75
12 123 1 103 1 164 1 1 1947
13 98 1 98 1 70 1 1 397
14 228 1 328 1 249 1 1 11945
98 0 
1211 234 239
15
1 216 1 146 1 152 1 1 2911
2 218 1 146 1 139 1 1 3528
3 221 1 318 1 249 1 1 11288
4 80 1 108 1 100 1 1 971
5 195 1 280 1 103 1 1 3616
6 121 1 80 1 88 1 1 717
7 390 1 262 1 118 1 1 5633
8 190 1 272 1 77 1 1 2664
9 85 1 123 1 54 1 1 243
10 210 1 141 1 164 1 1 4167
11 113 1 162 1 172 1 1 1508
12 82 1 118 1 131 1 1 827
13 180 1 264 1 180 1 1 7558
14 182 1 167 1 152 1 1 1411
15 162 1 233 1 269 1 1 10342
99 0 
1211 234 239
8
1 223 1 149 1 95 1 1 1555
2 226 1 269 1 134 1 1 1786
3 162 1 134 1 162 1 1 2062
4 195 1 236 1 295 1 1 7717
5 118 1 80 1 31 1 1 133
6 379 1 254 1 164 1 1 13272
7 379 1 256 1 164 1 1 11476
8 441 1 277 1 249 1 1 18145
100 0 
1211 234 239
15
1 351 1 351 1 264 1 1 13471
2 123 1 82 1 90 1 1 772
3 262 1 177 1 244 1 1 2944
4 59 1 80 1 54 1 1 133
5 228 1 308 1 180 1 1 5490
6 320 1 216 1 175 1 1 7695
7 213 1 305 1 93 1 1 4630
8 210 1 146 1 469 1 1 3378
9 80 1 54 1 52 1 1 177
10 118 1 80 1 52 1 1 441
11 111 1 75 1 67 1 1 463
12 218 1 228 1 175 1 1 3528
13 95 1 139 1 103 1 1 816
14 157 1 210 1 157 1 1 2668
15 182 1 262 1 198 1 1 8543
