100
1 0 
1211 234 239
16
1 336 1 241 1 374 1 1 5763
2 187 1 146 1 280 1 1 2778
3 259 1 221 1 356 1 1 9959
4 123 1 111 1 72 1 1 305
5 100 1 100 1 146 1 1 336
6 256 1 228 1 382 1 1 7701
7 551 1 195 1 372 1 1 6628
8 134 1 118 1 223 1 1 1500
9 126 1 105 1 93 1 1 849
10 136 1 131 1 139 1 1 1890
11 134 1 100 1 218 1 1 1508
12 134 1 162 1 121 1 1 1202
13 244 1 203 1 223 1 1 2589
14 277 1 267 1 384 1 1 3726
15 190 1 162 1 331 1 1 1949
16 249 1 200 1 438 1 1 6068
2 0 
1211 234 239
10
1 213 1 213 1 374 1 1 6070
2 185 1 169 1 218 1 1 1974
3 144 1 103 1 241 1 1 960
4 111 1 105 1 136 1 1 375
5 354 1 264 1 612 1 1 14463
6 282 1 264 1 364 1 1 8171
7 205 1 152 1 308 1 1 2891
8 336 1 244 1 528 1 1 12842
9 200 1 167 1 210 1 1 3958
10 305 1 305 1 354 1 1 5292
3 0 
1211 234 239
15
1 213 1 180 1 208 1 1 3539
2 205 1 200 1 154 1 1 1061
3 123 1 111 1 123 1 1 375
4 328 1 226 1 436 1 1 5393
5 272 1 223 1 267 1 1 4189
6 139 1 146 1 52 1 1 364
7 167 1 139 1 131 1 1 929
8 198 1 192 1 351 1 1 4269
9 226 1 185 1 198 1 1 2099
10 290 1 233 1 223 1 1 3907
11 118 1 141 1 139 1 1 898
12 192 1 162 1 228 1 1 2110
13 441 1 315 1 692 1 1 18925
14 67 1 47 1 67 1 1 84
15 254 1 254 1 446 1 1 11711
4 0 
1211 234 239
15
1 208 1 169 1 331 1 1 2831
2 239 1 213 1 198 1 1 2110
3 123 1 108 1 167 1 1 552
4 213 1 195 1 408 1 1 2540
5 241 1 121 1 54 1 1 448
6 244 1 182 1 415 1 1 5664
7 123 1 90 1 192 1 1 642
8 98 1 113 1 77 1 1 825
9 123 1 103 1 218 1 1 287
10 638 1 410 1 328 1 1 7188
11 361 1 361 1 418 1 1 9624
12 628 1 244 1 213 1 1 6890
13 198 1 154 1 195 1 1 1742
14 287 1 349 1 456 1 1 10285
15 218 1 195 1 466 1 1 6850
5 0 
1211 234 239
11
1 236 1 203 1 420 1 1 7884
2 195 1 195 1 313 1 1 4275
3 98 1 103 1 75 1 1 466
4 134 1 121 1 239 1 1 508
5 274 1 195 1 172 1 1 2792
6 246 1 241 1 134 1 1 3662
7 246 1 226 1 397 1 1 8127
8 338 1 262 1 500 1 1 15964
9 315 1 308 1 461 1 1 8618
10 98 1 75 1 157 1 1 437
11 282 1 241 1 100 1 1 2282
6 0 
1211 234 239
11
1 218 1 203 1 326 1 1 4679
2 182 1 141 1 269 1 1 1623
3 146 1 121 1 264 1 1 4641
4 569 1 269 1 326 1 1 15415
5 185 1 154 1 221 1 1 1859
6 213 1 182 1 262 1 1 2628
7 269 1 203 1 436 1 1 5971
8 226 1 221 1 364 1 1 4028
9 287 1 221 1 569 1 1 6945
10 141 1 134 1 233 1 1 3658
11 282 1 264 1 269 1 1 6019
7 0 
1211 234 239
11
1 198 1 190 1 367 1 1 9668
2 221 1 182 1 392 1 1 3177
3 239 1 269 1 256 1 1 5433
4 198 1 187 1 274 1 1 2359
5 474 1 246 1 405 1 1 7673
6 167 1 162 1 205 1 1 1672
7 123 1 103 1 93 1 1 960
8 105 1 85 1 108 1 1 527
9 167 1 187 1 226 1 1 1993
10 187 1 198 1 269 1 1 3572
11 438 1 336 1 361 1 1 17305
8 0 
1211 234 239
10
1 280 1 216 1 267 1 1 5347
2 249 1 203 1 413 1 1 7712
3 208 1 141 1 157 1 1 1383
4 331 1 277 1 367 1 1 18969
5 244 1 182 1 505 1 1 5073
6 192 1 192 1 134 1 1 1101
7 172 1 144 1 198 1 1 1204
8 305 1 236 1 448 1 1 7551
9 146 1 121 1 210 1 1 338
10 192 1 185 1 223 1 1 6301
9 0 
1211 234 239
6
1 300 1 256 1 451 1 1 11268
2 259 1 185 1 313 1 1 6974
3 395 1 379 1 431 1 1 8321
4 259 1 244 1 313 1 1 5836
5 292 1 292 1 523 1 1 15964
6 274 1 267 1 459 1 1 9028
10 0 
1211 234 239
17
1 98 1 82 1 164 1 1 2437
2 356 1 356 1 344 1 1 4610
3 213 1 177 1 213 1 1 4291
4 123 1 85 1 231 1 1 474
5 169 1 185 1 169 1 1 5616
6 126 1 105 1 123 1 1 931
7 267 1 192 1 331 1 1 5616
8 210 1 205 1 141 1 1 1405
9 139 1 134 1 154 1 1 1389
10 610 1 128 1 361 1 1 7033
11 200 1 167 1 367 1 1 8748
12 128 1 126 1 180 1 1 816
13 134 1 103 1 213 1 1 750
14 123 1 103 1 128 1 1 455
15 262 1 218 1 256 1 1 6841
16 789 1 59 1 54 1 1 2004
17 187 1 157 1 164 1 1 2620
11 0 
1211 234 239
13
1 356 1 328 1 328 1 1 8942
2 128 1 128 1 128 1 1 241
3 116 1 105 1 152 1 1 541
4 246 1 246 1 52 1 1 871
5 131 1 105 1 216 1 1 1105
6 128 1 123 1 93 1 1 552
7 305 1 267 1 487 1 1 8660
8 241 1 203 1 436 1 1 3700
9 246 1 241 1 300 1 1 5759
10 344 1 285 1 413 1 1 6447
11 123 1 118 1 226 1 1 1268
12 303 1 290 1 551 1 1 9998
13 205 1 195 1 333 1 1 5638
12 0 
1211 234 239
10
1 149 1 149 1 195 1 1 706
2 264 1 221 1 254 1 1 2752
3 131 1 98 1 95 1 1 195
4 177 1 90 1 126 1 1 7483
5 415 1 415 1 605 1 1 19507
6 172 1 144 1 310 1 1 1888
7 236 1 226 1 285 1 1 5457
8 139 1 118 1 136 1 1 882
9 546 1 448 1 218 1 1 6872
10 315 1 280 1 387 1 1 14035
13 0 
1211 234 239
13
1 280 1 218 1 536 1 1 11185
2 141 1 111 1 128 1 1 915
3 192 1 182 1 226 1 1 3047
4 39 1 29 1 49 1 1 16
5 195 1 195 1 256 1 1 1610
6 341 1 264 1 323 1 1 8713
7 128 1 126 1 139 1 1 254
8 111 1 93 1 111 1 1 849
9 272 1 175 1 443 1 1 7373
10 121 1 100 1 57 1 1 598
11 123 1 103 1 90 1 1 5953
12 313 1 326 1 116 1 1 4048
13 351 1 351 1 466 1 1 11288
14 0 
1211 234 239
14
1 310 1 292 1 180 1 1 5863
2 328 1 274 1 438 1 1 5477
3 249 1 195 1 359 1 1 5093
4 264 1 249 1 466 1 1 7551
5 203 1 203 1 405 1 1 3175
6 233 1 228 1 241 1 1 3934
7 274 1 205 1 395 1 1 2545
8 152 1 141 1 315 1 1 1751
9 141 1 113 1 251 1 1 1359
10 164 1 126 1 236 1 1 1456
11 136 1 118 1 231 1 1 1555
12 384 1 320 1 384 1 1 7739
13 221 1 195 1 282 1 1 2542
14 239 1 285 1 315 1 1 8446
15 0 
1211 234 239
15
1 154 1 134 1 241 1 1 1974
2 146 1 123 1 231 1 1 926
3 356 1 349 1 451 1 1 15314
4 123 1 121 1 180 1 1 688
5 123 1 123 1 221 1 1 563
6 259 1 254 1 141 1 1 4275
7 210 1 205 1 136 1 1 2300
8 313 1 233 1 518 1 1 11711
9 126 1 118 1 259 1 1 1451
10 198 1 149 1 308 1 1 3144
11 236 1 200 1 415 1 1 4502
12 231 1 182 1 154 1 1 1943
13 210 1 210 1 244 1 1 2113
14 185 1 152 1 377 1 1 2004
15 126 1 105 1 264 1 1 4169
16 0 
1211 234 239
16
1 149 1 123 1 111 1 1 549
2 167 1 146 1 159 1 1 1195
3 205 1 167 1 277 1 1 1409
4 236 1 180 1 454 1 1 7549
5 487 1 402 1 564 1 1 7862
6 333 1 285 1 582 1 1 11121
7 290 1 246 1 200 1 1 1943
8 208 1 175 1 372 1 1 3634
9 121 1 108 1 226 1 1 651
10 172 1 146 1 251 1 1 1905
11 331 1 290 1 410 1 1 7684
12 287 1 277 1 315 1 1 3345
13 149 1 118 1 146 1 1 1650
14 118 1 105 1 113 1 1 430
15 123 1 103 1 103 1 1 494
16 180 1 177 1 254 1 1 2454
17 0 
1211 234 239
8
1 292 1 280 1 413 1 1 10874
2 195 1 149 1 95 1 1 1361
3 359 1 290 1 395 1 1 14388
4 187 1 149 1 246 1 1 2381
5 226 1 195 1 280 1 1 3047
6 236 1 282 1 277 1 1 18925
7 175 1 167 1 182 1 1 1969
8 85 1 72 1 95 1 1 552
18 0 
1211 234 239
9
1 338 1 331 1 428 1 1 13144
2 231 1 226 1 472 1 1 7289
3 254 1 185 1 249 1 1 5259
4 244 1 233 1 280 1 1 2549
5 405 1 290 1 192 1 1 6304
6 500 1 500 1 105 1 1 7166
7 180 1 249 1 367 1 1 7344
8 228 1 203 1 282 1 1 3449
9 374 1 149 1 152 1 1 3296
19 0 
1211 234 239
10
1 221 1 187 1 221 1 1 4551
2 134 1 108 1 205 1 1 816
3 126 1 105 1 121 1 1 583
4 561 1 551 1 280 1 1 21623
5 216 1 154 1 410 1 1 2697
6 134 1 131 1 152 1 1 1059
7 246 1 205 1 241 1 1 7479
8 244 1 203 1 249 1 1 5854
9 126 1 162 1 236 1 1 1365
10 520 1 272 1 446 1 1 10120
20 0 
1211 234 239
14
1 264 1 231 1 413 1 1 9844
2 123 1 88 1 72 1 1 360
3 149 1 139 1 241 1 1 1484
4 239 1 190 1 292 1 1 3100
5 123 1 103 1 221 1 1 673
6 85 1 100 1 203 1 1 1919
7 285 1 277 1 351 1 1 5318
8 169 1 159 1 221 1 1 1806
9 210 1 175 1 231 1 1 2895
10 210 1 210 1 226 1 1 2613
11 154 1 121 1 287 1 1 863
12 390 1 374 1 351 1 1 6407
13 326 1 241 1 605 1 1 15964
14 123 1 103 1 111 1 1 724
21 0 
1211 234 239
15
1 139 1 159 1 259 1 1 2549
2 216 1 190 1 313 1 1 3180
3 126 1 105 1 123 1 1 849
4 333 1 244 1 172 1 1 6934
5 167 1 241 1 195 1 1 1643
6 495 1 372 1 643 1 1 17472
7 123 1 113 1 249 1 1 3770
8 136 1 128 1 136 1 1 673
9 169 1 141 1 177 1 1 2895
10 103 1 123 1 123 1 1 1837
11 88 1 64 1 146 1 1 195
12 190 1 182 1 323 1 1 3543
13 134 1 123 1 75 1 1 463
14 262 1 198 1 408 1 1 7254
15 123 1 113 1 231 1 1 971
22 0 
1211 234 239
14
1 141 1 103 1 182 1 1 816
2 190 1 374 1 254 1 1 3638
3 208 1 123 1 144 1 1 452
4 290 1 177 1 374 1 1 9383
5 213 1 213 1 303 1 1 3872
6 177 1 172 1 297 1 1 3482
7 290 1 285 1 277 1 1 8416
8 285 1 277 1 208 1 1 2803
9 205 1 205 1 392 1 1 5545
10 105 1 80 1 139 1 1 430
11 172 1 144 1 111 1 1 2141
12 146 1 141 1 277 1 1 1991
13 164 1 108 1 313 1 1 3579
14 392 1 377 1 454 1 1 10761
23 0 
1211 234 239
16
1 105 1 126 1 123 1 1 717
2 113 1 95 1 144 1 1 735
3 495 1 244 1 269 1 1 3773
4 126 1 118 1 157 1 1 741
5 2371 1 126 1 108 1 1 4482
6 239 1 233 1 315 1 1 5911
7 218 1 200 1 264 1 1 3715
8 180 1 167 1 246 1 1 2362
9 267 1 223 1 146 1 1 11077
10 126 1 134 1 121 1 1 232
11 134 1 105 1 100 1 1 340
12 162 1 157 1 200 1 1 2258
13 1268 1 100 1 100 1 1 2756
14 256 1 198 1 482 1 1 5966
15 280 1 241 1 367 1 1 8389
16 203 1 139 1 359 1 1 2639
24 0 
1211 234 239
11
1 185 1 123 1 285 1 1 7055
2 292 1 292 1 210 1 1 6173
3 313 1 313 1 326 1 1 6019
4 192 1 172 1 349 1 1 3733
5 126 1 105 1 164 1 1 960
6 221 1 264 1 269 1 1 7734
7 167 1 208 1 236 1 1 2243
8 105 1 54 1 75 1 1 1632
9 290 1 231 1 351 1 1 9377
10 297 1 259 1 303 1 1 6224
11 305 1 231 1 384 1 1 10285
25 0 
1211 234 239
13
1 221 1 213 1 344 1 1 6070
2 254 1 254 1 216 1 1 8643
3 313 1 272 1 244 1 1 4765
4 182 1 144 1 290 1 1 2090
5 236 1 502 1 267 1 1 6290
6 251 1 210 1 246 1 1 7110
7 177 1 152 1 287 1 1 997
8 223 1 198 1 280 1 1 2077
9 620 1 620 1 297 1 1 5658
10 249 1 244 1 75 1 1 3971
11 443 1 272 1 351 1 1 4335
12 111 1 100 1 213 1 1 710
13 305 1 277 1 390 1 1 9399
26 0 
1211 234 239
11
1 402 1 341 1 269 1 1 6352
2 208 1 180 1 175 1 1 1407
3 149 1 144 1 80 1 1 792
4 246 1 236 1 262 1 1 5596
5 326 1 326 1 341 1 1 6729
6 346 1 346 1 190 1 1 11603
7 267 1 390 1 313 1 1 6797
8 323 1 269 1 149 1 1 2033
9 333 1 280 1 287 1 1 5788
10 177 1 144 1 264 1 1 2470
11 292 1 241 1 464 1 1 6233
27 0 
1211 234 239
17
1 213 1 187 1 272 1 1 2243
2 192 1 146 1 361 1 1 3563
3 328 1 262 1 226 1 1 5411
4 175 1 172 1 213 1 1 1511
5 251 1 210 1 216 1 1 2710
6 108 1 85 1 172 1 1 642
7 154 1 185 1 264 1 1 6204
8 159 1 154 1 192 1 1 1720
9 262 1 256 1 359 1 1 5962
10 187 1 177 1 187 1 1 1742
11 287 1 282 1 213 1 1 6350
12 259 1 233 1 392 1 1 6350
13 233 1 223 1 436 1 1 6050
14 144 1 118 1 236 1 1 1268
15 141 1 103 1 126 1 1 585
16 141 1 134 1 136 1 1 796
17 512 1 346 1 70 1 1 1874
28 0 
1211 234 239
16
1 136 1 116 1 200 1 1 937
2 121 1 100 1 121 1 1 1096
3 246 1 180 1 172 1 1 2670
4 228 1 177 1 323 1 1 2604
5 320 1 267 1 241 1 1 6927
6 300 1 218 1 541 1 1 9624
7 118 1 118 1 175 1 1 463
8 292 1 280 1 413 1 1 10865
9 152 1 121 1 262 1 1 1103
10 175 1 131 1 367 1 1 2518
11 152 1 113 1 205 1 1 1301
12 169 1 141 1 182 1 1 1195
13 105 1 139 1 192 1 1 732
14 221 1 187 1 290 1 1 2928
15 300 1 236 1 277 1 1 5433
16 379 1 354 1 226 1 1 6200
29 0 
1211 234 239
17
1 182 1 172 1 269 1 1 4355
2 236 1 205 1 300 1 1 3043
3 105 1 128 1 72 1 1 666
4 310 1 244 1 269 1 1 5303
5 1339 1 100 1 182 1 1 6886
6 131 1 95 1 226 1 1 1685
7 100 1 98 1 198 1 1 466
8 180 1 152 1 272 1 1 1760
9 236 1 231 1 349 1 1 5636
10 164 1 249 1 113 1 1 2441
11 336 1 246 1 300 1 1 3576
12 226 1 218 1 187 1 1 3579
13 123 1 123 1 157 1 1 474
14 198 1 198 1 405 1 1 9886
15 126 1 123 1 136 1 1 717
16 118 1 103 1 210 1 1 704
17 305 1 228 1 315 1 1 3806
30 0 
1211 234 239
16
1 198 1 190 1 364 1 1 2871
2 31 1 185 1 72 1 1 287
3 180 1 149 1 167 1 1 1619
4 264 1 213 1 295 1 1 5146
5 200 1 185 1 326 1 1 5417
6 128 1 105 1 118 1 1 571
7 154 1 108 1 167 1 1 851
8 259 1 254 1 244 1 1 2110
9 254 1 233 1 433 1 1 4895
10 313 1 241 1 251 1 1 7212
11 2540 1 169 1 108 1 1 9348
12 177 1 172 1 400 1 1 4185
13 223 1 198 1 269 1 1 2183
14 175 1 131 1 290 1 1 2247
15 182 1 162 1 239 1 1 2302
16 172 1 221 1 82 1 1 2785
31 0 
1211 234 239
9
1 280 1 228 1 474 1 1 6738
2 326 1 244 1 361 1 1 8643
3 221 1 218 1 208 1 1 2867
4 157 1 95 1 216 1 1 1672
5 175 1 172 1 341 1 1 2483
6 277 1 256 1 395 1 1 11282
7 195 1 177 1 364 1 1 2348
8 287 1 264 1 256 1 1 10671
9 722 1 146 1 146 1 1 7260
32 0 
1211 234 239
7
1 103 1 77 1 149 1 1 309
2 246 1 231 1 390 1 1 7393
3 269 1 226 1 259 1 1 5497
4 323 1 269 1 635 1 1 14769
5 287 1 239 1 282 1 1 5503
6 474 1 474 1 451 1 1 19507
7 231 1 192 1 254 1 1 8488
33 0 
1211 234 239
14
1 198 1 162 1 274 1 1 2699
2 454 1 303 1 446 1 1 4352
3 116 1 100 1 180 1 1 3340
4 249 1 208 1 157 1 1 3318
5 356 1 446 1 162 1 1 6407
6 198 1 177 1 205 1 1 1345
7 367 1 349 1 592 1 1 8901
8 177 1 149 1 98 1 1 3226
9 175 1 175 1 44 1 1 450
10 152 1 131 1 157 1 1 1165
11 328 1 328 1 205 1 1 7232
12 249 1 208 1 354 1 1 6908
13 108 1 95 1 149 1 1 419
14 226 1 205 1 423 1 1 6019
34 0 
1211 234 239
12
1 218 1 164 1 198 1 1 2615
2 190 1 167 1 297 1 1 3706
3 57 1 57 1 54 1 1 36
4 256 1 180 1 113 1 1 2384
5 374 1 361 1 264 1 1 10009
6 420 1 413 1 454 1 1 9037
7 123 1 116 1 200 1 1 243
8 136 1 113 1 152 1 1 629
9 374 1 367 1 175 1 1 6200
10 341 1 290 1 541 1 1 13612
11 282 1 239 1 287 1 1 4286
12 126 1 126 1 203 1 1 2919
35 0 
1211 234 239
9
1 228 1 175 1 438 1 1 5347
2 54 1 54 1 82 1 1 89
3 277 1 277 1 341 1 1 8779
4 274 1 205 1 323 1 1 6389
5 367 1 359 1 395 1 1 8753
6 297 1 221 1 351 1 1 8279
7 331 1 264 1 198 1 1 10389
8 185 1 144 1 139 1 1 1361
9 318 1 318 1 553 1 1 16030
36 0 
1211 234 239
12
1 333 1 290 1 277 1 1 6158
2 251 1 210 1 402 1 1 9370
3 221 1 164 1 318 1 1 2844
4 249 1 233 1 287 1 1 4476
5 282 1 233 1 159 1 1 8290
6 251 1 216 1 515 1 1 6407
7 77 1 59 1 105 1 1 177
8 131 1 126 1 226 1 1 4489
9 131 1 131 1 264 1 1 915
10 607 1 461 1 697 1 1 2492
11 177 1 123 1 236 1 1 869
12 259 1 249 1 361 1 1 10252
37 0 
1211 234 239
14
1 167 1 144 1 167 1 1 2002
2 116 1 103 1 175 1 1 851
3 200 1 200 1 315 1 1 2304
4 277 1 272 1 436 1 1 6449
5 121 1 95 1 218 1 1 1764
6 390 1 367 1 223 1 1 11500
7 369 1 369 1 423 1 1 10389
8 182 1 180 1 226 1 1 1967
9 277 1 277 1 328 1 1 5699
10 98 1 77 1 169 1 1 221
11 267 1 210 1 489 1 1 4710
12 182 1 152 1 139 1 1 1392
13 175 1 146 1 192 1 1 1420
14 331 1 175 1 264 1 1 5803
38 0 
1211 234 239
14
1 98 1 93 1 134 1 1 280
2 500 1 413 1 576 1 1 8405
3 274 1 446 1 223 1 1 6378
4 344 1 236 1 635 1 1 6110
5 205 1 164 1 249 1 1 3402
6 999 1 269 1 269 1 1 14015
7 264 1 264 1 246 1 1 5759
8 338 1 26 1 47 1 1 111
9 195 1 175 1 285 1 1 2523
10 159 1 157 1 223 1 1 1508
11 149 1 118 1 169 1 1 320
12 93 1 80 1 93 1 1 287
13 103 1 103 1 136 1 1 406
14 205 1 136 1 387 1 1 5349
39 0 
1211 234 239
22
1 254 1 213 1 326 1 1 4037
2 111 1 1114 1 111 1 1 1588
3 300 1 300 1 390 1 1 11586
4 139 1 126 1 159 1 1 353
5 100 1 98 1 169 1 1 858
6 123 1 105 1 123 1 1 1171
7 213 1 195 1 244 1 1 3519
8 116 1 113 1 175 1 1 585
9 154 1 123 1 205 1 1 1621
10 228 1 274 1 149 1 1 6744
11 88 1 67 1 154 1 1 391
12 134 1 103 1 149 1 1 620
13 175 1 93 1 149 1 1 898
14 152 1 108 1 180 1 1 616
15 118 1 123 1 44 1 1 217
16 262 1 218 1 218 1 1 5461
17 295 1 172 1 90 1 1 3124
18 192 1 185 1 320 1 1 3065
19 128 1 103 1 95 1 1 320
20 256 1 213 1 282 1 1 4454
21 90 1 72 1 149 1 1 1076
22 344 1 244 1 451 1 1 14419
40 0 
1211 234 239
11
1 177 1 152 1 326 1 1 2642
2 152 1 111 1 285 1 1 772
3 146 1 141 1 216 1 1 1733
4 290 1 277 1 285 1 1 6828
5 477 1 205 1 374 1 1 4571
6 272 1 267 1 356 1 1 9835
7 354 1 341 1 492 1 1 8162
8 262 1 218 1 228 1 1 6967
9 267 1 249 1 428 1 1 8510
10 141 1 136 1 185 1 1 1147
11 100 1 90 1 95 1 1 4454
41 0 
1211 234 239
14
1 251 1 195 1 177 1 1 1771
2 121 1 116 1 239 1 1 948
3 118 1 103 1 231 1 1 926
4 269 1 223 1 274 1 1 7831
5 169 1 139 1 228 1 1 2053
6 169 1 162 1 313 1 1 6061
7 221 1 210 1 318 1 1 4372
8 195 1 162 1 382 1 1 3230
9 231 1 280 1 367 1 1 5318
10 218 1 172 1 95 1 1 757
11 272 1 244 1 379 1 1 8510
12 123 1 116 1 123 1 1 706
13 246 1 187 1 500 1 1 3391
14 290 1 223 1 441 1 1 11207
42 0 
1211 234 239
13
1 246 1 131 1 256 1 1 2878
2 144 1 123 1 187 1 1 1257
3 280 1 274 1 82 1 1 5618
4 303 1 251 1 303 1 1 9952
5 123 1 103 1 149 1 1 772
6 123 1 103 1 152 1 1 210
7 346 1 387 1 128 1 1 10450
8 272 1 264 1 315 1 1 9767
9 162 1 154 1 169 1 1 816
10 123 1 128 1 169 1 1 783
11 223 1 364 1 146 1 1 4895
12 239 1 287 1 328 1 1 3636
13 390 1 323 1 162 1 1 4721
43 0 
1211 234 239
12
1 267 1 221 1 216 1 1 4350
2 177 1 126 1 264 1 1 1996
3 282 1 267 1 502 1 1 9381
4 303 1 172 1 280 1 1 5794
5 182 1 146 1 136 1 1 2948
6 216 1 208 1 333 1 1 6176
7 295 1 246 1 446 1 1 9842
8 1114 1 658 1 105 1 1 5380
9 116 1 95 1 182 1 1 402
10 315 1 310 1 418 1 1 3043
11 233 1 195 1 228 1 1 3162
12 280 1 249 1 464 1 1 13019
44 0 
1211 234 239
18
1 162 1 136 1 159 1 1 2106
2 361 1 361 1 405 1 1 5098
3 167 1 157 1 346 1 1 3490
4 134 1 113 1 131 1 1 503
5 213 1 182 1 182 1 1 2452
6 118 1 118 1 221 1 1 1685
7 331 1 287 1 254 1 1 4820
8 146 1 126 1 216 1 1 836
9 474 1 190 1 152 1 1 8576
10 105 1 98 1 154 1 1 296
11 320 1 300 1 320 1 1 5788
12 297 1 157 1 280 1 1 3418
13 200 1 167 1 198 1 1 2851
14 80 1 77 1 149 1 1 199
15 405 1 359 1 369 1 1 3475
16 169 1 157 1 144 1 1 922
17 180 1 157 1 164 1 1 2470
18 287 1 244 1 418 1 1 5876
45 0 
1211 234 239
13
1 267 1 223 1 233 1 1 8188
2 190 1 172 1 354 1 1 3989
3 167 1 159 1 169 1 1 1270
4 162 1 154 1 216 1 1 1780
5 200 1 172 1 195 1 1 5543
6 216 1 216 1 269 1 1 3133
7 213 1 85 1 85 1 1 616
8 384 1 149 1 139 1 1 2132
9 187 1 144 1 390 1 1 1967
10 103 1 103 1 90 1 1 3486
11 323 1 269 1 323 1 1 10653
12 167 1 134 1 177 1 1 1610
13 280 1 262 1 397 1 1 10261
46 0 
1211 234 239
11
1 267 1 195 1 390 1 1 6641
2 241 1 157 1 354 1 1 3616
3 208 1 192 1 346 1 1 2368
4 205 1 157 1 269 1 1 3127
5 318 1 318 1 269 1 1 7009
6 318 1 313 1 287 1 1 12600
7 423 1 351 1 431 1 1 13098
8 100 1 93 1 118 1 1 228
9 118 1 98 1 121 1 1 810
10 36 1 29 1 62 1 1 16
11 395 1 359 1 269 1 1 5386
47 0 
1211 234 239
13
1 154 1 131 1 264 1 1 1103
2 123 1 105 1 85 1 1 1081
3 410 1 344 1 300 1 1 8731
4 280 1 280 1 477 1 1 8521
5 213 1 152 1 305 1 1 2851
6 239 1 182 1 487 1 1 3213
7 223 1 172 1 213 1 1 2708
8 123 1 103 1 93 1 1 1224
9 200 1 182 1 303 1 1 4103
10 287 1 251 1 382 1 1 7146
11 269 1 187 1 205 1 1 3098
12 218 1 187 1 392 1 1 4311
13 292 1 244 1 469 1 1 12642
48 0 
1211 234 239
12
1 290 1 241 1 290 1 1 7551
2 198 1 162 1 205 1 1 5415
3 203 1 185 1 221 1 1 2229
4 131 1 111 1 131 1 1 1442
5 305 1 231 1 249 1 1 6528
6 205 1 172 1 192 1 1 428
7 244 1 187 1 323 1 1 5285
8 123 1 149 1 167 1 1 2300
9 131 1 116 1 200 1 1 5666
10 413 1 344 1 172 1 1 7166
11 313 1 377 1 203 1 1 7287
12 182 1 172 1 251 1 1 2503
49 0 
1211 234 239
15
1 226 1 221 1 377 1 1 8182
2 164 1 139 1 297 1 1 2199
3 208 1 162 1 418 1 1 2765
4 195 1 167 1 356 1 1 3135
5 128 1 111 1 169 1 1 519
6 200 1 154 1 410 1 1 1762
7 126 1 105 1 123 1 1 1059
8 208 1 175 1 374 1 1 4546
9 98 1 123 1 98 1 1 1281
10 192 1 185 1 241 1 1 2002
11 308 1 282 1 157 1 1 6727
12 182 1 152 1 274 1 1 2216
13 326 1 318 1 464 1 1 13995
14 192 1 162 1 198 1 1 2251
15 198 1 198 1 354 1 1 5618
50 0 
1211 234 239
20
1 164 1 121 1 146 1 1 408
2 134 1 113 1 185 1 1 1736
3 341 1 318 1 459 1 1 12862
4 134 1 123 1 208 1 1 783
5 121 1 105 1 72 1 1 351
6 146 1 146 1 192 1 1 675
7 72 1 70 1 98 1 1 338
8 182 1 116 1 259 1 1 1001
9 121 1 100 1 213 1 1 353
10 144 1 134 1 221 1 1 1262
11 451 1 313 1 387 1 1 6797
12 105 1 98 1 118 1 1 197
13 111 1 93 1 198 1 1 673
14 336 1 226 1 318 1 1 7549
15 154 1 103 1 146 1 1 750
16 420 1 402 1 456 1 1 9919
17 233 1 200 1 300 1 1 3451
18 108 1 100 1 136 1 1 779
19 152 1 126 1 205 1 1 2249
20 367 1 282 1 699 1 1 6478
51 0 
1211 234 239
11
1 899 1 67 1 121 1 1 2090
2 290 1 241 1 259 1 1 5953
3 241 1 218 1 379 1 1 4610
4 218 1 218 1 369 1 1 2897
5 244 1 203 1 382 1 1 3398
6 139 1 105 1 216 1 1 1076
7 198 1 195 1 249 1 1 2512
8 274 1 274 1 282 1 1 7342
9 479 1 479 1 103 1 1 6332
10 267 1 223 1 262 1 1 7373
11 328 1 328 1 195 1 1 14860
52 0 
1211 234 239
12
1 290 1 254 1 451 1 1 8907
2 231 1 192 1 231 1 1 5285
3 256 1 256 1 336 1 1 3623
4 326 1 277 1 192 1 1 7463
5 141 1 139 1 228 1 1 1760
6 264 1 228 1 264 1 1 5378
7 280 1 203 1 512 1 1 6301
8 146 1 144 1 177 1 1 860
9 123 1 116 1 123 1 1 706
10 272 1 190 1 282 1 1 3429
11 374 1 310 1 326 1 1 8290
12 175 1 169 1 241 1 1 1742
53 0 
1211 234 239
7
1 436 1 436 1 559 1 1 18358
2 251 1 210 1 226 1 1 11354
3 208 1 192 1 377 1 1 5578
4 116 1 88 1 185 1 1 803
5 379 1 320 1 387 1 1 13810
6 152 1 146 1 239 1 1 735
7 313 1 249 1 418 1 1 12600
54 0 
1211 234 239
14
1 162 1 154 1 152 1 1 686
2 192 1 159 1 146 1 1 1610
3 205 1 175 1 287 1 1 1764
4 241 1 172 1 451 1 1 12642
5 154 1 185 1 185 1 1 1799
6 136 1 128 1 100 1 1 607
7 262 1 256 1 267 1 1 4661
8 267 1 226 1 451 1 1 10649
9 218 1 262 1 320 1 1 4163
10 228 1 233 1 126 1 1 3197
11 52 1 52 1 72 1 1 38
12 169 1 149 1 249 1 1 2181
13 425 1 379 1 290 1 1 8363
14 331 1 295 1 262 1 1 7289
55 0 
1211 234 239
15
1 198 1 198 1 377 1 1 1881
2 244 1 203 1 239 1 1 6354
3 367 1 152 1 320 1 1 1815
4 182 1 180 1 203 1 1 2613
5 100 1 80 1 164 1 1 331
6 267 1 223 1 190 1 1 3202
7 128 1 108 1 169 1 1 984
8 267 1 367 1 280 1 1 2952
9 226 1 192 1 267 1 1 1938
10 192 1 162 1 267 1 1 3702
11 213 1 182 1 326 1 1 4057
12 323 1 305 1 397 1 1 8654
13 175 1 175 1 249 1 1 2432
14 123 1 103 1 221 1 1 838
15 364 1 310 1 372 1 1 19807
56 0 
1211 234 239
16
1 172 1 146 1 172 1 1 2024
2 164 1 136 1 146 1 1 1835
3 144 1 136 1 274 1 1 1654
4 159 1 128 1 90 1 1 1808
5 313 1 241 1 489 1 1 14860
6 251 1 208 1 420 1 1 7267
7 223 1 192 1 228 1 1 3336
8 233 1 182 1 239 1 1 2141
9 187 1 121 1 123 1 1 1720
10 136 1 118 1 136 1 1 973
11 159 1 123 1 315 1 1 1195
12 203 1 169 1 195 1 1 2404
13 228 1 274 1 251 1 1 7703
14 62 1 100 1 49 1 1 78
15 190 1 141 1 249 1 1 2851
16 221 1 208 1 392 1 1 5314
57 0 
1211 234 239
11
1 272 1 226 1 379 1 1 3715
2 1432 1 72 1 72 1 1 1341
3 297 1 269 1 538 1 1 8407
4 495 1 464 1 431 1 1 11535
5 108 1 90 1 108 1 1 613
6 333 1 300 1 167 1 1 4688
7 103 1 100 1 113 1 1 351
8 198 1 164 1 192 1 1 2467
9 415 1 372 1 254 1 1 5990
10 610 1 272 1 413 1 1 10649
11 210 1 451 1 239 1 1 4544
58 0 
1211 234 239
13
1 205 1 172 1 205 1 1 2496
2 313 1 272 1 182 1 1 7582
3 272 1 203 1 185 1 1 3365
4 256 1 256 1 272 1 1 9835
5 241 1 208 1 236 1 1 4756
6 287 1 216 1 472 1 1 10316
7 615 1 146 1 134 1 1 2587
8 113 1 93 1 144 1 1 450
9 123 1 103 1 221 1 1 915
10 157 1 139 1 111 1 1 657
11 354 1 303 1 612 1 1 9591
12 126 1 105 1 90 1 1 336
13 297 1 297 1 177 1 1 7695
59 0 
1211 234 239
9
1 313 1 251 1 602 1 1 11077
2 341 1 297 1 259 1 1 5259
3 105 1 126 1 80 1 1 1297
4 392 1 346 1 489 1 1 10968
5 251 1 203 1 116 1 1 5750
6 251 1 246 1 420 1 1 11218
7 241 1 292 1 382 1 1 6050
8 121 1 103 1 192 1 1 624
9 167 1 139 1 162 1 1 1771
60 0 
1211 234 239
16
1 128 1 121 1 131 1 1 843
2 277 1 254 1 361 1 1 2745
3 187 1 175 1 116 1 1 2141
4 121 1 90 1 228 1 1 907
5 111 1 98 1 113 1 1 516
6 108 1 100 1 62 1 1 245
7 85 1 70 1 64 1 1 155
8 290 1 198 1 297 1 1 6453
9 131 1 131 1 210 1 1 1949
10 210 1 203 1 136 1 1 4513
11 264 1 180 1 121 1 1 6392
12 159 1 139 1 159 1 1 1899
13 502 1 254 1 387 1 1 9370
14 356 1 318 1 198 1 1 8405
15 123 1 118 1 126 1 1 177
16 454 1 377 1 303 1 1 15947
61 0 
1211 234 239
9
1 146 1 126 1 131 1 1 1270
2 530 1 210 1 216 1 1 9242
3 198 1 308 1 333 1 1 5367
4 136 1 126 1 195 1 1 1348
5 441 1 369 1 515 1 1 9377
6 236 1 280 1 264 1 1 11487
7 152 1 149 1 216 1 1 1874
8 216 1 231 1 344 1 1 8790
9 305 1 367 1 367 1 1 16368
62 0 
1211 234 239
13
1 216 1 175 1 344 1 1 3144
2 356 1 310 1 502 1 1 15971
3 187 1 175 1 113 1 1 1623
4 175 1 172 1 246 1 1 2216
5 172 1 108 1 164 1 1 840
6 221 1 167 1 128 1 1 1270
7 231 1 192 1 175 1 1 5071
8 149 1 126 1 82 1 1 2004
9 256 1 226 1 256 1 1 9659
10 213 1 172 1 320 1 1 2309
11 182 1 159 1 328 1 1 3881
12 164 1 152 1 300 1 1 2000
13 256 1 216 1 251 1 1 5386
63 0 
1211 234 239
7
1 131 1 111 1 198 1 1 1797
2 341 1 285 1 454 1 1 12569
3 228 1 144 1 239 1 1 5843
4 123 1 103 1 70 1 1 671
5 628 1 436 1 538 1 1 18242
6 336 1 259 1 484 1 1 12300
7 126 1 205 1 282 1 1 2348
64 0 
1211 234 239
14
1 262 1 228 1 387 1 1 8182
2 402 1 336 1 428 1 1 8713
3 192 1 162 1 200 1 1 4244
4 320 1 241 1 392 1 1 8162
5 392 1 336 1 295 1 1 5759
6 116 1 88 1 233 1 1 419
7 121 1 105 1 90 1 1 86
8 131 1 105 1 192 1 1 739
9 131 1 118 1 108 1 1 486
10 123 1 123 1 93 1 1 567
11 139 1 103 1 136 1 1 882
12 213 1 205 1 382 1 1 5693
13 313 1 241 1 400 1 1 7540
14 221 1 167 1 436 1 1 2199
65 0 
1211 234 239
14
1 226 1 154 1 274 1 1 2730
2 134 1 123 1 208 1 1 1268
3 259 1 195 1 300 1 1 4767
4 244 1 203 1 438 1 1 7084
5 231 1 192 1 134 1 1 2448
6 180 1 131 1 213 1 1 1656
7 221 1 221 1 441 1 1 8671
8 387 1 303 1 267 1 1 8334
9 123 1 108 1 208 1 1 805
10 121 1 144 1 88 1 1 1076
11 139 1 100 1 172 1 1 926
12 154 1 103 1 239 1 1 4061
13 372 1 354 1 320 1 1 9207
14 231 1 205 1 351 1 1 2928
66 0 
1211 234 239
14
1 131 1 105 1 216 1 1 3363
2 144 1 118 1 239 1 1 1239
3 164 1 126 1 195 1 1 1224
4 195 1 177 1 146 1 1 1354
5 344 1 336 1 448 1 1 5816
6 251 1 187 1 400 1 1 4586
7 149 1 139 1 200 1 1 2205
8 318 1 239 1 323 1 1 10477
9 159 1 128 1 111 1 1 1445
10 267 1 267 1 472 1 1 10653
11 144 1 103 1 131 1 1 706
12 185 1 139 1 267 1 1 790
13 331 1 262 1 246 1 1 7033
14 187 1 180 1 359 1 1 5413
67 0 
1211 234 239
17
1 231 1 172 1 400 1 1 4057
2 123 1 123 1 123 1 1 360
3 180 1 177 1 239 1 1 1819
4 139 1 90 1 213 1 1 2730
5 131 1 128 1 123 1 1 578
6 259 1 259 1 154 1 1 7344
7 205 1 154 1 359 1 1 6085
8 123 1 103 1 128 1 1 926
9 159 1 190 1 190 1 1 2212
10 239 1 167 1 379 1 1 5433
11 182 1 162 1 134 1 1 1808
12 118 1 85 1 233 1 1 508
13 172 1 208 1 203 1 1 3162
14 305 1 277 1 390 1 1 9397
15 425 1 425 1 326 1 1 3486
16 182 1 180 1 190 1 1 2997
17 297 1 277 1 180 1 1 6493
68 0 
1211 234 239
16
1 157 1 157 1 280 1 1 2922
2 221 1 182 1 308 1 1 1916
3 313 1 292 1 269 1 1 5915
4 175 1 146 1 313 1 1 2598
5 131 1 111 1 108 1 1 814
6 185 1 180 1 308 1 1 4410
7 272 1 180 1 515 1 1 12600
8 208 1 195 1 128 1 1 2928
9 72 1 64 1 113 1 1 847
10 100 1 85 1 164 1 1 316
11 180 1 123 1 82 1 1 1985
12 177 1 154 1 221 1 1 763
13 359 1 274 1 177 1 1 8521
14 103 1 98 1 190 1 1 1874
15 113 1 108 1 72 1 1 494
16 272 1 213 1 454 1 1 11487
69 0 
1211 234 239
10
1 282 1 216 1 510 1 1 4798
2 131 1 164 1 131 1 1 2966
3 251 1 208 1 218 1 1 4908
4 305 1 239 1 372 1 1 3759
5 349 1 254 1 359 1 1 4646
6 361 1 285 1 400 1 1 11738
7 361 1 200 1 420 1 1 1650
8 249 1 244 1 487 1 1 6912
9 328 1 328 1 431 1 1 11524
10 282 1 236 1 315 1 1 5763
70 0 
1211 234 239
14
1 85 1 72 1 67 1 1 98
2 213 1 195 1 390 1 1 4476
3 438 1 320 1 228 1 1 15947
4 213 1 162 1 287 1 1 3806
5 123 1 103 1 141 1 1 2128
6 244 1 180 1 262 1 1 2194
7 126 1 121 1 231 1 1 803
8 128 1 90 1 82 1 1 585
9 297 1 297 1 167 1 1 5638
10 287 1 241 1 518 1 1 6804
11 128 1 100 1 249 1 1 1147
12 200 1 187 1 254 1 1 3746
13 451 1 159 1 305 1 1 3634
14 195 1 172 1 326 1 1 4732
71 0 
1211 234 239
20
1 249 1 190 1 315 1 1 5655
2 72 1 62 1 100 1 1 1116
3 223 1 123 1 262 1 1 397
4 123 1 154 1 57 1 1 263
5 377 1 149 1 121 1 1 4313
6 259 1 213 1 249 1 1 3616
7 162 1 121 1 195 1 1 948
8 661 1 34 1 31 1 1 166
9 216 1 216 1 423 1 1 5962
10 203 1 121 1 192 1 1 1015
11 264 1 259 1 328 1 1 5417
12 134 1 116 1 139 1 1 2326
13 98 1 98 1 169 1 1 646
14 175 1 175 1 95 1 1 1231
15 180 1 159 1 185 1 1 2172
16 172 1 144 1 154 1 1 1925
17 986 1 93 1 72 1 1 2626
18 344 1 290 1 344 1 1 6619
19 113 1 90 1 231 1 1 474
20 469 1 318 1 589 1 1 10547
72 0 
1211 234 239
14
1 90 1 80 1 141 1 1 355
2 300 1 105 1 116 1 1 1180
3 223 1 167 1 236 1 1 1557
4 182 1 152 1 326 1 1 3493
5 218 1 190 1 369 1 1 4544
6 254 1 410 1 323 1 1 10525
7 198 1 192 1 108 1 1 695
8 111 1 103 1 157 1 1 827
9 59 1 49 1 62 1 1 98
10 152 1 113 1 233 1 1 1381
11 169 1 159 1 146 1 1 2110
12 336 1 177 1 402 1 1 7472
13 187 1 152 1 313 1 1 6332
14 341 1 305 1 528 1 1 13612
73 0 
1211 234 239
21
1 187 1 177 1 356 1 1 2831
2 236 1 236 1 415 1 1 10179
3 162 1 136 1 136 1 1 1295
4 154 1 108 1 167 1 1 851
5 226 1 269 1 297 1 1 5569
6 121 1 75 1 157 1 1 673
7 223 1 195 1 413 1 1 1442
8 98 1 90 1 98 1 1 402
9 146 1 108 1 290 1 1 2340
10 303 1 221 1 543 1 1 7287
11 223 1 190 1 400 1 1 5292
12 213 1 159 1 438 1 1 3334
13 118 1 88 1 233 1 1 1511
14 144 1 123 1 162 1 1 2679
15 205 1 203 1 320 1 1 4108
16 149 1 111 1 231 1 1 1319
17 100 1 100 1 182 1 1 655
18 141 1 103 1 177 1 1 336
19 131 1 108 1 141 1 1 556
20 121 1 82 1 123 1 1 457
21 203 1 152 1 351 1 1 2745
74 0 
1211 234 239
10
1 128 1 128 1 100 1 1 1519
2 272 1 226 1 300 1 1 6233
3 231 1 228 1 308 1 1 1059
4 93 1 88 1 164 1 1 355
5 239 1 226 1 200 1 1 4762
6 415 1 310 1 441 1 1 10120
7 771 1 771 1 369 1 1 10935
8 236 1 123 1 213 1 1 2102
9 320 1 233 1 505 1 1 11244
10 241 1 200 1 464 1 1 14053
75 0 
1211 234 239
10
1 177 1 152 1 208 1 1 1799
2 367 1 290 1 484 1 1 18358
3 103 1 100 1 228 1 1 642
4 241 1 180 1 267 1 1 3471
5 123 1 103 1 111 1 1 210
6 218 1 264 1 218 1 1 3016
7 223 1 159 1 344 1 1 4663
8 423 1 200 1 244 1 1 6389
9 308 1 308 1 320 1 1 5733
10 423 1 405 1 443 1 1 14487
76 0 
1211 234 239
13
1 195 1 185 1 354 1 1 2884
2 149 1 136 1 303 1 1 1451
3 116 1 103 1 157 1 1 774
4 121 1 108 1 177 1 1 1037
5 159 1 126 1 190 1 1 1213
6 310 1 274 1 523 1 1 9621
7 128 1 128 1 121 1 1 1478
8 203 1 167 1 200 1 1 2844
9 105 1 88 1 149 1 1 536
10 341 1 341 1 438 1 1 8896
11 295 1 246 1 287 1 1 8521
12 264 1 254 1 495 1 1 8839
13 310 1 292 1 479 1 1 6680
77 0 
1211 234 239
16
1 285 1 236 1 290 1 1 10054
2 203 1 162 1 192 1 1 3848
3 123 1 103 1 152 1 1 274
4 364 1 364 1 392 1 1 10071
5 272 1 192 1 382 1 1 5794
6 175 1 172 1 313 1 1 2988
7 116 1 98 1 195 1 1 684
8 123 1 123 1 116 1 1 578
9 123 1 93 1 162 1 1 960
10 123 1 105 1 123 1 1 1034
11 88 1 128 1 134 1 1 84
12 154 1 139 1 280 1 1 898
13 123 1 103 1 223 1 1 1092
14 354 1 146 1 292 1 1 4524
15 410 1 280 1 374 1 1 9158
16 300 1 282 1 154 1 1 5356
78 0 
1211 234 239
14
1 164 1 128 1 344 1 1 1169
2 157 1 108 1 216 1 1 494
3 223 1 223 1 297 1 1 5558
4 331 1 223 1 487 1 1 12600
5 180 1 141 1 285 1 1 2895
6 108 1 90 1 113 1 1 536
7 134 1 116 1 103 1 1 644
8 218 1 218 1 387 1 1 5823
9 251 1 216 1 221 1 1 2216
10 167 1 126 1 210 1 1 1544
11 128 1 126 1 177 1 1 915
12 280 1 205 1 231 1 1 3852
13 246 1 205 1 320 1 1 7265
14 461 1 436 1 638 1 1 14015
79 0 
1211 234 239
10
1 489 1 344 1 249 1 1 15314
2 264 1 218 1 405 1 1 5821
3 379 1 272 1 346 1 1 6628
4 241 1 241 1 205 1 1 2381
5 192 1 162 1 246 1 1 7580
6 479 1 152 1 210 1 1 2785
7 320 1 259 1 433 1 1 5417
8 177 1 154 1 320 1 1 3133
9 149 1 123 1 70 1 1 1182
10 123 1 149 1 297 1 1 6085
80 0 
1211 234 239
11
1 530 1 233 1 436 1 1 2814
2 146 1 98 1 180 1 1 336
3 295 1 231 1 438 1 1 10794
4 103 1 116 1 111 1 1 426
5 244 1 187 1 423 1 1 8389
6 428 1 315 1 349 1 1 14053
7 331 1 175 1 264 1 1 5915
8 182 1 152 1 192 1 1 2900
9 162 1 100 1 152 1 1 739
10 126 1 103 1 251 1 1 6828
11 277 1 277 1 315 1 1 4372
81 0 
1211 234 239
9
1 85 1 103 1 103 1 1 389
2 180 1 95 1 167 1 1 1026
3 269 1 226 1 254 1 1 5889
4 246 1 182 1 241 1 1 1947
5 256 1 146 1 82 1 1 1742
6 254 1 249 1 341 1 1 4502
7 484 1 390 1 612 1 1 14181
8 249 1 208 1 244 1 1 5270
9 400 1 333 1 607 1 1 19860
82 0 
1211 234 239
13
1 469 1 415 1 308 1 1 12981
2 182 1 152 1 228 1 1 4163
3 259 1 254 1 351 1 1 9666
4 88 1 80 1 146 1 1 298
5 305 1 367 1 297 1 1 9767
6 336 1 320 1 361 1 1 4372
7 246 1 167 1 374 1 1 4048
8 336 1 236 1 149 1 1 2820
9 167 1 164 1 205 1 1 1650
10 123 1 100 1 210 1 1 602
11 141 1 136 1 152 1 1 794
12 136 1 126 1 259 1 1 937
13 200 1 190 1 338 1 1 4227
83 0 
1211 234 239
15
1 123 1 103 1 149 1 1 1932
2 118 1 103 1 54 1 1 144
3 98 1 82 1 146 1 1 585
4 182 1 182 1 244 1 1 1634
5 159 1 139 1 169 1 1 1266
6 295 1 264 1 328 1 1 7033
7 190 1 226 1 221 1 1 9835
8 157 1 111 1 282 1 1 1535
9 131 1 126 1 175 1 1 455
10 141 1 108 1 231 1 1 7792
11 474 1 395 1 198 1 1 11030
12 333 1 318 1 159 1 1 3338
13 264 1 228 1 500 1 1 5228
14 113 1 108 1 175 1 1 686
15 164 1 105 1 267 1 1 1581
84 0 
1211 234 239
17
1 121 1 111 1 216 1 1 655
2 141 1 136 1 116 1 1 655
3 154 1 136 1 241 1 1 1365
4 121 1 75 1 157 1 1 673
5 159 1 159 1 256 1 1 5874
6 236 1 231 1 272 1 1 2730
7 100 1 82 1 195 1 1 395
8 149 1 131 1 213 1 1 578
9 187 1 154 1 262 1 1 2496
10 384 1 315 1 456 1 1 7734
11 103 1 103 1 131 1 1 428
12 384 1 277 1 241 1 1 7862
13 354 1 308 1 390 1 1 9480
14 154 1 128 1 159 1 1 1599
15 123 1 113 1 152 1 1 600
16 239 1 223 1 387 1 1 1795
17 328 1 277 1 574 1 1 11077
85 0 
1211 234 239
18
1 697 1 187 1 187 1 1 4749
2 259 1 251 1 241 1 1 3358
3 126 1 93 1 198 1 1 990
4 277 1 267 1 428 1 1 13429
5 126 1 118 1 72 1 1 406
6 154 1 103 1 172 1 1 201
7 136 1 131 1 111 1 1 549
8 162 1 134 1 198 1 1 4851
9 274 1 356 1 267 1 1 5543
10 136 1 139 1 246 1 1 1943
11 200 1 195 1 111 1 1 1672
12 144 1 113 1 259 1 1 1425
13 182 1 126 1 177 1 1 1755
14 185 1 123 1 195 1 1 1680
15 236 1 187 1 177 1 1 7518
16 88 1 88 1 72 1 1 655
17 223 1 157 1 272 1 1 1828
18 264 1 246 1 354 1 1 5971
86 0 
1211 234 239
12
1 154 1 121 1 134 1 1 662
2 146 1 123 1 141 1 1 768
3 136 1 108 1 216 1 1 1114
4 384 1 369 1 497 1 1 2262
5 402 1 387 1 464 1 1 11515
6 93 1 93 1 118 1 1 474
7 408 1 400 1 400 1 1 6647
8 231 1 198 1 228 1 1 8581
9 287 1 226 1 433 1 1 11268
10 205 1 103 1 262 1 1 1109
11 162 1 118 1 144 1 1 717
12 303 1 226 1 566 1 1 13857
87 0 
1211 234 239
14
1 290 1 233 1 556 1 1 8684
2 282 1 259 1 259 1 1 6718
3 123 1 103 1 231 1 1 838
4 287 1 277 1 246 1 1 6612
5 349 1 295 1 349 1 1 7033
6 198 1 144 1 198 1 1 2168
7 185 1 185 1 397 1 1 7439
8 103 1 93 1 185 1 1 869
9 41 1 31 1 82 1 1 20
10 528 1 228 1 54 1 1 882
11 149 1 149 1 241 1 1 2199
12 182 1 144 1 144 1 1 1345
13 274 1 208 1 134 1 1 3737
14 336 1 308 1 251 1 1 7472
88 0 
1211 234 239
18
1 157 1 139 1 205 1 1 1023
2 175 1 93 1 139 1 1 863
3 213 1 144 1 82 1 1 2867
4 139 1 116 1 131 1 1 2337
5 128 1 126 1 134 1 1 353
6 320 1 320 1 341 1 1 5521
7 244 1 203 1 121 1 1 4983
8 538 1 226 1 116 1 1 1978
9 144 1 105 1 95 1 1 607
10 152 1 108 1 244 1 1 1279
11 167 1 167 1 80 1 1 746
12 121 1 116 1 239 1 1 948
13 331 1 331 1 354 1 1 10794
14 269 1 231 1 346 1 1 5658
15 134 1 126 1 169 1 1 1134
16 185 1 159 1 185 1 1 1978
17 320 1 241 1 602 1 1 7141
18 226 1 172 1 436 1 1 5223
89 0 
1211 234 239
12
1 285 1 228 1 313 1 1 7177
2 223 1 159 1 359 1 1 4156
3 103 1 100 1 77 1 1 131
4 164 1 162 1 208 1 1 1727
5 118 1 100 1 95 1 1 708
6 331 1 280 1 469 1 1 9066
7 369 1 146 1 149 1 1 3135
8 303 1 297 1 280 1 1 11077
9 216 1 162 1 249 1 1 2745
10 254 1 210 1 126 1 1 5655
11 315 1 249 1 292 1 1 6378
12 123 1 103 1 205 1 1 4740
90 0 
1211 234 239
14
1 192 1 123 1 126 1 1 1828
2 205 1 200 1 249 1 1 2417
3 134 1 116 1 172 1 1 640
4 328 1 272 1 328 1 1 14040
5 208 1 203 1 415 1 1 6890
6 251 1 182 1 274 1 1 5426
7 121 1 103 1 108 1 1 441
8 187 1 167 1 231 1 1 3296
9 149 1 123 1 226 1 1 1279
10 282 1 264 1 310 1 1 7373
11 146 1 111 1 144 1 1 1004
12 251 1 187 1 410 1 1 6886
13 146 1 131 1 205 1 1 1511
14 256 1 203 1 195 1 1 1513
91 0 
1211 234 239
16
1 111 1 88 1 136 1 1 397
2 195 1 167 1 233 1 1 1654
3 408 1 221 1 198 1 1 7417
4 205 1 200 1 354 1 1 2787
5 152 1 152 1 210 1 1 1599
6 144 1 121 1 264 1 1 2609
7 287 1 264 1 446 1 1 7714
8 167 1 111 1 285 1 1 2004
9 320 1 285 1 413 1 1 5424
10 146 1 121 1 203 1 1 1306
11 123 1 123 1 180 1 1 763
12 223 1 205 1 274 1 1 3210
13 241 1 236 1 318 1 1 3839
14 290 1 203 1 244 1 1 3120
15 233 1 228 1 349 1 1 6921
16 285 1 259 1 454 1 1 10252
92 0 
1211 234 239
14
1 246 1 205 1 287 1 1 4108
2 228 1 210 1 441 1 1 6041
3 228 1 221 1 402 1 1 2564
4 126 1 108 1 123 1 1 1345
5 128 1 128 1 149 1 1 419
6 210 1 192 1 423 1 1 4328
7 208 1 175 1 323 1 1 2966
8 123 1 113 1 210 1 1 552
9 413 1 310 1 259 1 1 11711
10 233 1 172 1 228 1 1 1661
11 113 1 93 1 113 1 1 620
12 528 1 264 1 502 1 1 6405
13 134 1 113 1 233 1 1 821
14 274 1 256 1 472 1 1 13019
93 0 
1211 234 239
19
1 384 1 210 1 315 1 1 3076
2 136 1 116 1 136 1 1 984
3 85 1 80 1 123 1 1 369
4 192 1 162 1 251 1 1 3504
5 123 1 103 1 123 1 1 1319
6 269 1 264 1 233 1 1 9073
7 262 1 187 1 223 1 1 4037
8 223 1 195 1 313 1 1 3907
9 34 1 26 1 67 1 1 18
10 103 1 123 1 246 1 1 3391
11 146 1 116 1 236 1 1 971
12 295 1 282 1 548 1 1 6744
13 105 1 103 1 80 1 1 133
14 177 1 141 1 285 1 1 1958
15 190 1 157 1 256 1 1 2613
16 244 1 233 1 425 1 1 5596
17 182 1 175 1 221 1 1 2490
18 249 1 216 1 210 1 1 3259
19 300 1 300 1 313 1 1 5428
94 0 
1211 234 239
19
1 254 1 231 1 433 1 1 7177
2 82 1 134 1 105 1 1 355
3 221 1 205 1 303 1 1 4251
4 108 1 82 1 162 1 1 267
5 354 1 287 1 256 1 1 3720
6 195 1 167 1 341 1 1 1231
7 239 1 187 1 103 1 1 982
8 190 1 144 1 221 1 1 3585
9 320 1 274 1 192 1 1 7146
10 141 1 131 1 77 1 1 309
11 146 1 146 1 267 1 1 1650
12 295 1 223 1 277 1 1 3958
13 175 1 175 1 231 1 1 1381
14 123 1 103 1 116 1 1 219
15 236 1 213 1 400 1 1 5547
16 251 1 182 1 274 1 1 4553
17 203 1 200 1 328 1 1 3078
18 159 1 108 1 180 1 1 377
19 244 1 203 1 233 1 1 4311
95 0 
1211 234 239
12
1 167 1 121 1 116 1 1 807
2 472 1 418 1 431 1 1 5521
3 423 1 164 1 149 1 1 1720
4 233 1 223 1 333 1 1 5417
5 218 1 149 1 351 1 1 3471
6 251 1 228 1 456 1 1 7177
7 256 1 256 1 249 1 1 4524
8 415 1 415 1 267 1 1 8045
9 374 1 338 1 192 1 1 6332
10 198 1 190 1 187 1 1 3365
11 190 1 144 1 297 1 1 2730
12 244 1 244 1 495 1 1 5799
96 0 
1211 234 239
17
1 203 1 149 1 400 1 1 6528
2 123 1 123 1 126 1 1 369
3 285 1 136 1 113 1 1 691
4 116 1 100 1 100 1 1 638
5 111 1 131 1 123 1 1 1147
6 436 1 203 1 474 1 1 3598
7 123 1 103 1 167 1 1 1281
8 134 1 116 1 131 1 1 252
9 244 1 233 1 303 1 1 2880
10 269 1 269 1 410 1 1 7803
11 277 1 210 1 274 1 1 7000
12 377 1 333 1 300 1 1 8576
13 180 1 175 1 333 1 1 4275
14 228 1 228 1 136 1 1 1429
15 149 1 139 1 285 1 1 1486
16 287 1 187 1 223 1 1 2893
17 121 1 93 1 198 1 1 4919
97 0 
1211 234 239
13
1 239 1 239 1 484 1 1 6914
2 144 1 136 1 146 1 1 772
3 2025 1 100 1 93 1 1 4769
4 210 1 282 1 564 1 1 13995
5 126 1 103 1 128 1 1 792
6 182 1 172 1 346 1 1 4972
7 146 1 111 1 121 1 1 646
8 128 1 111 1 134 1 1 1325
9 264 1 259 1 425 1 1 6680
10 136 1 116 1 200 1 1 937
11 218 1 203 1 223 1 1 2443
12 244 1 221 1 448 1 1 6859
13 305 1 305 1 295 1 1 7609
98 0 
1211 234 239
13
1 369 1 344 1 377 1 1 12558
2 297 1 297 1 418 1 1 9227
3 123 1 103 1 152 1 1 565
4 361 1 141 1 128 1 1 1074
5 285 1 236 1 236 1 1 7474
6 126 1 123 1 126 1 1 2326
7 287 1 239 1 136 1 1 2571
8 139 1 139 1 244 1 1 1231
9 269 1 226 1 233 1 1 3076
10 139 1 164 1 162 1 1 1623
11 57 1 49 1 88 1 1 395
12 295 1 216 1 369 1 1 4500
13 251 1 198 1 477 1 1 7739
99 0 
1211 234 239
16
1 169 1 123 1 118 1 1 3085
2 90 1 108 1 105 1 1 362
3 274 1 221 1 333 1 1 8087
4 36 1 29 1 62 1 1 18
5 221 1 134 1 198 1 1 375
6 272 1 272 1 313 1 1 6072
7 144 1 108 1 159 1 1 728
8 128 1 128 1 149 1 1 419
9 428 1 379 1 244 1 1 8643
10 295 1 256 1 218 1 1 4544
11 49 1 41 1 52 1 1 56
12 162 1 157 1 282 1 1 1888
13 213 1 164 1 152 1 1 2439
14 118 1 108 1 200 1 1 3374
15 259 1 259 1 162 1 1 11354
16 218 1 180 1 320 1 1 8171
100 0 
1211 234 239
13
1 379 1 346 1 635 1 1 9242
2 192 1 154 1 336 1 1 1813
3 269 1 233 1 246 1 1 7714
4 254 1 249 1 290 1 1 2836
5 187 1 141 1 349 1 1 1599
6 167 1 149 1 277 1 1 1361
7 231 1 216 1 285 1 1 2922
8 134 1 121 1 77 1 1 988
9 228 1 210 1 259 1 1 5197
10 187 1 210 1 256 1 1 2867
11 187 1 175 1 303 1 1 2933
12 359 1 305 1 538 1 1 13810
13 241 1 210 1 338 1 1 4932
