100
1 0 
1211 234 239
12
1 123 1 103 1 192 1 1 3936
2 149 1 126 1 177 1 1 2062
3 134 1 103 1 118 1 1 2315
4 139 1 118 1 149 1 1 2172
5 169 1 141 1 239 1 1 7223
6 190 1 182 1 228 1 1 6116
7 185 1 154 1 162 1 1 4829
8 208 1 172 1 177 1 1 6751
9 195 1 233 1 390 1 1 11024
10 118 1 95 1 139 1 1 2448
11 126 1 149 1 264 1 1 2933
12 180 1 154 1 282 1 1 5501
2 0 
1211 234 239
12
1 185 1 152 1 244 1 1 2807
2 180 1 146 1 190 1 1 8241
3 164 1 131 1 93 1 1 3605
4 136 1 113 1 210 1 1 1775
5 205 1 164 1 93 1 1 5860
6 185 1 154 1 100 1 1 2778
7 223 1 185 1 264 1 1 6096
8 205 1 162 1 105 1 1 5236
9 139 1 103 1 136 1 1 1076
10 203 1 157 1 182 1 1 7055
11 57 1 70 1 103 1 1 3753
12 277 1 231 1 382 1 1 11024
3 0 
1211 234 239
16
1 154 1 123 1 223 1 1 4500
2 136 1 103 1 228 1 1 1434
3 123 1 108 1 172 1 1 993
4 182 1 152 1 154 1 1 2236
5 221 1 185 1 192 1 1 11575
6 123 1 111 1 98 1 1 2426
7 231 1 190 1 290 1 1 5512
8 195 1 162 1 354 1 1 7099
9 128 1 108 1 77 1 1 1191
10 141 1 113 1 205 1 1 3583
11 108 1 90 1 93 1 1 926
12 123 1 103 1 226 1 1 1764
13 203 1 175 1 116 1 1 6233
14 144 1 123 1 70 1 1 1764
15 152 1 126 1 136 1 1 1257
16 141 1 167 1 118 1 1 1050
4 0 
1211 234 239
15
1 123 1 103 1 103 1 1 966
2 123 1 103 1 77 1 1 441
3 54 1 47 1 57 1 1 662
4 226 1 182 1 344 1 1 8742
5 167 1 141 1 80 1 1 2666
6 180 1 169 1 213 1 1 5071
7 262 1 216 1 187 1 1 3911
8 98 1 118 1 205 1 1 1400
9 126 1 105 1 195 1 1 1731
10 251 1 185 1 108 1 1 6173
11 118 1 116 1 57 1 1 1237
12 185 1 185 1 233 1 1 2977
13 241 1 195 1 126 1 1 6614
14 318 1 277 1 218 1 1 10378
15 136 1 111 1 121 1 1 2236
5 0 
1211 234 239
14
1 100 1 95 1 131 1 1 909
2 213 1 195 1 123 1 1 5882
3 136 1 118 1 88 1 1 1863
4 192 1 159 1 139 1 1 1588
5 162 1 134 1 177 1 1 2723
6 118 1 118 1 47 1 1 1378
7 233 1 205 1 300 1 1 7662
8 210 1 159 1 108 1 1 5675
9 108 1 131 1 185 1 1 993
10 210 1 223 1 303 1 1 6085
11 149 1 121 1 144 1 1 4101
12 256 1 213 1 356 1 1 8874
13 218 1 180 1 157 1 1 5071
14 134 1 111 1 126 1 1 2370
6 0 
1211 234 239
11
1 136 1 113 1 210 1 1 1775
2 210 1 205 1 100 1 1 7055
3 136 1 121 1 111 1 1 2071
4 341 1 290 1 177 1 1 10677
5 152 1 126 1 113 1 1 2487
6 180 1 167 1 326 1 1 5847
7 121 1 103 1 118 1 1 882
8 192 1 159 1 356 1 1 7130
9 254 1 236 1 264 1 1 11024
10 213 1 157 1 128 1 1 3193
11 190 1 157 1 303 1 1 6063
7 0 
1211 234 239
14
1 175 1 141 1 236 1 1 2734
2 164 1 139 1 164 1 1 2758
3 192 1 159 1 264 1 1 5292
4 269 1 223 1 377 1 1 10378
5 139 1 175 1 223 1 1 3724
6 126 1 103 1 62 1 1 1268
7 159 1 128 1 303 1 1 3263
8 180 1 172 1 303 1 1 3521
9 169 1 128 1 285 1 1 2842
10 254 1 210 1 185 1 1 3620
11 205 1 180 1 103 1 1 5089
12 205 1 169 1 244 1 1 4813
13 152 1 126 1 90 1 1 2448
14 251 1 216 1 241 1 1 5878
8 0 
1211 234 239
8
1 180 1 175 1 282 1 1 5915
2 123 1 103 1 198 1 1 11178
3 305 1 256 1 267 1 1 20966
4 131 1 105 1 70 1 1 803
5 213 1 182 1 226 1 1 4972
6 141 1 123 1 203 1 1 1599
7 233 1 200 1 113 1 1 7130
8 159 1 113 1 105 1 1 1193
9 0 
1211 234 239
14
1 126 1 152 1 267 1 1 3087
2 177 1 213 1 354 1 1 8301
3 185 1 144 1 182 1 1 4983
4 190 1 175 1 269 1 1 4762
5 175 1 146 1 175 1 1 5777
6 113 1 93 1 157 1 1 1026
7 264 1 249 1 111 1 1 10020
8 123 1 103 1 187 1 1 1235
9 218 1 182 1 172 1 1 4134
10 172 1 144 1 146 1 1 1914
11 149 1 139 1 128 1 1 2326
12 139 1 136 1 90 1 1 2397
13 123 1 118 1 146 1 1 1683
14 185 1 157 1 264 1 1 5904
10 0 
1211 234 239
18
1 154 1 144 1 175 1 1 1275
2 123 1 103 1 95 1 1 1427
3 136 1 134 1 93 1 1 2154
4 177 1 146 1 285 1 1 4983
5 297 1 349 1 246 1 1 9480
6 328 1 241 1 141 1 1 7547
7 205 1 175 1 105 1 1 2326
8 139 1 116 1 208 1 1 2514
9 177 1 152 1 128 1 1 1788
10 118 1 111 1 108 1 1 827
11 116 1 139 1 228 1 1 2459
12 123 1 103 1 198 1 1 1400
13 149 1 177 1 177 1 1 4355
14 123 1 105 1 177 1 1 1643
15 203 1 169 1 152 1 1 6890
16 93 1 111 1 139 1 1 904
17 88 1 85 1 88 1 1 849
18 313 1 259 1 175 1 1 8863
11 0 
1211 234 239
15
1 131 1 126 1 205 1 1 2236
2 105 1 128 1 159 1 1 1753
3 159 1 131 1 223 1 1 2900
4 233 1 190 1 254 1 1 7884
5 226 1 175 1 121 1 1 7099
6 159 1 139 1 254 1 1 3660
7 167 1 157 1 282 1 1 4696
8 134 1 116 1 180 1 1 1632
9 131 1 128 1 154 1 1 2789
10 169 1 121 1 136 1 1 2040
11 239 1 198 1 172 1 1 6707
12 182 1 159 1 144 1 1 3087
13 164 1 139 1 144 1 1 3252
14 123 1 111 1 134 1 1 1881
15 208 1 175 1 208 1 1 5633
12 0 
1211 234 239
10
1 182 1 154 1 146 1 1 5849
2 152 1 146 1 90 1 1 1213
3 157 1 139 1 169 1 1 3120
4 128 1 111 1 172 1 1 3651
5 118 1 103 1 88 1 1 1160
6 198 1 167 1 364 1 1 12719
7 195 1 162 1 300 1 1 3294
8 111 1 82 1 57 1 1 807
9 210 1 169 1 244 1 1 4868
10 402 1 338 1 361 1 1 19578
13 0 
1211 234 239
15
1 185 1 149 1 162 1 1 5369
2 172 1 136 1 126 1 1 1921
3 123 1 103 1 210 1 1 5591
4 105 1 82 1 54 1 1 739
5 128 1 98 1 144 1 1 999
6 200 1 195 1 159 1 1 5261
7 123 1 103 1 118 1 1 860
8 223 1 187 1 223 1 1 3894
9 105 1 105 1 172 1 1 1103
10 274 1 233 1 172 1 1 6173
11 192 1 231 1 400 1 1 11758
12 75 1 62 1 118 1 1 2481
13 141 1 128 1 157 1 1 2966
14 167 1 164 1 187 1 1 3219
15 241 1 210 1 236 1 1 4983
14 0 
1211 234 239
10
1 141 1 123 1 146 1 1 1026
2 262 1 228 1 162 1 1 5567
3 218 1 180 1 246 1 1 6643
4 203 1 167 1 187 1 1 3087
5 216 1 177 1 131 1 1 5292
6 121 1 108 1 121 1 1 1363
7 167 1 139 1 100 1 1 1411
8 223 1 175 1 218 1 1 8764
9 269 1 236 1 264 1 1 19578
10 175 1 128 1 108 1 1 1797
15 0 
1211 234 239
10
1 103 1 103 1 185 1 1 671
2 262 1 313 1 443 1 1 13546
3 251 1 208 1 351 1 1 11365
4 123 1 103 1 139 1 1 1081
5 121 1 103 1 62 1 1 924
6 111 1 111 1 111 1 1 9591
7 118 1 82 1 75 1 1 1290
8 205 1 169 1 236 1 1 11619
9 144 1 131 1 126 1 1 2922
10 175 1 167 1 259 1 1 2723
16 0 
1211 234 239
17
1 103 1 88 1 172 1 1 898
2 175 1 136 1 167 1 1 4520
3 72 1 62 1 113 1 1 664
4 182 1 146 1 277 1 1 4591
5 246 1 198 1 167 1 1 9591
6 292 1 228 1 251 1 1 6019
7 123 1 103 1 98 1 1 732
8 123 1 103 1 62 1 1 666
9 98 1 82 1 98 1 1 1050
10 244 1 239 1 121 1 1 4134
11 131 1 116 1 82 1 1 1478
12 190 1 162 1 108 1 1 5038
13 136 1 103 1 70 1 1 1489
14 128 1 105 1 111 1 1 2236
15 216 1 182 1 128 1 1 7547
16 113 1 95 1 164 1 1 1217
17 198 1 164 1 123 1 1 1846
17 0 
1211 234 239
12
1 141 1 121 1 157 1 1 1833
2 233 1 308 1 228 1 1 8532
3 128 1 108 1 111 1 1 1555
4 213 1 162 1 103 1 1 5076
5 108 1 93 1 67 1 1 827
6 320 1 267 1 320 1 1 9932
7 210 1 177 1 113 1 1 4187
8 277 1 272 1 221 1 1 13890
9 118 1 98 1 228 1 1 1400
10 121 1 100 1 116 1 1 1747
11 182 1 131 1 108 1 1 4311
12 172 1 167 1 141 1 1 6074
18 0 
1211 234 239
16
1 208 1 195 1 372 1 1 8720
2 259 1 231 1 149 1 1 11365
3 116 1 100 1 208 1 1 1217
4 118 1 105 1 159 1 1 710
5 144 1 131 1 226 1 1 1863
6 123 1 105 1 210 1 1 1136
7 146 1 146 1 162 1 1 3219
8 134 1 108 1 154 1 1 1202
9 198 1 169 1 221 1 1 5034
10 105 1 98 1 64 1 1 874
11 164 1 139 1 239 1 1 4983
12 123 1 149 1 111 1 1 898
13 152 1 121 1 98 1 1 3001
14 123 1 103 1 85 1 1 1273
15 126 1 98 1 123 1 1 1588
16 277 1 157 1 182 1 1 17263
19 0 
1211 234 239
16
1 98 1 118 1 75 1 1 327
2 134 1 128 1 134 1 1 2811
3 108 1 93 1 177 1 1 993
4 146 1 126 1 108 1 1 2150
5 216 1 175 1 249 1 1 5203
6 200 1 169 1 90 1 1 3570
7 210 1 177 1 295 1 1 6800
8 121 1 111 1 187 1 1 1103
9 180 1 154 1 308 1 1 3601
10 205 1 205 1 226 1 1 8643
11 152 1 182 1 195 1 1 4022
12 141 1 111 1 154 1 1 1411
13 213 1 157 1 208 1 1 3111
14 182 1 134 1 233 1 1 6057
15 185 1 159 1 116 1 1 1925
16 300 1 244 1 154 1 1 13890
20 0 
1211 234 239
14
1 126 1 103 1 108 1 1 960
2 118 1 98 1 157 1 1 1489
3 123 1 105 1 177 1 1 1643
4 164 1 128 1 144 1 1 3219
5 131 1 105 1 198 1 1 1654
6 187 1 152 1 290 1 1 5988
7 249 1 221 1 121 1 1 8288
8 226 1 187 1 192 1 1 8786
9 182 1 157 1 287 1 1 5807
10 190 1 144 1 200 1 1 3576
11 300 1 251 1 264 1 1 6614
12 131 1 121 1 162 1 1 2944
13 162 1 118 1 157 1 1 1323
14 111 1 98 1 85 1 1 6063
21 0 
1211 234 239
11
1 313 1 262 1 216 1 1 19578
2 192 1 164 1 198 1 1 4732
3 190 1 162 1 100 1 1 3583
4 105 1 88 1 169 1 1 876
5 190 1 154 1 221 1 1 5633
6 149 1 123 1 236 1 1 3087
7 241 1 231 1 131 1 1 8422
8 162 1 123 1 146 1 1 1169
9 152 1 182 1 249 1 1 2911
10 77 1 64 1 126 1 1 2904
11 226 1 192 1 105 1 1 6614
22 0 
1211 234 239
8
1 123 1 103 1 141 1 1 2476
2 236 1 185 1 228 1 1 11348
3 205 1 177 1 344 1 1 6603
4 349 1 236 1 223 1 1 14269
5 274 1 223 1 374 1 1 10508
6 90 1 77 1 95 1 1 3197
7 182 1 157 1 216 1 1 3618
8 274 1 226 1 154 1 1 14269
23 0 
1211 234 239
12
1 128 1 108 1 223 1 1 6680
2 180 1 139 1 152 1 1 3748
3 136 1 103 1 228 1 1 1434
4 159 1 136 1 280 1 1 2397
5 200 1 167 1 200 1 1 8643
6 123 1 103 1 192 1 1 3936
7 228 1 157 1 141 1 1 9050
8 236 1 180 1 264 1 1 6032
9 126 1 111 1 134 1 1 1694
10 149 1 136 1 195 1 1 2377
11 146 1 116 1 134 1 1 2922
12 187 1 180 1 292 1 1 6524
24 0 
1211 234 239
10
1 231 1 231 1 367 1 1 14269
2 131 1 108 1 185 1 1 1434
3 123 1 103 1 172 1 1 1363
4 169 1 144 1 272 1 1 3748
5 187 1 223 1 280 1 1 7143
6 169 1 203 1 223 1 1 4983
7 249 1 190 1 272 1 1 7069
8 221 1 187 1 282 1 1 9216
9 95 1 95 1 70 1 1 754
10 310 1 262 1 479 1 1 13449
25 0 
1211 234 239
18
1 157 1 146 1 154 1 1 4518
2 131 1 108 1 154 1 1 1202
3 88 1 105 1 131 1 1 834
4 233 1 182 1 210 1 1 11348
5 149 1 131 1 157 1 1 2042
6 126 1 105 1 200 1 1 1791
7 103 1 123 1 131 1 1 1213
8 144 1 121 1 262 1 1 2900
9 105 1 88 1 118 1 1 739
10 108 1 103 1 141 1 1 1081
11 131 1 159 1 118 1 1 1050
12 77 1 93 1 144 1 1 574
13 295 1 246 1 146 1 1 9216
14 149 1 118 1 67 1 1 2293
15 172 1 141 1 95 1 1 1632
16 126 1 103 1 213 1 1 5845
17 128 1 154 1 154 1 1 1248
18 200 1 200 1 231 1 1 4813
26 0 
1211 234 239
15
1 228 1 172 1 241 1 1 6233
2 233 1 195 1 216 1 1 4762
3 136 1 105 1 175 1 1 2977
4 93 1 75 1 154 1 1 2236
5 226 1 205 1 139 1 1 6879
6 118 1 108 1 185 1 1 1004
7 123 1 103 1 139 1 1 1081
8 121 1 108 1 82 1 1 397
9 172 1 157 1 259 1 1 5071
10 116 1 95 1 54 1 1 827
11 159 1 123 1 169 1 1 2236
12 236 1 216 1 282 1 1 6751
13 256 1 216 1 349 1 1 8744
14 177 1 149 1 116 1 1 3517
15 233 1 208 1 369 1 1 5953
27 0 
1211 234 239
14
1 221 1 180 1 100 1 1 5574
2 208 1 172 1 236 1 1 6800
3 175 1 141 1 134 1 1 3574
4 164 1 136 1 103 1 1 1050
5 177 1 149 1 123 1 1 3601
6 103 1 88 1 159 1 1 999
7 118 1 108 1 146 1 1 2223
8 249 1 185 1 241 1 1 6526
9 267 1 208 1 228 1 1 4502
10 213 1 177 1 164 1 1 3969
11 116 1 93 1 80 1 1 1032
12 116 1 98 1 185 1 1 1191
13 216 1 192 1 233 1 1 6416
14 123 1 103 1 195 1 1 8532
28 0 
1211 234 239
18
1 108 1 85 1 116 1 1 680
2 80 1 54 1 57 1 1 446
3 123 1 118 1 218 1 1 3270
4 134 1 111 1 75 1 1 1852
5 126 1 95 1 146 1 1 2236
6 72 1 90 1 95 1 1 728
7 187 1 157 1 262 1 1 4732
8 141 1 139 1 180 1 1 5574
9 144 1 175 1 303 1 1 5089
10 111 1 95 1 116 1 1 1533
11 103 1 123 1 152 1 1 854
12 159 1 131 1 182 1 1 5435
13 287 1 218 1 198 1 1 12986
14 121 1 100 1 103 1 1 1310
15 149 1 134 1 108 1 1 2393
16 113 1 98 1 85 1 1 1471
17 123 1 113 1 108 1 1 1806
18 136 1 134 1 172 1 1 4796
29 0 
1211 234 239
11
1 126 1 105 1 75 1 1 1449
2 123 1 116 1 226 1 1 1958
3 126 1 116 1 192 1 1 1731
4 210 1 167 1 208 1 1 9884
5 172 1 136 1 152 1 1 4619
6 123 1 103 1 198 1 1 11178
7 198 1 236 1 413 1 1 11365
8 200 1 136 1 126 1 1 6173
9 123 1 103 1 75 1 1 552
10 228 1 154 1 146 1 1 3969
11 228 1 185 1 223 1 1 13890
30 0 
1211 234 239
12
1 231 1 187 1 213 1 1 6136
2 139 1 105 1 67 1 1 1442
3 159 1 136 1 231 1 1 3647
4 162 1 141 1 108 1 1 2236
5 192 1 159 1 259 1 1 3638
6 315 1 295 1 241 1 1 20966
7 98 1 85 1 144 1 1 1239
8 134 1 100 1 103 1 1 794
9 233 1 177 1 256 1 1 5882
10 157 1 136 1 164 1 1 2337
11 154 1 128 1 239 1 1 3087
12 192 1 159 1 305 1 1 6835
31 0 
1211 234 239
14
1 221 1 187 1 116 1 1 5633
2 221 1 185 1 205 1 1 4022
3 198 1 162 1 295 1 1 5911
4 118 1 103 1 59 1 1 444
5 139 1 123 1 100 1 1 1923
6 121 1 100 1 103 1 1 1310
7 118 1 108 1 185 1 1 1004
8 182 1 154 1 205 1 1 3671
9 205 1 169 1 285 1 1 6173
10 223 1 192 1 264 1 1 14110
11 216 1 169 1 105 1 1 3296
12 105 1 90 1 116 1 1 589
13 136 1 164 1 169 1 1 2922
14 203 1 172 1 226 1 1 2807
32 0 
1211 234 239
14
1 172 1 149 1 85 1 1 2944
2 241 1 190 1 190 1 1 10677
3 172 1 123 1 175 1 1 1610
4 152 1 149 1 169 1 1 2324
5 123 1 103 1 67 1 1 530
6 103 1 85 1 190 1 1 1076
7 152 1 139 1 231 1 1 3038
8 210 1 210 1 241 1 1 5422
9 146 1 123 1 144 1 1 1608
10 123 1 126 1 128 1 1 750
11 277 1 262 1 164 1 1 7130
12 285 1 236 1 205 1 1 11348
13 103 1 85 1 154 1 1 960
14 216 1 190 1 144 1 1 5225
33 0 
1211 234 239
15
1 118 1 103 1 54 1 1 602
2 80 1 54 1 57 1 1 446
3 123 1 103 1 93 1 1 1317
4 182 1 157 1 105 1 1 4586
5 118 1 98 1 218 1 1 1643
6 85 1 103 1 172 1 1 971
7 154 1 123 1 233 1 1 2816
8 128 1 157 1 272 1 1 3281
9 123 1 123 1 123 1 1 17197
10 154 1 121 1 139 1 1 3345
11 144 1 93 1 172 1 1 1738
12 251 1 233 1 285 1 1 5422
13 213 1 169 1 157 1 1 3704
14 162 1 134 1 113 1 1 3087
15 139 1 134 1 177 1 1 3673
34 0 
1211 234 239
15
1 167 1 157 1 195 1 1 4410
2 180 1 154 1 313 1 1 3363
3 123 1 116 1 192 1 1 1215
4 128 1 103 1 146 1 1 1852
5 108 1 108 1 108 1 1 8808
6 118 1 116 1 77 1 1 1411
7 162 1 141 1 256 1 1 4172
8 164 1 141 1 103 1 1 1363
9 131 1 108 1 164 1 1 993
10 167 1 131 1 80 1 1 1930
11 236 1 195 1 169 1 1 2908
12 185 1 154 1 326 1 1 6204
13 85 1 67 1 82 1 1 662
14 141 1 118 1 223 1 1 12986
15 262 1 218 1 141 1 1 7849
35 0 
1211 234 239
14
1 98 1 90 1 59 1 1 728
2 280 1 233 1 152 1 1 9668
3 200 1 159 1 228 1 1 7099
4 126 1 105 1 149 1 1 1202
5 121 1 103 1 67 1 1 1048
6 105 1 95 1 172 1 1 937
7 162 1 134 1 308 1 1 3504
8 226 1 198 1 113 1 1 3704
9 70 1 62 1 54 1 1 1601
10 297 1 267 1 149 1 1 9884
11 167 1 139 1 239 1 1 3638
12 167 1 157 1 262 1 1 3061
13 152 1 126 1 213 1 1 2236
14 203 1 192 1 315 1 1 8241
36 0 
1211 234 239
7
1 103 1 123 1 154 1 1 1048
2 331 1 251 1 159 1 1 19578
3 146 1 175 1 182 1 1 3576
4 223 1 185 1 305 1 1 8241
5 123 1 90 1 59 1 1 741
6 136 1 121 1 144 1 1 942
7 267 1 223 1 267 1 1 20757
37 0 
1211 234 239
14
1 157 1 123 1 70 1 1 2556
2 256 1 218 1 134 1 1 4597
3 128 1 103 1 82 1 1 1747
4 256 1 216 1 395 1 1 7529
5 177 1 144 1 269 1 1 4271
6 157 1 105 1 100 1 1 1290
7 134 1 118 1 67 1 1 761
8 223 1 264 1 185 1 1 4079
9 180 1 182 1 187 1 1 2326
10 198 1 175 1 254 1 1 4674
11 254 1 305 1 274 1 1 11828
12 169 1 139 1 131 1 1 3673
13 128 1 105 1 72 1 1 1440
14 254 1 198 1 267 1 1 5865
38 0 
1211 234 239
9
1 256 1 213 1 408 1 1 16154
2 154 1 131 1 251 1 1 3627
3 144 1 121 1 254 1 1 2941
4 180 1 141 1 98 1 1 3087
5 95 1 72 1 77 1 1 794
6 118 1 100 1 70 1 1 1217
7 192 1 149 1 203 1 1 3876
8 216 1 198 1 338 1 1 6233
9 395 1 374 1 233 1 1 20742
39 0 
1211 234 239
10
1 218 1 203 1 246 1 1 3550
2 223 1 185 1 262 1 1 6074
3 139 1 131 1 182 1 1 2326
4 123 1 111 1 134 1 1 1881
5 128 1 100 1 93 1 1 1211
6 208 1 185 1 111 1 1 5777
7 228 1 180 1 228 1 1 14306
8 246 1 205 1 195 1 1 6032
9 182 1 164 1 126 1 1 4079
10 228 1 205 1 254 1 1 9932
40 0 
1211 234 239
20
1 123 1 100 1 111 1 1 1919
2 205 1 246 1 246 1 1 5089
3 118 1 100 1 54 1 1 717
4 126 1 111 1 203 1 1 1522
5 95 1 113 1 144 1 1 973
6 157 1 131 1 72 1 1 2179
7 126 1 103 1 108 1 1 1094
8 177 1 146 1 285 1 1 4961
9 134 1 103 1 72 1 1 1434
10 134 1 108 1 103 1 1 1634
11 144 1 136 1 208 1 1 2778
12 205 1 172 1 282 1 1 6526
13 123 1 98 1 108 1 1 1370
14 144 1 103 1 95 1 1 882
15 198 1 162 1 231 1 1 6548
16 128 1 100 1 116 1 1 1874
17 236 1 200 1 121 1 1 3753
18 152 1 134 1 149 1 1 1266
19 152 1 131 1 272 1 1 4998
20 164 1 198 1 315 1 1 6101
41 0 
1211 234 239
11
1 277 1 231 1 328 1 1 11619
2 144 1 123 1 239 1 1 2236
3 134 1 100 1 67 1 1 1434
4 210 1 175 1 326 1 1 6623
5 251 1 185 1 154 1 1 5292
6 123 1 103 1 93 1 1 1317
7 280 1 208 1 269 1 1 9216
8 105 1 103 1 70 1 1 1041
9 80 1 67 1 131 1 1 3303
10 231 1 213 1 198 1 1 8744
11 405 1 297 1 264 1 1 7849
42 0 
1211 234 239
10
1 295 1 259 1 267 1 1 11758
2 159 1 134 1 95 1 1 2377
3 246 1 246 1 282 1 1 8744
4 118 1 111 1 98 1 1 1147
5 192 1 164 1 208 1 1 5766
6 203 1 172 1 154 1 1 6936
7 233 1 195 1 116 1 1 4597
8 172 1 149 1 205 1 1 3087
9 169 1 139 1 146 1 1 5071
10 246 1 221 1 141 1 1 9668
43 0 
1211 234 239
13
1 144 1 123 1 146 1 1 1954
2 233 1 182 1 210 1 1 11465
3 164 1 146 1 177 1 1 2867
4 254 1 221 1 162 1 1 11729
5 123 1 103 1 141 1 1 2476
6 167 1 141 1 267 1 1 4403
7 75 1 62 1 118 1 1 2542
8 123 1 108 1 85 1 1 596
9 157 1 126 1 141 1 1 3627
10 180 1 154 1 200 1 1 3773
11 231 1 195 1 256 1 1 4145
12 103 1 134 1 154 1 1 1160
13 192 1 180 1 167 1 1 5221
44 0 
1211 234 239
13
1 139 1 116 1 218 1 1 5860
2 208 1 203 1 192 1 1 4983
3 95 1 80 1 177 1 1 904
4 172 1 134 1 105 1 1 3270
5 172 1 205 1 300 1 1 3570
6 152 1 134 1 167 1 1 4480
7 159 1 141 1 256 1 1 3087
8 126 1 85 1 77 1 1 1517
9 116 1 100 1 126 1 1 1253
10 136 1 113 1 216 1 1 2337
11 328 1 274 1 146 1 1 13449
12 182 1 221 1 274 1 1 6498
13 162 1 139 1 180 1 1 2723
45 0 
1211 234 239
9
1 236 1 192 1 277 1 1 7084
2 144 1 121 1 126 1 1 2249
3 139 1 118 1 198 1 1 2536
4 282 1 277 1 185 1 1 19578
5 267 1 226 1 454 1 1 11575
6 144 1 128 1 72 1 1 1147
7 126 1 123 1 141 1 1 1400
8 131 1 139 1 190 1 1 1511
9 228 1 195 1 134 1 1 6800
46 0 
1211 234 239
13
1 241 1 208 1 405 1 1 10825
2 123 1 100 1 198 1 1 1654
3 162 1 134 1 256 1 1 3969
4 190 1 154 1 88 1 1 3576
5 254 1 213 1 216 1 1 6074
6 192 1 144 1 187 1 1 2459
7 164 1 162 1 108 1 1 3894
8 80 1 75 1 80 1 1 620
9 287 1 251 1 300 1 1 14269
10 111 1 90 1 172 1 1 1253
11 121 1 118 1 90 1 1 971
12 187 1 154 1 162 1 1 3748
13 157 1 121 1 85 1 1 2397
47 0 
1211 234 239
14
1 121 1 108 1 182 1 1 1621
2 144 1 172 1 180 1 1 3105
3 98 1 93 1 126 1 1 803
4 223 1 167 1 216 1 1 4762
5 95 1 111 1 67 1 1 750
6 175 1 210 1 290 1 1 3986
7 231 1 177 1 157 1 1 6643
8 208 1 164 1 93 1 1 6085
9 123 1 105 1 64 1 1 499
10 259 1 241 1 292 1 1 5911
11 113 1 149 1 111 1 1 960
12 226 1 177 1 226 1 1 13779
13 108 1 88 1 82 1 1 834
14 172 1 144 1 259 1 1 4983
48 0 
1211 234 239
11
1 313 1 267 1 157 1 1 7130
2 226 1 182 1 259 1 1 5849
3 226 1 208 1 282 1 1 5834
4 172 1 172 1 308 1 1 3061
5 200 1 164 1 251 1 1 3576
6 100 1 82 1 159 1 1 6085
7 236 1 285 1 356 1 1 8810
8 213 1 169 1 187 1 1 7099
9 134 1 103 1 113 1 1 1524
10 131 1 113 1 231 1 1 3418
11 192 1 175 1 241 1 1 3601
49 0 
1211 234 239
13
1 241 1 290 1 218 1 1 6680
2 123 1 103 1 210 1 1 5521
3 172 1 141 1 239 1 1 3605
4 208 1 249 1 338 1 1 6394
5 167 1 180 1 241 1 1 3146
6 98 1 95 1 152 1 1 671
7 141 1 131 1 121 1 1 1985
8 123 1 123 1 123 1 1 17197
9 167 1 126 1 128 1 1 1601
10 154 1 128 1 239 1 1 3142
11 103 1 123 1 169 1 1 785
12 162 1 134 1 128 1 1 1683
13 162 1 149 1 277 1 1 3583
50 0 
1211 234 239
7
1 249 1 154 1 208 1 1 11575
2 139 1 118 1 198 1 1 2536
3 274 1 269 1 218 1 1 13546
4 249 1 198 1 139 1 1 12413
5 239 1 198 1 328 1 1 6925
6 149 1 121 1 57 1 1 750
7 259 1 216 1 359 1 1 9884
51 0 
1211 234 239
13
1 146 1 113 1 187 1 1 3704
2 123 1 103 1 118 1 1 860
3 203 1 200 1 146 1 1 7055
4 134 1 111 1 190 1 1 1830
5 187 1 157 1 246 1 1 5834
6 221 1 182 1 402 1 1 10146
7 233 1 195 1 328 1 1 9227
8 103 1 128 1 164 1 1 1460
9 121 1 136 1 218 1 1 2102
10 162 1 123 1 85 1 1 2370
11 123 1 113 1 154 1 1 935
12 308 1 256 1 195 1 1 6936
13 277 1 241 1 395 1 1 16154
52 0 
1211 234 239
11
1 195 1 159 1 303 1 1 6429
2 272 1 228 1 162 1 1 11365
3 118 1 100 1 180 1 1 794
4 131 1 108 1 182 1 1 1284
5 103 1 85 1 118 1 1 1511
6 103 1 123 1 128 1 1 1125
7 167 1 146 1 177 1 1 3651
8 285 1 236 1 397 1 1 16535
9 172 1 154 1 187 1 1 5214
10 210 1 180 1 223 1 1 4829
11 244 1 205 1 146 1 1 10378
53 0 
1211 234 239
11
1 118 1 100 1 121 1 1 1103
2 134 1 113 1 213 1 1 2216
3 198 1 177 1 182 1 1 5292
4 105 1 128 1 241 1 1 2223
5 246 1 218 1 108 1 1 6204
6 123 1 103 1 198 1 1 11178
7 136 1 118 1 103 1 1 1251
8 116 1 141 1 175 1 1 1059
9 272 1 203 1 262 1 1 6751
10 180 1 121 1 126 1 1 5203
11 341 1 241 1 223 1 1 11365
54 0 
1211 234 239
8
1 128 1 105 1 192 1 1 1182
2 108 1 90 1 162 1 1 1246
3 295 1 241 1 144 1 1 16535
4 208 1 177 1 315 1 1 4410
5 264 1 216 1 144 1 1 6471
6 198 1 162 1 249 1 1 3504
7 123 1 103 1 198 1 1 11178
8 231 1 192 1 177 1 1 9591
55 0 
1211 234 239
10
1 233 1 182 1 113 1 1 5225
2 198 1 185 1 331 1 1 11685
3 123 1 103 1 98 1 1 732
4 236 1 218 1 292 1 1 7922
5 144 1 172 1 216 1 1 2977
6 233 1 177 1 249 1 1 6780
7 254 1 210 1 136 1 1 4650
8 182 1 218 1 310 1 1 4597
9 164 1 198 1 282 1 1 3618
10 111 1 98 1 85 1 1 6063
56 0 
1211 234 239
11
1 100 1 82 1 103 1 1 1599
2 126 1 100 1 93 1 1 794
3 223 1 192 1 241 1 1 9050
4 175 1 157 1 139 1 1 7055
5 244 1 216 1 121 1 1 4762
6 231 1 192 1 139 1 1 3753
7 136 1 134 1 172 1 1 4796
8 126 1 152 1 162 1 1 2320
9 175 1 149 1 285 1 1 5203
10 141 1 141 1 264 1 1 5915
11 272 1 226 1 408 1 1 9668
57 0 
1211 234 239
10
1 139 1 126 1 226 1 1 2095
2 154 1 113 1 195 1 1 3574
3 287 1 244 1 233 1 1 16535
4 159 1 131 1 118 1 1 3307
5 251 1 205 1 374 1 1 8643
6 136 1 113 1 152 1 1 1489
7 185 1 221 1 277 1 1 6564
8 195 1 149 1 134 1 1 4145
9 226 1 205 1 267 1 1 5777
10 241 1 290 1 364 1 1 20742
58 0 
1211 234 239
12
1 221 1 182 1 208 1 1 7121
2 123 1 103 1 226 1 1 1764
3 105 1 126 1 172 1 1 849
4 118 1 105 1 62 1 1 1083
5 187 1 162 1 315 1 1 5089
6 208 1 175 1 123 1 1 5071
7 315 1 236 1 157 1 1 9681
8 154 1 141 1 244 1 1 2313
9 236 1 282 1 377 1 1 11365
10 54 1 47 1 57 1 1 662
11 190 1 159 1 354 1 1 7055
12 338 1 256 1 172 1 1 4972
59 0 
1211 234 239
10
1 180 1 146 1 195 1 1 3638
2 54 1 64 1 98 1 1 3116
3 172 1 105 1 141 1 1 3773
4 254 1 187 1 246 1 1 6405
5 105 1 98 1 190 1 1 1191
6 185 1 192 1 244 1 1 4410
7 269 1 256 1 451 1 1 11685
8 162 1 159 1 241 1 1 3722
9 310 1 236 1 341 1 1 13779
10 223 1 182 1 128 1 1 7174
60 0 
1211 234 239
13
1 144 1 108 1 244 1 1 1758
2 180 1 154 1 308 1 1 3574
3 192 1 187 1 300 1 1 11575
4 111 1 93 1 62 1 1 993
5 231 1 192 1 167 1 1 2734
6 187 1 223 1 351 1 1 8301
7 200 1 128 1 239 1 1 4762
8 82 1 80 1 144 1 1 960
9 256 1 208 1 139 1 1 5843
10 152 1 144 1 218 1 1 3021
11 146 1 123 1 103 1 1 2351
12 223 1 169 1 108 1 1 6019
13 280 1 251 1 305 1 1 14269
61 0 
1211 234 239
11
1 139 1 139 1 152 1 1 2659
2 187 1 146 1 167 1 1 5856
3 180 1 144 1 105 1 1 3764
4 221 1 136 1 182 1 1 8061
5 126 1 103 1 146 1 1 3010
6 285 1 249 1 277 1 1 8241
7 108 1 108 1 108 1 1 8808
8 180 1 152 1 213 1 1 3618
9 144 1 136 1 244 1 1 4619
10 221 1 187 1 141 1 1 4463
11 228 1 195 1 246 1 1 9591
62 0 
1211 234 239
10
1 267 1 233 1 164 1 1 5854
2 108 1 103 1 146 1 1 1279
3 290 1 246 1 154 1 1 12986
4 180 1 149 1 241 1 1 2935
5 187 1 152 1 159 1 1 5849
6 154 1 131 1 180 1 1 3521
7 300 1 262 1 185 1 1 8193
8 103 1 123 1 169 1 1 785
9 228 1 190 1 364 1 1 8863
10 218 1 210 1 195 1 1 5292
63 0 
1211 234 239
19
1 180 1 149 1 272 1 1 3861
2 126 1 103 1 98 1 1 1323
3 134 1 105 1 98 1 1 960
4 159 1 152 1 162 1 1 2613
5 108 1 90 1 111 1 1 1943
6 103 1 123 1 131 1 1 1213
7 216 1 187 1 210 1 1 3559
8 136 1 118 1 67 1 1 1339
9 116 1 121 1 152 1 1 1103
10 123 1 103 1 175 1 1 1411
11 180 1 139 1 152 1 1 3748
12 167 1 136 1 128 1 1 3105
13 141 1 108 1 113 1 1 2428
14 295 1 241 1 169 1 1 16535
15 200 1 167 1 221 1 1 5225
16 82 1 57 1 52 1 1 419
17 111 1 82 1 105 1 1 567
18 123 1 105 1 100 1 1 1292
19 267 1 249 1 456 1 1 16154
64 0 
1211 234 239
10
1 274 1 256 1 461 1 1 20757
2 228 1 185 1 126 1 1 6019
3 98 1 77 1 90 1 1 973
4 180 1 146 1 303 1 1 9884
5 172 1 169 1 203 1 1 6416
6 85 1 100 1 177 1 1 904
7 169 1 131 1 80 1 1 2000
8 192 1 152 1 80 1 1 3380
9 113 1 93 1 52 1 1 812
10 213 1 167 1 116 1 1 5089
65 0 
1211 234 239
12
1 108 1 95 1 47 1 1 534
2 223 1 182 1 262 1 1 6019
3 49 1 59 1 88 1 1 2320
4 256 1 218 1 256 1 1 10677
5 231 1 231 1 372 1 1 6019
6 198 1 175 1 320 1 1 6116
7 123 1 113 1 108 1 1 1786
8 180 1 144 1 162 1 1 5556
9 131 1 116 1 131 1 1 1643
10 111 1 93 1 177 1 1 1239
11 262 1 213 1 387 1 1 9681
12 236 1 216 1 372 1 1 8288
66 0 
1211 234 239
12
1 208 1 164 1 152 1 1 3603
2 331 1 280 1 305 1 1 12413
3 239 1 218 1 364 1 1 11905
4 128 1 128 1 208 1 1 1941
5 95 1 105 1 195 1 1 759
6 152 1 182 1 228 1 1 3488
7 152 1 167 1 310 1 1 3098
8 108 1 100 1 75 1 1 794
9 300 1 280 1 341 1 1 9271
10 190 1 164 1 93 1 1 3576
11 162 1 131 1 75 1 1 2236
12 164 1 198 1 267 1 1 3618
67 0 
1211 234 239
10
1 213 1 157 1 272 1 1 9588
2 190 1 159 1 303 1 1 5089
3 111 1 90 1 67 1 1 960
4 123 1 105 1 210 1 1 1136
5 111 1 134 1 221 1 1 2040
6 128 1 154 1 269 1 1 3565
7 315 1 264 1 282 1 1 11365
8 364 1 303 1 198 1 1 13779
9 177 1 149 1 233 1 1 4961
10 208 1 203 1 164 1 1 5865
68 0 
1211 234 239
12
1 126 1 103 1 210 1 1 5536
2 157 1 136 1 118 1 1 1943
3 141 1 121 1 108 1 1 2410
4 203 1 169 1 190 1 1 3186
5 159 1 141 1 175 1 1 3294
6 136 1 113 1 100 1 1 2062
7 149 1 180 1 226 1 1 2249
8 162 1 134 1 241 1 1 4033
9 233 1 185 1 203 1 1 3087
10 123 1 123 1 123 1 1 17197
11 205 1 169 1 154 1 1 6169
12 149 1 144 1 246 1 1 2483
69 0 
1211 234 239
12
1 254 1 195 1 157 1 1 10378
2 244 1 177 1 116 1 1 5896
3 136 1 131 1 159 1 1 2470
4 95 1 80 1 41 1 1 327
5 131 1 121 1 236 1 1 2236
6 121 1 118 1 90 1 1 971
7 180 1 154 1 231 1 1 6603
8 372 1 310 1 326 1 1 12567
9 139 1 167 1 246 1 1 1941
10 167 1 200 1 208 1 1 5292
11 190 1 159 1 205 1 1 4117
12 428 1 315 1 277 1 1 9220
70 0 
1211 234 239
15
1 159 1 192 1 249 1 1 5574
2 134 1 139 1 141 1 1 993
3 134 1 118 1 213 1 1 1731
4 118 1 103 1 152 1 1 993
5 123 1 103 1 103 1 1 966
6 123 1 103 1 128 1 1 882
7 103 1 123 1 154 1 1 1048
8 259 1 190 1 251 1 1 6780
9 259 1 249 1 264 1 1 11365
10 180 1 149 1 210 1 1 3038
11 123 1 103 1 228 1 1 1852
12 233 1 205 1 210 1 1 5891
13 213 1 177 1 295 1 1 5038
14 195 1 162 1 149 1 1 5766
15 185 1 172 1 152 1 1 2639
71 0 
1211 234 239
10
1 88 1 72 1 139 1 1 3120
2 200 1 152 1 336 1 1 4674
3 180 1 136 1 208 1 1 6614
4 282 1 269 1 167 1 1 7662
5 192 1 159 1 354 1 1 6835
6 203 1 169 1 152 1 1 6019
7 126 1 105 1 141 1 1 1169
8 216 1 190 1 323 1 1 9050
9 216 1 182 1 98 1 1 3861
10 239 1 198 1 338 1 1 6063
72 0 
1211 234 239
12
1 113 1 123 1 182 1 1 1341
2 218 1 139 1 262 1 1 6171
3 105 1 82 1 54 1 1 761
4 128 1 103 1 113 1 1 827
5 354 1 267 1 177 1 1 13890
6 262 1 313 1 456 1 1 12413
7 167 1 200 1 146 1 1 2227
8 100 1 90 1 162 1 1 794
9 128 1 126 1 85 1 1 1907
10 231 1 205 1 210 1 1 8193
11 108 1 93 1 113 1 1 1253
12 236 1 172 1 267 1 1 7166
73 0 
1211 234 239
14
1 185 1 159 1 218 1 1 3748
2 141 1 118 1 200 1 1 4145
3 195 1 182 1 216 1 1 4410
4 103 1 88 1 118 1 1 1537
5 244 1 198 1 126 1 1 6780
6 254 1 300 1 210 1 1 5988
7 136 1 118 1 108 1 1 1239
8 123 1 98 1 85 1 1 1191
9 139 1 108 1 134 1 1 2062
10 134 1 108 1 103 1 1 1599
11 187 1 157 1 282 1 1 6429
12 208 1 175 1 231 1 1 5889
13 162 1 203 1 259 1 1 5845
14 192 1 157 1 175 1 1 3493
74 0 
1211 234 239
16
1 131 1 116 1 100 1 1 2315
2 154 1 175 1 108 1 1 3087
3 210 1 175 1 162 1 1 3826
4 134 1 134 1 216 1 1 2262
5 175 1 111 1 208 1 1 3120
6 216 1 180 1 344 1 1 7547
7 141 1 131 1 241 1 1 2370
8 108 1 90 1 152 1 1 942
9 180 1 139 1 162 1 1 5225
10 154 1 134 1 126 1 1 2944
11 167 1 139 1 180 1 1 2800
12 126 1 103 1 233 1 1 2031
13 134 1 103 1 72 1 1 1434
14 144 1 118 1 175 1 1 5915
15 177 1 103 1 126 1 1 5093
16 274 1 228 1 451 1 1 19578
75 0 
1211 234 239
7
1 121 1 98 1 54 1 1 911
2 139 1 116 1 213 1 1 13449
3 159 1 146 1 141 1 1 4035
4 267 1 221 1 146 1 1 5988
5 410 1 356 1 387 1 1 20757
6 213 1 177 1 100 1 1 5512
7 267 1 226 1 121 1 1 8427
76 0 
1211 234 239
15
1 167 1 141 1 134 1 1 3219
2 177 1 144 1 167 1 1 3643
3 218 1 182 1 108 1 1 3748
4 139 1 116 1 221 1 1 2031
5 231 1 208 1 167 1 1 9050
6 187 1 159 1 88 1 1 3753
7 180 1 154 1 113 1 1 1764
8 223 1 210 1 185 1 1 4762
9 175 1 154 1 123 1 1 3914
10 121 1 103 1 64 1 1 915
11 190 1 175 1 308 1 1 3669
12 80 1 105 1 121 1 1 589
13 172 1 192 1 310 1 1 6173
14 182 1 149 1 239 1 1 2701
15 315 1 239 1 333 1 1 16535
77 0 
1211 234 239
16
1 213 1 159 1 105 1 1 5845
2 121 1 116 1 180 1 1 882
3 203 1 164 1 111 1 1 2972
4 82 1 75 1 64 1 1 2708
5 223 1 190 1 113 1 1 5953
6 175 1 146 1 95 1 1 2370
7 164 1 139 1 303 1 1 4359
8 267 1 200 1 256 1 1 6394
9 141 1 169 1 105 1 1 960
10 226 1 172 1 205 1 1 3241
11 182 1 218 1 228 1 1 6910
12 159 1 134 1 146 1 1 1394
13 152 1 118 1 164 1 1 1764
14 149 1 121 1 134 1 1 3418
15 231 1 177 1 210 1 1 3512
16 233 1 190 1 361 1 1 11729
78 0 
1211 234 239
13
1 144 1 121 1 162 1 1 1332
2 177 1 154 1 246 1 1 2964
3 223 1 185 1 259 1 1 5675
4 320 1 267 1 338 1 1 10146
5 198 1 152 1 98 1 1 4145
6 203 1 267 1 198 1 1 5633
7 118 1 105 1 59 1 1 605
8 182 1 149 1 100 1 1 3120
9 139 1 134 1 182 1 1 2393
10 172 1 159 1 213 1 1 6780
11 159 1 146 1 152 1 1 1610
12 195 1 182 1 331 1 1 7543
13 277 1 208 1 141 1 1 12719
79 0 
1211 234 239
15
1 157 1 121 1 177 1 1 1817
2 210 1 167 1 185 1 1 6936
3 108 1 90 1 172 1 1 5878
4 118 1 98 1 218 1 1 1599
5 231 1 192 1 221 1 1 5733
6 190 1 167 1 154 1 1 5512
7 167 1 159 1 239 1 1 4035
8 146 1 136 1 121 1 1 2249
9 177 1 146 1 269 1 1 3748
10 157 1 144 1 223 1 1 2712
11 123 1 103 1 192 1 1 3936
12 123 1 108 1 136 1 1 973
13 111 1 93 1 90 1 1 937
14 233 1 203 1 203 1 1 6524
15 185 1 154 1 111 1 1 4518
80 0 
1211 234 239
12
1 190 1 157 1 93 1 1 4542
2 157 1 157 1 226 1 1 4597
3 116 1 90 1 126 1 1 803
4 208 1 162 1 187 1 1 8072
5 162 1 141 1 144 1 1 2481
6 213 1 169 1 157 1 1 3887
7 205 1 200 1 103 1 1 2527
8 246 1 223 1 367 1 1 14269
9 175 1 116 1 111 1 1 1749
10 205 1 159 1 111 1 1 5369
11 192 1 177 1 134 1 1 4414
12 216 1 175 1 292 1 1 5067
81 0 
1211 234 239
15
1 213 1 167 1 226 1 1 5369
2 126 1 108 1 67 1 1 1076
3 297 1 218 1 126 1 1 5633
4 146 1 175 1 195 1 1 3241
5 111 1 95 1 116 1 1 5896
6 200 1 136 1 123 1 1 6101
7 123 1 149 1 187 1 1 1288
8 146 1 128 1 131 1 1 1852
9 203 1 157 1 146 1 1 4851
10 100 1 85 1 88 1 1 772
11 218 1 177 1 105 1 1 6643
12 149 1 123 1 231 1 1 2822
13 111 1 93 1 192 1 1 1290
14 208 1 195 1 159 1 1 6032
15 116 1 90 1 149 1 1 1852
82 0 
1211 234 239
16
1 126 1 98 1 111 1 1 2018
2 123 1 98 1 103 1 1 1711
3 251 1 226 1 205 1 1 5292
4 123 1 103 1 62 1 1 666
5 205 1 169 1 239 1 1 4410
6 192 1 169 1 95 1 1 2351
7 223 1 152 1 139 1 1 8488
8 200 1 182 1 251 1 1 4094
9 134 1 118 1 67 1 1 761
10 85 1 100 1 190 1 1 1101
11 200 1 167 1 300 1 1 3848
12 218 1 203 1 198 1 1 5292
13 205 1 182 1 277 1 1 3669
14 198 1 167 1 118 1 1 5827
15 131 1 100 1 126 1 1 1907
16 249 1 200 1 285 1 1 13874
83 0 
1211 234 239
14
1 182 1 149 1 198 1 1 3748
2 126 1 116 1 213 1 1 1669
3 103 1 88 1 95 1 1 1103
4 123 1 103 1 95 1 1 1427
5 121 1 103 1 57 1 1 984
6 159 1 139 1 105 1 1 2126
7 116 1 152 1 175 1 1 1696
8 159 1 131 1 262 1 1 2507
9 205 1 164 1 310 1 1 6429
10 349 1 290 1 372 1 1 13228
11 246 1 210 1 413 1 1 11365
12 128 1 113 1 136 1 1 1868
13 200 1 169 1 251 1 1 3618
14 123 1 103 1 198 1 1 11178
84 0 
1211 234 239
21
1 180 1 149 1 277 1 1 4152
2 241 1 198 1 205 1 1 3197
3 180 1 121 1 128 1 1 5292
4 139 1 116 1 223 1 1 2536
5 134 1 175 1 128 1 1 1588
6 177 1 141 1 154 1 1 2183
7 131 1 108 1 177 1 1 1178
8 103 1 82 1 172 1 1 1833
9 123 1 103 1 187 1 1 1235
10 105 1 98 1 64 1 1 874
11 169 1 141 1 116 1 1 3087
12 149 1 180 1 226 1 1 2249
13 274 1 328 1 205 1 1 6780
14 200 1 134 1 128 1 1 2714
15 195 1 167 1 280 1 1 5766
16 118 1 116 1 59 1 1 468
17 162 1 141 1 159 1 1 1555
18 154 1 134 1 113 1 1 2514
19 111 1 105 1 187 1 1 849
20 192 1 159 1 139 1 1 1608
21 146 1 128 1 216 1 1 4136
85 0 
1211 234 239
9
1 205 1 164 1 246 1 1 7997
2 287 1 239 1 300 1 1 11365
3 349 1 262 1 267 1 1 14269
4 185 1 146 1 198 1 1 3440
5 146 1 123 1 75 1 1 1667
6 172 1 149 1 280 1 1 4070
7 269 1 210 1 285 1 1 7055
8 100 1 80 1 90 1 1 960
9 187 1 164 1 118 1 1 4410
86 0 
1211 234 239
15
1 254 1 210 1 285 1 1 9271
2 182 1 157 1 103 1 1 4500
3 210 1 144 1 175 1 1 4487
4 118 1 103 1 90 1 1 1654
5 203 1 167 1 223 1 1 5320
6 280 1 213 1 313 1 1 10098
7 113 1 100 1 121 1 1 1125
8 131 1 157 1 274 1 1 3363
9 192 1 162 1 123 1 1 1731
10 126 1 123 1 118 1 1 1154
11 90 1 62 1 57 1 1 574
12 218 1 187 1 159 1 1 3307
13 185 1 164 1 126 1 1 4187
14 123 1 105 1 208 1 1 1544
15 121 1 105 1 128 1 1 1555
87 0 
1211 234 239
10
1 126 1 105 1 141 1 1 1169
2 203 1 164 1 213 1 1 11729
3 128 1 103 1 82 1 1 1747
4 203 1 254 1 326 1 1 11559
5 113 1 90 1 100 1 1 580
6 164 1 198 1 331 1 1 6696
7 246 1 205 1 175 1 1 9216
8 111 1 108 1 103 1 1 739
9 267 1 233 1 182 1 1 6116
10 139 1 175 1 182 1 1 5089
88 0 
1211 234 239
12
1 93 1 88 1 154 1 1 1211
2 123 1 103 1 198 1 1 11178
3 231 1 203 1 333 1 1 7005
4 221 1 185 1 123 1 1 6429
5 95 1 80 1 57 1 1 463
6 167 1 131 1 144 1 1 1112
7 139 1 105 1 152 1 1 1202
8 175 1 159 1 167 1 1 2124
9 146 1 175 1 192 1 1 3186
10 236 1 195 1 195 1 1 6835
11 254 1 254 1 341 1 1 11685
12 236 1 198 1 436 1 1 13449
89 0 
1211 234 239
11
1 169 1 203 1 338 1 1 7223
2 123 1 103 1 136 1 1 1191
3 287 1 244 1 267 1 1 8301
4 216 1 200 1 236 1 1 5933
5 116 1 146 1 187 1 1 2933
6 159 1 113 1 95 1 1 2922
7 269 1 226 1 372 1 1 10146
8 190 1 162 1 272 1 1 6429
9 310 1 264 1 154 1 1 6934
10 128 1 113 1 64 1 1 781
11 149 1 139 1 233 1 1 2183
90 0 
1211 234 239
13
1 297 1 359 1 492 1 1 19578
2 154 1 139 1 123 1 1 4943
3 164 1 136 1 228 1 1 2351
4 169 1 136 1 182 1 1 2646
5 126 1 111 1 134 1 1 2038
6 152 1 123 1 82 1 1 1255
7 95 1 123 1 141 1 1 935
8 246 1 210 1 236 1 1 5435
9 203 1 182 1 139 1 1 5512
10 121 1 100 1 136 1 1 1026
11 182 1 162 1 131 1 1 4414
12 103 1 134 1 154 1 1 1160
13 323 1 274 1 205 1 1 13931
91 0 
1211 234 239
12
1 192 1 172 1 131 1 1 4657
2 185 1 185 1 295 1 1 5882
3 210 1 144 1 149 1 1 8488
4 231 1 216 1 95 1 1 6612
5 126 1 108 1 210 1 1 1489
6 152 1 128 1 100 1 1 2293
7 195 1 177 1 305 1 1 4630
8 121 1 113 1 93 1 1 1169
9 185 1 221 1 272 1 1 4983
10 190 1 157 1 282 1 1 5192
11 195 1 141 1 221 1 1 4039
12 200 1 241 1 216 1 1 5854
92 0 
1211 234 239
13
1 175 1 144 1 323 1 1 5292
2 190 1 157 1 303 1 1 6057
3 141 1 111 1 136 1 1 2370
4 187 1 223 1 382 1 1 5192
5 167 1 139 1 182 1 1 2972
6 93 1 80 1 98 1 1 772
7 198 1 239 1 297 1 1 8821
8 118 1 116 1 77 1 1 1411
9 254 1 236 1 254 1 1 11905
10 146 1 157 1 213 1 1 2124
11 126 1 111 1 57 1 1 772
12 164 1 154 1 231 1 1 2470
13 233 1 203 1 136 1 1 9668
93 0 
1211 234 239
11
1 123 1 103 1 198 1 1 11178
2 231 1 198 1 108 1 1 7099
3 152 1 182 1 187 1 1 3645
4 108 1 90 1 121 1 1 739
5 300 1 246 1 216 1 1 5889
6 123 1 103 1 88 1 1 1352
7 282 1 282 1 228 1 1 8301
8 308 1 244 1 226 1 1 11729
9 64 1 64 1 64 1 1 1949
10 113 1 100 1 121 1 1 1125
11 195 1 159 1 210 1 1 4542
94 0 
1211 234 239
16
1 203 1 159 1 105 1 1 5192
2 157 1 154 1 164 1 1 4079
3 111 1 121 1 180 1 1 1323
4 146 1 121 1 208 1 1 2415
5 159 1 134 1 295 1 1 4139
6 126 1 103 1 210 1 1 5536
7 272 1 254 1 308 1 1 6879
8 162 1 149 1 192 1 1 2205
9 123 1 111 1 136 1 1 1511
10 144 1 93 1 172 1 1 1738
11 100 1 82 1 77 1 1 772
12 169 1 139 1 146 1 1 4410
13 126 1 95 1 213 1 1 1171
14 221 1 190 1 372 1 1 8268
15 159 1 134 1 221 1 1 2315
16 136 1 108 1 108 1 1 1963
95 0 
1211 234 239
11
1 149 1 185 1 239 1 1 6032
2 226 1 187 1 244 1 1 6890
3 159 1 134 1 254 1 1 3620
4 195 1 172 1 177 1 1 4943
5 251 1 221 1 267 1 1 13874
6 175 1 167 1 221 1 1 7084
7 139 1 116 1 85 1 1 1434
8 149 1 123 1 228 1 1 2329
9 123 1 103 1 223 1 1 1764
10 123 1 103 1 57 1 1 971
11 182 1 146 1 218 1 1 5574
96 0 
1211 234 239
12
1 259 1 310 1 382 1 1 13779
2 159 1 134 1 177 1 1 2397
3 149 1 144 1 216 1 1 2933
4 159 1 144 1 85 1 1 2639
5 100 1 98 1 100 1 1 1198
6 157 1 134 1 113 1 1 1202
7 103 1 93 1 134 1 1 754
8 272 1 200 1 116 1 1 4288
9 118 1 103 1 88 1 1 1098
10 146 1 136 1 267 1 1 3186
11 172 1 169 1 111 1 1 3396
12 364 1 303 1 310 1 1 17770
97 0 
1211 234 239
13
1 134 1 116 1 103 1 1 2437
2 164 1 177 1 264 1 1 4145
3 162 1 192 1 303 1 1 5292
4 121 1 108 1 54 1 1 754
5 218 1 254 1 180 1 1 3704
6 149 1 149 1 216 1 1 3969
7 152 1 121 1 139 1 1 3722
8 190 1 162 1 318 1 1 5192
9 182 1 182 1 146 1 1 2944
10 172 1 205 1 185 1 1 3634
11 185 1 154 1 341 1 1 6173
12 236 1 195 1 359 1 1 8786
13 210 1 175 1 226 1 1 5512
98 0 
1211 234 239
14
1 144 1 118 1 169 1 1 1213
2 205 1 205 1 256 1 1 4039
3 185 1 162 1 264 1 1 4829
4 169 1 141 1 126 1 1 3462
5 164 1 131 1 121 1 1 1806
6 134 1 113 1 216 1 1 2249
7 195 1 177 1 292 1 1 7229
8 90 1 77 1 128 1 1 662
9 164 1 149 1 182 1 1 4762
10 172 1 144 1 164 1 1 5871
11 169 1 152 1 169 1 1 3704
12 216 1 190 1 144 1 1 5236
13 131 1 105 1 157 1 1 2029
14 246 1 187 1 121 1 1 7849
99 0 
1211 234 239
8
1 139 1 116 1 159 1 1 3627
2 182 1 159 1 190 1 1 3704
3 287 1 239 1 175 1 1 7130
4 105 1 100 1 139 1 1 1048
5 392 1 346 1 195 1 1 19578
6 292 1 241 1 121 1 1 8720
7 277 1 241 1 287 1 1 7543
8 239 1 195 1 277 1 1 8874
100 0 
1211 234 239
10
1 185 1 152 1 292 1 1 5988
2 157 1 136 1 210 1 1 2904
3 162 1 157 1 77 1 1 3186
4 308 1 308 1 553 1 1 17858
5 134 1 113 1 134 1 1 1467
6 185 1 157 1 172 1 1 2247
7 126 1 116 1 192 1 1 1731
8 221 1 167 1 372 1 1 6262
9 244 1 200 1 118 1 1 9480
10 131 1 113 1 236 1 1 3263
