0.0637
10 1001
587 233 220
40
1 102 0  36 1  76 0 1
2 54 1  74 1  67 1 2
3 41 1  76 1  79 1 7
4 82 1  66 1  64 1 3
5 120 0  79 1  47 1 4
6 93 1  81 1  59 1 3
7 72 1  80 1  55 1 1
8 120 1  87 1  66 1 5
9 60 1  62 0  31 1 1
10 93 0  35 1  21 1 3
11 67 1  70 1  61 1 5
12 111 0  41 1  50 1 6
13 117 0  31 1  22 1 3
14 31 1  31 1  75 0 5
15 40 1  35 1  37 1 3
16 95 0  58 0  26 1 2
17 50 1  44 1  57 1 2
18 98 0  95 0  35 1 3
19 88 1  94 1  49 1 4
20 75 1  43 1  57 1 2
21 97 0  86 1  45 1 5
22 79 1  56 1  78 1 1
23 41 1  61 1  61 1 2
24 62 1  46 1  69 1 2
25 63 1  47 1  53 1 2
26 108 0  73 0  36 1 3
27 106 0  78 0  39 1 4
28 107 0  77 1  46 1 2
29 116 0  37 1  62 1 2
30 106 0  47 1  45 1 3
31 60 0  81 0  22 1 4
32 34 1  90 0  49 1 2
33 32 1  32 1  53 1 1
34 48 1  33 1  34 1 3
35 77 0  92 0  38 1 2
36 47 1  95 0  31 1 3
37 57 1  69 1  57 1 1
38 40 1  38 1  24 1 1
39 49 1  96 0  47 1 5
40 78 0  37 1  72 1 7
(184,87,198) ; (0,0,0)
(98,96,219) ; (489,0,0)
(240,47,220) ; (0,186,0)
(122,134,157) ; (465,99,0)
(90,97,217) ; (0,89,0)
(93,81,215) ; (396,0,0)
(222,41,150) ; (243,192,0)
(95,98,192) ; (90,88,0)
(156,111,72) ; (309,81,0)
(78,79,220) ; (184,0,0)
(76,79,160) ; (320,0,0)
(78,106,192) ; (185,80,0)
(57,75,86) ; (262,0,0)
(46,107,77) ; (263,85,0)
(73,108,72) ; (392,84,72)
(77,107,46) ; (315,85,72)
(45,106,141) ; (263,86,77)
(55,72,80) ; (262,0,86)
(75,62,31) ; (317,130,118)
(57,44,100) ; (335,85,118)
(67,108,74) ; (398,84,144)
(67,61,70) ; (325,131,149)
(122,41,61) ; (343,192,150)
(93,35,63) ; (243,198,150)
(117,96,62) ; (468,135,157)
(120,35,37) ; (465,100,157)
(62,31,60) ; (330,0,160)
(63,47,53) ; (329,31,160)
(47,63,53) ; (262,0,166)
(58,95,26) ; (90,91,192)
(58,95,26) ; (185,87,192)
(117,31,22) ; (468,104,194)
(180,81,22) ; (0,0,198)
