0.068
42 4201
587 233 220
40
1 92 0  96 0  30 1 6
2 104 0  83 0  38 1 1
3 66 0  27 1  42 1 1
4 69 1  82 0  39 1 6
5 100 0  57 0  20 1 2
6 34 1  87 0  55 1 1
7 76 0  49 1  28 1 4
8 104 0  45 1  46 1 1
9 116 0  37 1  73 1 2
10 52 1  84 1  45 1 6
11 80 0  32 1  52 1 3
12 107 0  55 1  49 1 3
13 49 1  79 1  48 1 2
14 84 1  96 1  52 1 4
15 84 1  55 1  58 1 3
16 98 1  64 1  59 1 1
17 109 0  36 1  61 1 2
18 34 1  70 0  47 1 6
19 104 1  54 1  79 1 4
20 103 0  70 1  37 1 4
21 87 0  91 0  33 1 4
22 58 1  65 1  77 1 3
23 74 1  55 1  73 1 3
24 117 0  36 1  51 1 3
25 114 0  53 0  23 1 1
26 97 1  61 1  50 1 3
27 71 1  57 1  57 1 5
28 63 0  33 1  23 1 5
29 74 1  76 1  39 1 6
30 106 0  87 0  37 1 6
31 84 0  38 1  40 1 2
32 35 1  45 1  64 1 2
33 86 1  61 1  64 1 4
34 55 1  74 1  68 1 2
35 72 0  64 0  32 1 2
36 81 0  95 0  24 1 2
37 47 1  62 1  72 1 1
38 92 1  65 1  69 1 3
39 87 0  79 1  41 1 3
40 64 1  86 0  43 1 3
(104,172,160) ; (0,0,0)
(108,158,215) ; (479,0,0)
(117,74,220) ; (470,159,0)
(100,61,97) ; (0,172,0)
(158,55,219) ; (100,178,0)
(69,174,218) ; (104,0,0)
(106,87,220) ; (373,0,0)
(96,92,213) ; (374,141,0)
(87,91,151) ; (173,0,0)
(117,51,108) ; (362,87,0)
(114,57,165) ; (260,176,0)
(109,72,125) ; (264,0,0)
(79,87,163) ; (173,91,0)
(116,37,146) ; (258,139,0)
(98,64,59) ; (264,72,0)
(97,61,50) ; (265,72,59)
(100,57,40) ; (0,176,97)
(107,49,110) ; (372,87,108)
(86,61,64) ; (276,72,109)
(104,70,94) ; (269,0,125)
(97,49,79) ; (0,184,137)
(103,37,70) ; (271,139,146)
(82,39,69) ; (173,0,151)
(72,47,62) ; (173,39,151)
(104,80,32) ; (0,0,160)
(65,77,58) ; (0,91,160)
(34,87,55) ; (65,81,160)
(71,57,57) ; (173,118,163)
(66,27,42) ; (173,91,163)
(107,49,55) ; (267,180,165)
(84,52,45) ; (278,72,173)
(98,76,28) ; (0,0,192)
