0.0612
65 6501
587 233 220
40
1 84 1  67 1  76 1 6
2 77 0  37 1  48 1 4
3 117 0  31 1  21 1 4
4 73 0  29 1  28 1 6
5 99 0  36 1  53 1 6
6 36 1  78 0  57 1 3
7 32 1  27 1  69 0 3
8 63 0  29 1  31 1 2
9 118 0  66 1  55 1 2
10 70 1  66 1  80 1 6
11 105 0  84 1  50 1 4
12 101 0  52 1  37 1 2
13 41 1  61 1  56 1 3
14 118 0  31 1  34 1 3
15 31 1  76 0  53 1 2
16 90 0  90 0  40 1 3
17 54 1  38 1  44 1 4
18 98 1  93 1  50 1 6
19 41 1  44 1  67 1 3
20 87 1  100 0  45 1 2
21 118 0  30 1  77 0 4
22 109 0  37 1  36 1 3
23 61 0  50 0  21 1 8
24 94 1  87 1  62 1 4
25 38 1  92 0  28 1 3
26 56 1  85 1  43 1 3
27 81 0  36 1  24 1 7
28 59 1  33 1  66 0 4
29 120 0  99 0  46 1 2
30 107 0  89 0  30 1 3
31 62 1  51 1  55 1 3
32 39 1  27 1  54 0 2
33 31 1  29 1  58 0 5
34 90 1  63 1  67 1 1
35 39 1  74 0  32 1 5
36 55 1  72 1  45 1 3
37 92 0  50 0  25 1 1
38 59 0  28 1  21 1 1
39 99 0  85 1  44 1 3
40 64 1  51 1  72 1 6
(67,228,168) ; (0,0,0)
(279,100,182) ; (308,0,0)
(70,132,219) ; (517,101,0)
(175,63,219) ; (67,170,0)
(117,102,216) ; (67,0,0)
(118,132,86) ; (399,101,0)
(63,67,90) ; (67,103,0)
(120,99,92) ; (184,0,0)
(155,88,129) ; (244,145,0)
(82,67,44) ; (130,103,0)
(32,69,54) ; (212,101,0)
(55,45,216) ; (344,100,0)
(100,45,87) ; (244,100,0)
(80,66,140) ; (130,104,44)
(32,69,27) ; (212,101,54)
(31,58,29) ; (212,112,81)
(116,74,132) ; (399,158,86)
(78,57,72) ; (437,101,86)
(38,54,132) ; (399,104,86)
(100,45,87) ; (244,100,87)
(61,56,82) ; (67,114,90)
(90,90,120) ; (184,0,92)
(28,92,114) ; (274,0,92)
(31,58,58) ; (212,112,110)
(118,77,30) ; (281,153,129)
(36,81,24) ; (244,149,129)
(32,74,39) ; (244,156,153)
(73,56,58) ; (442,102,158)
(118,77,60) ; (281,153,159)
(62,165,51) ; (0,0,168)
(27,54,39) ; (0,174,168)
(38,54,44) ; (27,174,168)
(27,54,39) ; (212,116,168)
(61,56,41) ; (67,114,172)
(67,44,41) ; (277,101,174)
(243,24,36) ; (336,0,182)
(39,74,32) ; (540,24,182)
(202,52,37) ; (338,24,182)
(162,24,36) ; (378,76,182)
(28,73,29) ; (308,0,182)
(59,21,28) ; (319,76,182)
(78,57,36) ; (130,113,184)
(29,73,28) ; (244,157,192)
