0.0728
19 1901
587 233 220
40
1 119 0  27 1  65 0 4
2 37 1  52 0  21 1 4
3 67 1  47 1  49 1 4
4 105 1  83 1  55 1 4
5 31 1  90 0  21 1 2
6 67 1  99 1  65 1 3
7 101 0  59 1  31 1 4
8 74 0  84 0  31 1 3
9 42 1  98 0  33 1 7
10 81 0  50 1  30 1 2
11 114 0  69 0  32 1 7
12 99 0  27 1  75 0 1
13 54 1  40 1  73 1 1
14 103 0  45 1  78 1 1
15 106 0  84 0  26 1 4
16 105 0  85 0  39 1 3
17 102 0  28 1  69 0 3
18 41 1  63 1  40 1 2
19 55 1  91 1  46 1 1
20 99 0  28 1  49 1 2
21 70 1  76 1  46 1 4
22 98 0  66 0  32 1 3
23 111 0  38 1  34 1 4
24 33 1  79 0  69 0 1
25 67 1  39 1  68 1 3
26 118 1  81 1  69 1 3
27 100 0  39 1  79 0 5
28 42 1  31 1  58 1 4
29 113 1  60 1  71 1 5
30 55 1  95 1  48 1 6
31 84 1  53 1  65 1 3
32 32 1  42 1  45 1 4
33 51 1  91 1  53 1 1
34 72 1  85 1  61 1 5
35 95 0  82 0  38 1 3
36 30 1  89 0  54 1 1
37 61 0  43 1  29 1 2
38 113 0  71 1  39 1 3
39 66 1  64 1  35 1 1
40 114 0  51 1  30 1 2
(69,81,218) ; (0,0,0)
(213,113,182) ; (374,0,0)
(114,69,220) ; (0,164,0)
(203,119,112) ; (384,114,0)
(98,67,220) ; (69,0,0)
(100,79,195) ; (0,85,0)
(99,67,216) ; (114,166,0)
(85,61,216) ; (167,0,0)
(48,95,220) ; (100,67,0)
(169,106,117) ; (215,127,0)
(122,72,198) ; (252,0,0)
(66,98,180) ; (148,67,0)
(35,66,64) ; (214,61,0)
(48,55,190) ; (326,72,0)
(76,46,140) ; (249,72,0)
(31,58,126) ; (214,61,64)
(102,118,56) ; (484,114,112)
(69,114,32) ; (415,118,112)
(30,114,51) ; (385,118,112)
(78,103,45) ; (306,129,117)
(91,55,97) ; (215,177,117)
(81,50,60) ; (215,127,117)
(76,46,70) ; (249,72,140)
(68,111,76) ; (416,121,144)
(75,99,27) ; (309,133,162)
(30,114,51) ; (385,118,163)
(84,106,52) ; (499,126,168)
(61,29,43) ; (215,148,177)
(52,21,37) ; (215,127,177)
(63,82,40) ; (148,67,180)
(42,98,33) ; (542,0,182)
(164,95,38) ; (378,0,182)
(74,84,31) ; (310,148,189)
(37,52,21) ; (337,72,190)
(52,74,21) ; (0,90,195)
