0.0653
94 9401
587 233 220
40
1 75 0  45 0  22 1 3
2 115 0  80 1  56 1 2
3 59 1  53 1  32 1 2
4 77 1  57 1  61 1 3
5 69 0  27 1  45 1 5
6 74 1  60 1  76 1 4
7 68 1  94 1  78 1 2
8 44 1  50 1  77 1 1
9 43 1  59 1  73 1 4
10 56 1  47 1  68 1 5
11 112 0  77 1  47 1 3
12 63 1  79 1  48 1 6
13 109 0  88 0  30 1 4
14 39 1  30 1  55 1 2
15 89 1  74 1  78 1 3
16 67 1  99 0  38 1 7
17 66 1  96 0  40 1 1
18 105 0  29 1  41 1 3
19 40 1  45 1  77 1 4
20 92 0  54 1  44 1 4
21 67 1  81 1  43 1 3
22 114 1  69 1  60 1 1
23 105 0  27 1  74 0 2
24 30 1  67 0  43 1 2
25 65 1  34 1  61 1 3
26 95 0  40 1  40 1 4
27 77 1  62 1  78 1 3
28 48 1  92 1  77 1 2
29 52 1  64 1  61 1 4
30 73 1  79 1  59 1 3
31 57 0  72 0  22 1 3
32 104 1  61 1  75 1 2
33 117 0  27 1  69 0 7
34 35 1  88 0  21 1 2
35 103 0  66 0  29 1 4
36 35 1  37 1  63 1 3
37 111 0  38 1  54 1 3
38 60 1  76 1  65 1 6
39 77 0  26 1  30 1 4
40 49 1  74 1  67 1 2
(300,76,192) ; (0,0,0)
(104,122,216) ; (0,111,0)
(189,79,212) ; (398,154,0)
(178,74,216) ; (409,0,0)
(115,80,159) ; (472,74,0)
(122,34,65) ; (0,76,0)
(117,69,215) ; (104,164,0)
(112,47,154) ; (104,117,0)
(109,88,161) ; (300,0,0)
(78,77,213) ; (320,156,0)
(61,77,148) ; (411,74,0)
(96,40,66) ; (122,76,0)
(99,68,215) ; (221,165,0)
(103,66,116) ; (308,88,0)
(92,44,216) ; (216,120,0)
(81,43,134) ; (218,76,0)
(65,34,61) ; (0,76,65)
(53,32,59) ; (65,76,65)
(95,40,80) ; (122,76,66)
(78,62,103) ; (333,92,116)
(53,32,59) ; (65,76,124)
(55,30,78) ; (0,76,126)
(77,40,45) ; (218,76,134)
(95,40,40) ; (122,76,146)
(57,72,22) ; (414,74,148)
(75,45,66) ; (104,119,154)
(37,35,63) ; (179,129,154)
(111,76,54) ; (473,74,159)
(105,74,54) ; (300,0,161)
(57,72,44) ; (414,74,170)
(63,37,35) ; (218,76,179)
(88,35,21) ; (122,76,186)
(279,69,27) ; (0,0,192)
