0.0749
83 8301
587 233 220
40
1 52 1  34 1  31 1 5
2 104 1  94 1  59 1 4
3 100 0  26 1  53 0 6
4 81 0  32 1  64 0 3
5 85 1  57 1  78 1 1
6 42 1  98 0  30 1 5
7 60 1  95 1  63 1 3
8 63 1  93 1  54 1 1
9 105 0  67 1  45 1 1
10 44 1  84 0  30 1 5
11 118 0  59 1  57 1 5
12 46 1  44 1  71 1 2
13 53 1  91 1  75 1 3
14 46 1  62 0  26 1 3
15 58 0  58 0  26 1 3
16 102 0  51 1  40 1 2
17 119 0  93 1  53 1 1
18 90 1  92 1  60 1 1
19 92 0  75 0  21 1 4
20 120 0  30 1  61 0 4
21 116 0  73 0  29 1 1
22 49 1  90 1  52 1 3
23 96 0  85 0  26 1 3
24 77 1  89 1  56 1 3
25 110 0  28 1  29 1 5
26 103 1  75 1  62 1 1
27 99 1  84 1  52 1 9
28 63 1  52 1  69 1 3
29 78 0  81 0  26 1 2
30 101 0  35 1  67 1 5
31 59 1  56 1  49 1 3
32 119 0  93 0  44 1 3
33 44 1  79 0  31 1 6
34 86 0  31 1  45 1 2
35 115 0  32 1  72 0 2
36 58 1  54 1  48 1 2
37 72 1  51 1  41 1 1
38 59 1  60 1  38 1 5
39 53 1  31 1  73 0 1
40 91 1  98 0  49 1 4
(104,198,220) ; (0,0,0)
(92,227,168) ; (495,0,0)
(101,35,134) ; (0,198,0)
(118,104,217) ; (377,0,0)
(120,122,212) ; (375,111,0)
(79,31,220) ; (101,202,0)
(119,93,185) ; (104,0,0)
(75,106,153) ; (104,96,0)
(118,57,215) ; (180,176,0)
(153,85,122) ; (224,0,0)
(75,53,91) ; (300,180,0)
(64,81,96) ; (179,95,0)
(63,95,114) ; (312,85,0)
(69,52,220) ; (243,124,0)
(60,38,118) ; (243,85,0)
(72,51,41) ; (303,182,91)
(62,78,46) ; (179,98,96)
(60,92,90) ; (315,86,114)
(60,38,59) ; (243,85,118)
(115,72,64) ; (259,0,122)
(31,79,44) ; (224,0,122)
(71,46,88) ; (304,187,132)
(101,35,67) ; (0,198,134)
(58,58,78) ; (179,118,142)
(70,101,67) ; (104,98,153)
(31,73,53) ; (224,0,166)
(84,196,30) ; (500,0,168)
(86,31,45) ; (498,196,168)
(110,84,29) ; (104,0,185)
(98,42,30) ; (276,0,186)
(110,29,28) ; (264,42,186)
(75,184,21) ; (509,0,198)
