0.0643
44 4401
587 233 220
40
1 56 1  85 1  47 1 2
2 60 0  29 1  22 1 3
3 38 1  72 1  72 1 4
4 55 1  76 1  73 1 4
5 57 1  90 1  65 1 5
6 31 1  93 0  60 1 4
7 68 0  92 0  28 1 5
8 66 0  34 1  28 1 2
9 90 0  60 0  22 1 2
10 83 0  51 1  37 1 4
11 67 1  47 1  59 1 6
12 79 0  73 0  24 1 5
13 44 1  51 1  65 1 4
14 58 1  87 1  56 1 4
15 116 1  91 1  65 1 4
16 63 1  93 1  77 1 2
17 37 1  70 0  20 1 5
18 80 0  32 1  64 0 4
19 90 1  55 1  56 1 3
20 91 1  60 1  72 1 6
21 52 0  51 0  21 1 5
22 71 1  38 1  40 1 1
23 53 1  77 1  48 1 5
24 61 0  91 0  23 1 5
25 82 0  27 1  72 0 4
26 94 0  28 1  79 0 1
27 93 0  33 1  69 0 4
28 69 1  64 1  35 1 5
29 88 1  50 1  72 1 5
30 67 0  32 1  48 1 3
31 110 0  67 1  47 1 1
32 78 1  61 1  43 1 2
33 39 1  96 0  36 1 2
34 54 1  99 1  77 1 4
35 57 1  89 0  40 1 4
36 93 0  87 0  32 1 2
37 109 0  26 1  30 1 5
38 32 1  48 1  48 1 2
39 64 0  88 0  31 1 2
40 45 1  43 1  43 1 4
(91,185,216) ; (0,0,0)
(65,232,217) ; (522,0,0)
(118,47,219) ; (0,186,0)
(149,100,215) ; (373,0,0)
(90,65,215) ; (432,168,0)
(110,76,218) ; (91,0,0)
(186,63,137) ; (118,170,0)
(92,68,56) ; (430,100,0)
(26,109,150) ; (91,77,0)
(89,57,218) ; (343,176,0)
(69,93,216) ; (117,77,0)
(168,90,113) ; (201,0,0)
(83,74,210) ; (347,102,0)
(38,72,132) ; (305,161,0)
(48,77,159) ; (186,93,0)
(64,80,32) ; (234,90,0)
(48,67,214) ; (299,94,0)
(64,80,96) ; (234,90,32)
(91,61,92) ; (431,107,56)
(93,87,64) ; (201,0,113)
(73,79,72) ; (296,0,113)
(64,69,35) ; (234,101,128)
(37,70,80) ; (305,161,132)
(86,61,78) ; (118,171,137)
(99,54,77) ; (204,178,137)
(88,50,72) ; (434,118,148)
(22,60,58) ; (91,126,150)
(48,64,48) ; (186,106,159)
(64,69,35) ; (234,101,163)
(90,86,43) ; (201,0,177)
(66,56,34) ; (303,0,185)
(60,22,29) ; (309,56,185)
(51,52,21) ; (234,118,198)
