0.0632
62 6201
587 233 220
40
1 100 0  44 1  47 1 5
2 84 0  65 1  36 1 3
3 114 0  80 0  33 1 4
4 91 0  35 1  45 1 7
5 56 0  25 1  31 1 5
6 101 0  41 1  58 1 5
7 53 1  30 1  38 1 2
8 86 1  87 1  46 1 2
9 69 1  85 1  61 1 3
10 102 0  41 1  66 1 2
11 104 0  96 0  31 1 2
12 110 1  73 1  72 1 6
13 39 1  35 1  29 1 6
14 58 0  60 0  24 1 1
15 55 1  77 1  41 1 4
16 39 1  78 0  69 1 2
17 47 1  40 1  58 1 4
18 116 1  100 1  79 1 3
19 88 1  57 1  52 1 3
20 59 1  66 1  49 1 1
21 118 0  55 1  44 1 4
22 55 1  49 1  67 1 1
23 108 0  34 1  39 1 2
24 88 1  93 1  72 1 1
25 38 1  71 1  38 1 2
26 38 1  73 1  45 1 3
27 99 0  37 1  60 1 2
28 63 1  54 1  55 1 4
29 90 1  55 1  56 1 1
30 59 1  63 1  64 1 5
31 34 1  94 0  58 1 4
32 47 1  32 1  62 1 2
33 44 1  100 0  36 1 2
34 37 1  95 0  56 1 4
35 86 0  43 1  26 1 1
36 90 0  37 1  77 0 3
37 66 0  32 1  67 0 2
38 55 1  50 1  79 1 4
39 113 1  77 1  73 1 3
40 96 0  99 0  37 1 3
(330,72,185) ; (0,0,0)
(101,161,171) ; (0,72,0)
(113,77,219) ; (474,156,0)
(96,155,148) ; (491,0,0)
(100,116,158) ; (391,0,0)
(88,102,215) ; (101,131,0)
(80,116,179) ; (394,117,0)
(88,57,156) ; (101,72,0)
(85,69,219) ; (189,164,0)
(118,110,88) ; (276,123,0)
(59,64,213) ; (332,0,0)
(86,92,87) ; (189,72,0)
(55,56,90) ; (336,64,0)
(59,49,66) ; (277,72,0)
(55,49,67) ; (281,72,66)
(45,91,131) ; (189,73,87)
(36,84,130) ; (234,80,87)
(118,63,64) ; (276,170,88)
(114,45,73) ; (280,125,88)
(55,54,126) ; (336,64,90)
(55,41,77) ; (281,72,133)
(88,93,72) ; (493,0,148)
(53,60,38) ; (528,94,148)
(35,58,39) ; (493,96,148)
(94,58,68) ; (300,175,152)
(54,55,63) ; (101,72,156)
(32,47,62) ; (155,72,156)
(99,74,60) ; (392,0,158)
(95,37,56) ; (396,74,158)
(101,41,58) ; (293,129,161)
(91,140,45) ; (0,90,171)
(77,110,41) ; (397,121,179)
(188,58,34) ; (0,0,185)
(134,66,32) ; (188,0,185)
(50,56,31) ; (531,98,186)
(31,56,25) ; (497,98,187)
