0.0669
11 1101
587 233 220
40
1 31 1  48 1  56 1 2
2 90 1  91 1  61 1 4
3 57 1  49 1  73 1 5
4 88 0  51 1  28 1 4
5 83 0  32 1  34 1 1
6 98 1  80 1  76 1 4
7 97 0  58 0  24 1 5
8 80 1  48 1  73 1 3
9 114 0  73 0  26 1 8
10 84 1  56 1  80 1 1
11 58 1  35 1  62 1 3
12 93 0  42 1  64 1 4
13 106 0  52 1  35 1 3
14 79 1  62 1  42 1 2
15 32 1  63 0  29 1 5
16 67 1  80 1  77 1 2
17 53 1  100 1  79 1 5
18 45 1  36 1  73 0 5
19 113 0  64 1  47 1 3
20 109 0  35 1  55 1 4
21 115 0  40 1  57 1 1
22 34 1  95 0  29 1 2
23 43 1  41 1  48 1 2
24 40 1  95 0  34 1 3
25 60 1  80 1  62 1 3
26 111 0  100 0  37 1 1
27 94 0  60 0  20 1 6
28 72 0  46 1  30 1 2
29 79 0  26 1  48 1 3
30 67 1  81 1  67 1 3
31 63 1  76 1  41 1 5
32 87 1  50 1  66 1 1
33 107 1  86 1  62 1 3
34 114 0  39 1  21 1 1
35 38 1  59 1  77 0 5
36 60 1  62 1  58 1 5
37 48 1  59 0  26 1 8
38 105 0  82 1  46 1 1
39 99 1  94 1  50 1 3
40 41 1  68 1  45 1 2
(320,62,180) ; (0,0,0)
(160,77,213) ; (0,156,0)
(146,114,217) ; (441,119,0)
(80,118,122) ; (507,0,0)
(150,94,135) ; (0,62,0)
(186,86,171) ; (321,0,0)
(200,79,154) ; (241,154,0)
(80,76,196) ; (160,157,0)
(63,32,145) ; (444,86,0)
(97,92,120) ; (150,62,0)
(82,68,45) ; (359,86,0)
(109,55,140) ; (250,99,0)
(73,36,45) ; (247,62,0)
(81,67,134) ; (360,87,45)
(72,30,92) ; (247,62,45)
(95,62,98) ; (150,62,120)
(88,28,51) ; (150,126,120)
(77,115,59) ; (507,0,122)
(51,88,84) ; (0,62,135)
(94,60,82) ; (51,62,135)
(95,29,68) ; (51,123,135)
(59,26,48) ; (247,62,137)
(100,53,79) ; (259,101,140)
(56,31,48) ; (451,86,145)
(164,76,63) ; (274,156,154)
(31,48,56) ; (241,184,154)
(105,82,46) ; (402,0,171)
(80,73,48) ; (322,0,171)
(59,26,48) ; (150,128,171)
(76,63,41) ; (365,91,179)
(94,60,40) ; (0,0,180)
(115,57,40) ; (94,0,180)
(106,52,35) ; (209,0,180)
(52,106,35) ; (531,0,181)
(21,114,39) ; (510,0,181)
