0.059
27 2701
587 233 220
40
1 45 1  26 1  47 1 5
2 68 1  75 1  74 1 5
3 43 1  100 0  45 1 5
4 93 0  37 1  62 1 3
5 59 1  55 1  65 1 4
6 120 0  41 1  79 1 2
7 30 1  46 1  58 1 7
8 50 1  37 1  63 1 2
9 104 0  74 0  32 1 5
10 41 1  44 1  23 1 6
11 33 1  26 1  32 1 4
12 51 1  58 1  58 1 3
13 68 1  74 1  46 1 4
14 43 1  35 1  38 1 3
15 102 0  53 1  36 1 5
16 116 1  70 1  71 1 5
17 57 1  78 1  78 1 3
18 99 0  37 1  46 1 4
19 36 1  68 0  34 1 8
20 46 1  35 1  49 1 4
21 44 1  99 0  25 1 2
22 63 1  51 1  39 1 7
23 74 1  81 1  48 1 8
24 94 0  73 0  26 1 5
25 46 1  47 1  55 1 4
26 62 0  28 1  44 1 1
27 54 1  68 1  69 1 4
28 31 1  97 0  47 1 3
29 99 0  43 1  64 1 4
30 116 0  80 1  51 1 2
31 107 0  79 0  35 1 3
32 89 1  56 1  47 1 2
33 63 1  61 1  80 1 3
34 95 0  35 1  38 1 1
35 51 1  64 0  31 1 4
36 83 0  44 1  41 1 1
37 84 1  66 1  66 1 3
38 70 0  76 0  26 1 4
39 44 1  26 1  25 1 4
40 61 1  42 1  79 1 5
(70,232,168) ; (0,0,0)
(347,74,217) ; (240,0,0)
(118,65,212) ; (469,168,0)
(111,93,156) ; (476,75,0)
(232,80,112) ; (70,153,0)
(170,69,144) ; (70,0,0)
(100,86,218) ; (369,147,0)
(122,84,158) ; (70,69,0)
(188,73,52) ; (288,74,0)
(66,84,198) ; (303,149,0)
(47,84,180) ; (192,69,0)
(48,74,162) ; (239,74,0)
(102,72,106) ; (374,74,52)
(70,71,116) ; (304,74,52)
(107,79,105) ; (70,153,112)
(114,78,78) ; (177,154,112)
(92,68,74) ; (70,0,144)
(46,67,41) ; (162,0,144)
(31,64,51) ; (208,0,144)
(104,74,64) ; (483,90,156)
(116,51,58) ; (70,69,158)
(97,31,47) ; (70,120,158)
(97,47,62) ; (379,74,158)
(99,25,44) ; (377,121,158)
(46,30,58) ; (239,74,162)
(41,44,23) ; (239,104,162)
(70,64,51) ; (0,0,168)
(37,126,50) ; (0,102,168)
(31,128,51) ; (37,100,168)
(65,33,52) ; (0,64,168)
(70,46,49) ; (304,74,168)
(44,23,41) ; (330,122,168)
(26,25,44) ; (304,120,168)
(46,49,35) ; (192,69,180)
(43,35,38) ; (192,118,180)
(43,38,35) ; (162,0,185)
(44,26,25) ; (162,38,185)
(38,43,35) ; (239,105,185)
(70,76,26) ; (177,156,190)
(44,62,28) ; (247,170,190)
(26,44,25) ; (208,0,195)
