0.0565
72 7201
587 233 220
40
1 117 1  72 1  79 1 4
2 60 1  46 1  42 1 2
3 82 1  68 1  67 1 4
4 60 1  45 1  64 1 1
5 52 1  83 0  36 1 2
6 56 1  79 1  51 1 4
7 106 0  96 0  42 1 3
8 54 1  29 1  48 1 4
9 118 1  88 1  80 1 3
10 116 0  28 1  43 1 2
11 74 0  90 0  22 1 2
12 64 1  33 1  80 0 4
13 88 0  36 1  53 1 4
14 34 1  59 1  74 0 2
15 120 1  88 1  80 1 1
16 77 1  88 1  74 1 2
17 113 0  55 0  24 1 6
18 38 1  46 1  24 1 3
19 61 1  84 1  50 1 3
20 108 0  94 0  38 1 5
21 32 1  29 1  76 0 6
22 48 1  62 1  49 1 1
23 68 0  76 0  29 1 2
24 107 0  78 1  44 1 4
25 90 1  56 1  69 1 5
26 51 0  83 0  25 1 4
27 69 0  40 1  27 1 4
28 40 1  38 1  59 1 1
29 80 0  89 0  35 1 4
30 104 1  56 1  56 1 3
31 62 0  25 1  43 1 4
32 41 1  43 1  59 1 3
33 35 1  71 0  65 1 2
34 95 1  61 1  49 1 2
35 34 1  48 1  54 1 2
36 93 0  46 1  39 1 2
37 43 1  79 0  31 1 1
38 87 1  96 1  58 1 4
39 67 0  43 1  24 1 5
40 89 1  57 1  54 1 4
(78,181,176) ; (0,0,0)
(178,80,217) ; (409,0,0)
(79,117,216) ; (508,116,0)
(84,50,207) ; (0,183,0)
(174,58,217) ; (78,0,0)
(108,94,215) ; (400,139,0)
(88,36,212) ; (499,80,0)
(207,56,217) ; (84,177,0)
(80,118,160) ; (78,59,0)
(89,57,216) ; (410,80,0)
(67,136,189) ; (342,0,0)
(106,96,126) ; (294,137,0)
(80,88,120) ; (158,89,0)
(79,31,43) ; (158,58,0)
(90,69,112) ; (252,0,0)
(56,104,112) ; (238,73,0)
(48,68,97) ; (294,69,0)
(76,29,128) ; (158,58,43)
(43,59,123) ; (299,69,97)
(40,69,108) ; (302,0,112)
(49,61,95) ; (252,0,112)
(56,56,104) ; (238,121,112)
(54,48,29) ; (238,73,112)
(80,64,99) ; (158,113,120)
(67,24,43) ; (158,89,120)
(61,95,49) ; (339,138,126)
(39,93,92) ; (300,140,126)
(49,48,62) ; (238,73,141)
(74,68,59) ; (78,108,160)
(64,45,60) ; (78,59,160)
(67,24,43) ; (158,89,163)
(67,24,43) ; (158,58,171)
(60,92,42) ; (340,141,175)
(62,25,43) ; (0,0,176)
(74,90,44) ; (0,25,176)
(71,65,35) ; (0,116,176)
(55,113,24) ; (349,0,189)
