0.0616
58 5801
587 233 220
40
1 75 0  33 1  28 1 2
2 108 1  89 1  73 1 3
3 93 0  83 0  41 1 4
4 86 1  59 1  55 1 3
5 44 1  57 1  35 1 4
6 86 0  53 1  36 1 3
7 61 1  63 1  71 1 4
8 107 0  89 1  50 1 1
9 37 1  64 1  41 1 2
10 72 0  62 1  36 1 3
11 79 0  95 0  24 1 3
12 105 0  48 1  25 1 3
13 40 1  37 1  46 1 2
14 105 0  43 1  52 1 1
15 42 1  32 1  59 1 3
16 110 0  91 0  25 1 2
17 41 1  42 1  43 1 1
18 49 1  44 1  25 1 4
19 99 1  70 1  54 1 4
20 76 1  99 1  75 1 4
21 49 1  98 0  25 1 3
22 76 0  57 0  24 1 2
23 32 1  93 0  30 1 4
24 99 1  100 1  64 1 5
25 56 1  47 1  56 1 1
26 93 1  88 1  55 1 2
27 92 1  91 1  51 1 1
28 56 1  96 1  63 1 2
29 109 0  87 1  51 1 3
30 77 1  71 1  56 1 4
31 67 0  56 0  25 1 4
32 88 0  50 0  21 1 1
33 35 1  75 0  40 1 3
34 80 1  95 0  46 1 3
35 43 1  86 0  73 1 2
36 120 1  78 1  77 1 4
37 111 0  41 1  72 1 2
38 66 1  89 1  52 1 2
39 43 1  91 0  48 1 2
40 105 0  69 0  21 1 5
(300,140,99) ; (0,0,0)
(108,73,220) ; (479,0,0)
(110,93,138) ; (0,140,0)
(154,156,120) ; (433,77,0)
(56,77,142) ; (423,0,0)
(95,92,80) ; (110,141,0)
(166,93,82) ; (267,140,0)
(122,63,142) ; (301,0,0)
(60,93,64) ; (205,140,0)
(111,41,144) ; (312,63,0)
(72,36,186) ; (361,104,0)
(57,35,88) ; (304,105,0)
(55,86,154) ; (205,147,64)
(91,92,51) ; (110,141,80)
(109,87,138) ; (324,146,82)
(52,89,132) ; (272,144,82)
(57,35,44) ; (304,105,88)
(108,140,120) ; (0,0,99)
(80,95,118) ; (108,0,99)
(112,88,96) ; (188,0,99)
(75,44,49) ; (108,96,99)
(107,50,114) ; (188,88,99)
(128,100,99) ; (459,133,120)
(67,56,100) ; (520,77,120)
(25,98,98) ; (434,135,120)
(86,55,59) ; (434,77,120)
(91,48,86) ; (110,185,131)
(86,43,73) ; (110,142,131)
(57,35,44) ; (304,105,132)
(108,89,73) ; (0,142,138)
(56,77,71) ; (423,0,142)
(77,56,71) ; (346,0,142)
(42,59,64) ; (304,0,142)
(110,41,74) ; (313,63,144)
(75,40,70) ; (108,100,148)
(49,25,44) ; (312,115,176)
(75,35,40) ; (445,77,179)
(105,69,21) ; (188,0,195)
