0.0564
81 8101
587 233 220
40
1 32 1  25 1  62 0 7
2 72 1  96 1  68 1 3
3 36 1  72 0  65 1 3
4 94 0  59 0  29 1 2
5 96 0  25 1  25 1 3
6 31 1  77 0  39 1 2
7 93 0  66 1  37 1 5
8 77 1  62 1  46 1 3
9 80 0  38 1  20 1 2
10 65 1  93 1  57 1 4
11 83 0  55 0  22 1 3
12 30 1  96 0  28 1 2
13 82 1  81 1  75 1 4
14 109 0  92 0  24 1 1
15 60 1  39 1  45 1 4
16 45 1  88 1  53 1 1
17 58 1  44 1  51 1 5
18 76 1  51 1  69 1 5
19 42 1  81 1  75 1 4
20 59 0  80 0  26 1 4
21 52 1  27 1  67 0 4
22 91 0  66 0  22 1 4
23 57 1  76 1  51 1 5
24 53 1  71 1  53 1 4
25 39 1  60 1  55 1 3
26 60 1  65 1  69 1 3
27 73 0  26 1  66 0 5
28 113 0  35 1  39 1 4
29 50 1  29 1  54 1 6
30 117 0  83 1  56 1 7
31 54 1  82 0  28 1 2
32 45 1  27 1  71 0 3
33 41 1  64 1  54 1 6
34 66 0  30 1  23 1 5
35 38 1  35 1  51 1 3
36 78 1  78 1  78 1 4
37 59 1  92 1  69 1 2
38 100 0  86 0  41 1 3
39 64 1  70 1  78 1 4
40 57 1  41 1  62 1 2
(77,164,220) ; (0,0,0)
(75,162,219) ; (512,0,0)
(137,68,216) ; (0,165,0)
(78,70,218) ; (509,163,0)
(166,117,219) ; (346,0,0)
(156,78,213) ; (77,0,0)
(93,114,220) ; (416,119,0)
(157,60,138) ; (137,173,0)
(100,86,123) ; (77,79,0)
(39,115,215) ; (377,118,0)
(83,55,108) ; (294,178,0)
(73,66,212) ; (233,0,0)
(66,93,148) ; (177,80,0)
(35,113,117) ; (311,0,0)
(80,59,104) ; (297,119,0)
(53,53,71) ; (243,120,0)
(67,27,208) ; (243,66,0)
(62,25,96) ; (243,93,0)
(53,45,88) ; (243,128,71)
(62,25,96) ; (243,93,96)
(50,54,116) ; (327,124,104)
(29,54,100) ; (298,124,104)
(82,54,56) ; (294,178,108)
(35,102,38) ; (311,0,117)
(93,66,97) ; (77,99,123)
(80,20,38) ; (77,79,123)
(62,57,82) ; (137,175,138)
(94,59,58) ; (199,173,138)
(64,78,70) ; (177,92,148)
(30,96,56) ; (316,0,155)
(51,44,58) ; (243,129,159)
(80,20,38) ; (77,79,161)
(71,54,45) ; (305,178,164)
(83,55,22) ; (199,177,196)
