0.0586
40 4001
587 233 220
40
1 42 1  41 1  68 1 3
2 59 0  74 0  21 1 5
3 109 1  60 1  65 1 3
4 116 1  70 1  69 1 1
5 77 1  86 0  39 1 7
6 72 0  44 1  26 1 4
7 60 1  60 1  79 1 4
8 38 1  61 0  22 1 5
9 118 0  98 0  22 1 3
10 64 0  31 1  68 0 6
11 117 0  36 1  26 1 1
12 55 0  26 1  77 0 1
13 45 0  37 1  20 1 5
14 96 1  81 1  72 1 8
15 91 0  44 1  63 1 5
16 115 0  32 1  21 1 4
17 33 1  72 0  65 1 5
18 36 1  85 0  23 1 4
19 59 1  53 1  44 1 1
20 118 0  74 1  50 1 2
21 75 0  32 1  32 1 3
22 113 1  90 1  58 1 2
23 92 1  54 1  53 1 5
24 49 1  76 0  30 1 4
25 69 1  65 1  80 1 4
26 94 0  35 1  29 1 1
27 104 0  64 1  40 1 2
28 32 1  62 0  29 1 3
29 62 1  38 1  75 1 2
30 30 1  76 0  36 1 4
31 52 0  85 0  20 1 3
32 66 1  82 1  79 1 2
33 46 1  72 0  31 1 3
34 53 1  90 0  43 1 2
35 65 1  45 1  46 1 2
36 54 1  58 1  55 1 2
37 101 0  45 0  20 1 5
38 108 1  100 1  62 1 5
39 45 1  64 1  62 1 6
40 56 0  70 0  24 1 2
(180,60,192) ; (0,0,0)
(287,96,216) ; (0,137,0)
(64,158,218) ; (523,0,0)
(200,62,216) ; (387,171,0)
(86,77,186) ; (0,60,0)
(135,91,176) ; (388,0,0)
(69,80,195) ; (454,91,0)
(86,77,177) ; (86,60,0)
(109,65,220) ; (180,0,0)
(66,79,196) ; (388,92,0)
(98,118,66) ; (290,0,0)
(100,62,108) ; (287,171,0)
(116,70,93) ; (172,65,0)
(92,53,97) ; (296,118,0)
(50,118,148) ; (338,0,66)
(38,62,150) ; (300,0,66)
(45,46,130) ; (293,62,66)
(69,65,80) ; (172,65,93)
(42,68,123) ; (241,65,93)
(90,53,43) ; (296,118,97)
(55,58,108) ; (332,175,108)
(44,61,91) ; (288,172,108)
(85,52,60) ; (301,119,140)
(66,61,38) ; (172,65,173)
(101,90,20) ; (413,0,176)
(23,85,36) ; (390,0,176)
(59,74,42) ; (86,60,177)
(20,45,37) ; (145,60,177)
(85,76,30) ; (0,60,186)
(77,55,26) ; (0,0,192)
(101,45,20) ; (77,0,192)
(59,74,21) ; (464,97,195)
(101,90,20) ; (413,0,196)
(59,74,21) ; (393,93,196)
(37,45,20) ; (301,62,196)
(37,45,20) ; (295,186,199)
(74,45,20) ; (312,126,200)
