0.0719
69 6901
587 233 220
40
1 59 1  61 1  58 1 5
2 32 1  31 1  66 0 4
3 109 0  32 1  79 0 2
4 94 0  78 0  37 1 6
5 30 1  93 0  40 1 5
6 54 1  99 0  41 1 1
7 117 0  30 1  59 1 3
8 118 0  62 1  50 1 6
9 33 1  35 1  67 0 4
10 80 0  93 0  29 1 2
11 100 0  47 1  45 1 1
12 53 1  89 1  58 1 2
13 41 0  58 0  20 1 3
14 56 1  62 1  52 1 6
15 64 1  55 1  78 1 3
16 82 0  71 0  23 1 3
17 103 0  57 1  41 1 2
18 39 1  97 0  70 1 3
19 72 1  74 1  78 1 4
20 108 0  40 1  39 1 2
21 103 0  87 0  41 1 3
22 82 0  36 1  49 1 3
23 37 1  46 1  60 1 2
24 86 0  32 1  69 0 3
25 89 1  87 1  50 1 1
26 36 1  77 0  21 1 3
27 106 1  75 1  68 1 3
28 107 0  91 0  28 1 3
29 90 0  76 0  37 1 4
30 82 0  33 1  64 1 3
31 112 0  54 1  59 1 2
32 103 1  99 1  56 1 7
33 36 1  37 1  43 1 4
34 82 0  59 0  20 1 4
35 32 1  35 1  64 0 2
36 68 1  97 1  76 1 2
37 34 1  59 1  79 0 3
38 32 1  34 1  50 1 5
39 98 0  60 0  25 1 4
40 105 0  70 1  48 1 3
(203,76,136) ; (0,0,0)
(288,156,74) ; (0,77,0)
(62,230,158) ; (525,0,0)
(198,103,209) ; (327,0,0)
(118,100,124) ; (407,133,0)
(117,30,177) ; (408,103,0)
(80,127,118) ; (327,106,0)
(90,76,111) ; (203,0,0)
(33,82,128) ; (294,0,0)
(39,108,80) ; (288,125,0)
(37,43,108) ; (290,82,0)
(70,105,144) ; (0,128,74)
(107,91,142) ; (70,142,74)
(87,50,89) ; (0,77,74)
(78,64,146) ; (87,77,74)
(103,87,146) ; (177,146,74)
(82,59,60) ; (165,77,74)
(32,68,81) ; (247,77,74)
(39,97,140) ; (288,136,80)
(37,43,36) ; (290,82,108)
(90,76,37) ; (203,0,111)
(79,109,64) ; (327,124,118)
(66,99,70) ; (459,134,124)
(52,62,56) ; (407,171,124)
(46,37,60) ; (413,134,124)
(32,68,81) ; (295,0,128)
(82,59,20) ; (165,77,134)
(106,75,68) ; (0,0,136)
(97,70,39) ; (106,0,136)
(32,34,50) ; (295,82,144)
(82,72,72) ; (203,0,148)
(78,55,64) ; (165,77,154)
(32,66,63) ; (247,77,155)
(59,176,61) ; (525,0,158)
(56,52,62) ; (528,178,158)
(82,49,36) ; (0,77,163)
(86,69,32) ; (106,0,175)
(93,30,40) ; (432,103,177)
(41,58,40) ; (418,175,180)
(79,59,34) ; (327,174,182)
(60,46,37) ; (346,128,182)
(60,98,25) ; (463,135,194)
(58,41,20) ; (0,77,199)
