0.0506
5 501
587 233 220
40
1 113 0  51 1  41 1 4
2 96 1  82 1  72 1 4
3 43 1  89 0  77 1 2
4 68 1  44 1  37 1 2
5 68 0  38 1  29 1 5
6 100 0  29 1  61 0 2
7 72 1  99 0  45 1 2
8 91 0  70 1  36 1 5
9 120 0  89 0  31 1 7
10 113 0  91 1  54 1 1
11 66 1  76 1  51 1 1
12 80 1  44 1  76 1 4
13 59 1  65 1  75 1 3
14 72 1  96 1  77 1 5
15 54 1  74 1  70 1 4
16 43 1  54 1  36 1 5
17 40 1  56 1  43 1 4
18 101 0  45 1  79 1 1
19 120 0  82 0  31 1 6
20 96 1  85 1  66 1 3
21 40 1  31 1  52 1 3
22 82 0  39 1  25 1 3
23 55 1  94 1  76 1 3
24 65 0  31 1  39 1 2
25 101 1  68 1  80 1 1
26 83 0  50 0  24 1 1
27 87 1  72 1  50 1 3
28 30 1  72 0  21 1 3
29 80 0  77 0  36 1 3
30 107 1  68 1  61 1 1
31 111 0  38 1  29 1 3
32 32 1  31 1  24 1 2
33 98 0  26 1  34 1 4
34 85 1  89 1  59 1 4
35 86 0  27 1  56 0 3
36 48 1  96 0  33 1 2
37 42 1  57 1  35 1 3
38 36 1  32 1  26 1 1
39 92 0  50 1  27 1 2
40 117 0  100 0  46 1 3
(192,144,159) ; (0,0,0)
(171,120,186) ; (416,0,0)
(170,89,118) ; (0,144,0)
(127,113,123) ; (460,120,0)
(91,113,162) ; (369,120,0)
(96,85,219) ; (170,148,0)
(100,117,176) ; (316,0,0)
(124,77,160) ; (192,0,0)
(101,80,147) ; (268,153,0)
(74,70,216) ; (192,77,0)
(91,36,140) ; (278,117,0)
(43,40,168) ; (266,77,0)
(50,87,72) ; (0,146,118)
(72,87,100) ; (50,146,118)
(43,89,77) ; (122,144,118)
(72,99,90) ; (515,131,123)
(55,76,94) ; (460,154,123)
(52,31,80) ; (463,123,123)
(65,31,78) ; (304,122,140)
(26,36,32) ; (278,117,140)
(96,77,72) ; (270,154,147)
(130,75,59) ; (0,0,159)
(107,68,61) ; (0,75,159)
(61,100,58) ; (130,0,159)
(40,43,56) ; (107,101,159)
(35,42,57) ; (147,102,159)
(65,75,59) ; (192,0,160)
(57,70,42) ; (257,0,160)
(41,113,51) ; (418,120,162)
(48,96,33) ; (370,137,162)
(31,40,52) ; (266,77,168)
(24,32,31) ; (278,121,172)
(68,74,44) ; (345,0,176)
(29,68,38) ; (316,0,176)
(82,25,39) ; (331,74,176)
(48,96,33) ; (539,0,186)
(89,120,31) ; (450,0,186)
(32,24,31) ; (555,96,186)
(26,98,34) ; (424,0,186)
(50,83,24) ; (0,150,190)
(39,82,25) ; (122,151,195)
(39,82,25) ; (379,151,195)
