0.0593
68 6801
587 233 220
40
1 116 0  85 0  34 1 4
2 81 0  28 1  67 0 3
3 114 1  97 1  79 1 4
4 74 0  84 0  30 1 2
5 30 1  30 1  55 1 3
6 54 1  58 1  43 1 2
7 59 1  58 1  36 1 1
8 84 1  97 1  66 1 3
9 101 0  32 1  37 1 4
10 34 1  47 1  55 1 4
11 39 1  87 0  76 1 2
12 80 1  53 1  61 1 3
13 56 1  99 0  42 1 5
14 39 1  96 0  22 1 2
15 114 0  36 1  27 1 3
16 119 0  99 0  38 1 3
17 81 1  80 1  53 1 2
18 70 0  55 0  21 1 3
19 72 1  71 1  62 1 3
20 49 1  36 1  62 1 1
21 59 1  69 1  43 1 1
22 117 1  83 1  66 1 3
23 83 1  47 1  45 1 4
24 83 1  74 1  80 1 4
25 110 0  84 0  40 1 1
26 83 0  35 1  47 1 7
27 116 0  81 0  22 1 6
28 37 1  50 1  65 1 3
29 110 0  26 1  23 1 1
30 100 0  35 1  47 1 2
31 35 1  94 0  25 1 5
32 55 1  50 1  41 1 2
33 103 1  59 1  77 1 3
34 98 1  89 1  72 1 2
35 85 1  92 0  43 1 3
36 80 0  89 0  20 1 5
37 53 1  68 0  30 1 2
38 51 1  30 1  29 1 4
39 91 1  96 1  65 1 2
40 62 0  29 1  34 1 1
(195,83,207) ; (0,0,0)
(316,114,97) ; (271,0,0)
(103,77,212) ; (0,156,0)
(170,116,112) ; (417,117,0)
(98,72,178) ; (0,84,0)
(214,84,198) ; (103,149,0)
(99,119,156) ; (318,114,0)
(96,65,182) ; (98,83,0)
(76,87,108) ; (195,0,0)
(72,62,213) ; (194,87,0)
(47,34,220) ; (266,115,0)
(162,114,80) ; (425,0,97)
(100,35,119) ; (325,0,97)
(99,42,112) ; (326,35,97)
(100,37,65) ; (325,77,97)
(54,114,36) ; (271,0,97)
(74,84,30) ; (195,0,108)
(162,116,22) ; (417,117,112)
(54,58,86) ; (271,0,133)
(50,55,82) ; (275,58,133)
(92,86,85) ; (487,147,134)
(62,29,85) ; (517,118,134)
(67,81,84) ; (420,152,134)
(30,30,55) ; (487,117,134)
(68,30,53) ; (419,122,134)
(70,83,47) ; (195,0,138)
(99,42,56) ; (318,184,156)
(55,70,63) ; (362,114,156)
(43,69,59) ; (319,115,156)
(59,36,58) ; (366,77,162)
(30,30,55) ; (336,77,162)
(85,92,43) ; (499,0,177)
(74,101,32) ; (425,0,177)
(96,44,39) ; (0,112,178)
(94,25,35) ; (0,84,178)
(50,65,37) ; (98,83,182)
(30,55,30) ; (148,83,182)
(68,53,30) ; (195,0,185)
(51,30,29) ; (195,53,185)
(51,29,30) ; (436,123,187)
(178,80,20) ; (103,152,198)
