0.0623
59 5901
587 233 220
40
1 102 1  63 1  78 1 2
2 95 1  84 1  58 1 6
3 106 0  42 1  64 1 4
4 52 1  69 1  45 1 3
5 83 1  73 1  73 1 2
6 78 0  50 1  35 1 3
7 68 0  56 0  21 1 1
8 32 1  49 1  51 1 1
9 62 1  44 1  63 1 1
10 76 1  66 1  60 1 3
11 108 0  93 0  43 1 5
12 45 1  52 1  64 1 4
13 48 1  100 0  78 1 1
14 67 1  53 1  64 1 1
15 90 1  57 1  77 1 4
16 90 0  29 1  20 1 6
17 103 0  41 1  38 1 1
18 116 0  37 1  69 1 3
19 104 0  56 1  42 1 4
20 69 0  27 1  77 0 4
21 78 1  83 1  50 1 2
22 114 0  37 1  48 1 2
23 74 1  39 1  50 1 5
24 78 1  78 1  55 1 2
25 47 1  100 0  72 1 2
26 62 1  95 1  69 1 4
27 34 1  79 0  24 1 3
28 49 0  79 0  21 1 1
29 61 1  64 1  61 1 3
30 50 1  44 1  69 1 2
31 120 1  91 1  65 1 2
32 107 0  46 1  48 1 5
33 38 1  45 1  56 1 3
34 44 1  29 1  76 0 4
35 56 1  58 1  70 1 6
36 55 1  28 1  31 1 3
37 88 0  41 1  37 1 1
38 103 0  68 0  31 1 5
39 65 1  72 1  43 1 5
40 97 1  72 1  57 1 3
(182,65,172) ; (0,0,0)
(174,168,95) ; (0,65,0)
(72,172,220) ; (515,0,0)
(76,60,219) ; (511,173,0)
(186,108,218) ; (329,0,0)
(132,124,138) ; (379,109,0)
(126,78,102) ; (174,155,0)
(110,78,178) ; (182,0,0)
(77,114,180) ; (302,119,0)
(45,76,85) ; (174,78,0)
(37,116,165) ; (292,0,0)
(73,73,83) ; (219,78,0)
(73,73,83) ; (219,78,83)
(44,76,87) ; (174,78,85)
(103,68,124) ; (0,165,95)
(131,100,78) ; (0,65,95)
(61,64,122) ; (103,169,95)
(42,104,94) ; (131,65,95)
(69,77,81) ; (174,156,102)
(56,70,116) ; (243,163,102)
(104,69,45) ; (407,156,138)
(100,47,72) ; (411,109,138)
(24,79,34) ; (383,146,138)
(31,28,55) ; (380,118,138)
(35,78,50) ; (294,0,165)
(31,28,55) ; (298,78,165)
(67,64,53) ; (219,78,166)
(107,46,48) ; (0,0,172)
(62,63,44) ; (107,0,172)
(24,79,34) ; (383,146,172)
(38,56,45) ; (174,78,172)
(37,88,41) ; (0,65,173)
(72,100,47) ; (37,65,173)
(20,90,29) ; (109,65,173)
(104,56,42) ; (182,0,178)
(90,20,29) ; (182,56,178)
(74,50,39) ; (305,183,180)
(49,51,32) ; (330,132,180)
(28,55,31) ; (302,128,180)
(103,68,31) ; (408,157,183)
(69,77,27) ; (174,156,183)
(40,90,29) ; (131,65,189)
