0.0528
33 3301
587 233 220
40
1 104 1  88 1  72 1 5
2 92 1  62 1  56 1 3
3 60 1  65 1  71 1 2
4 95 1  87 1  48 1 1
5 41 1  58 1  63 1 3
6 107 0  46 1  28 1 4
7 92 0  32 1  28 1 2
8 38 1  83 0  22 1 2
9 56 0  57 0  23 1 7
10 70 0  44 1  26 1 4
11 57 1  39 1  42 1 3
12 88 1  89 1  64 1 4
13 74 1  86 1  62 1 4
14 82 0  58 0  23 1 7
15 58 1  34 1  48 1 5
16 115 0  48 1  77 1 5
17 49 1  66 0  28 1 1
18 45 1  99 0  32 1 3
19 57 1  94 0  38 1 1
20 61 1  36 1  46 1 5
21 61 1  56 1  69 1 2
22 67 1  55 1  50 1 2
23 106 0  33 1  48 1 2
24 100 0  38 1  54 1 6
25 75 1  89 1  50 1 6
26 70 1  70 1  37 1 3
27 95 0  62 1  47 1 6
28 59 0  27 1  47 1 5
29 78 0  32 1  38 1 4
30 66 1  68 1  47 1 3
31 69 0  58 0  26 1 2
32 88 0  37 1  33 1 5
33 39 1  28 1  39 1 5
34 62 1  69 1  40 1 4
35 40 1  28 1  65 0 3
36 76 0  88 0  32 1 3
37 81 0  28 1  20 1 5
38 63 0  99 0  30 1 3
39 102 1  56 1  71 1 5
40 116 0  82 0  22 1 4
(144,176,104) ; (0,0,0)
(178,75,212) ; (409,0,0)
(176,64,216) ; (411,169,0)
(293,56,217) ; (0,177,0)
(95,94,124) ; (492,75,0)
(203,77,150) ; (144,0,0)
(72,92,61) ; (420,77,0)
(116,82,157) ; (295,151,0)
(62,74,172) ; (347,0,0)
(95,99,90) ; (144,78,0)
(70,74,70) ; (350,75,0)
(55,100,105) ; (239,77,0)
(56,71,163) ; (294,77,0)
(72,88,156) ; (420,81,61)
(69,62,146) ; (351,75,70)
(88,99,37) ; (144,78,90)
(142,60,115) ; (0,0,104)
(48,116,111) ; (0,60,104)
(96,115,77) ; (48,61,104)
(54,100,38) ; (239,77,105)
(95,94,62) ; (492,75,124)
(87,95,48) ; (144,82,127)
(32,99,45) ; (239,78,143)
(20,81,56) ; (271,96,143)
(198,47,68) ; (144,0,150)
(195,28,40) ; (144,47,150)
(116,41,63) ; (295,192,157)
(69,40,62) ; (342,152,157)
(46,36,61) ; (296,156,157)
(49,66,28) ; (301,77,163)
(58,68,48) ; (351,0,172)
(81,57,39) ; (144,120,175)
(83,38,44) ; (144,82,175)
(96,84,39) ; (48,92,181)
(92,28,32) ; (48,61,181)
(74,88,33) ; (513,81,186)
(20,81,28) ; (493,88,186)
(28,92,32) ; (239,85,188)
(162,28,20) ; (144,47,190)
(47,59,27) ; (303,77,191)
