0.0644
84 8401
587 233 220
40
1 48 1  64 0  31 1 2
2 40 1  44 1  78 1 5
3 45 1  30 1  52 1 2
4 115 0  72 1  37 1 5
5 58 1  89 1  59 1 3
6 114 0  95 0  29 1 4
7 95 0  42 1  67 1 6
8 64 1  56 1  47 1 5
9 69 0  41 1  24 1 2
10 120 0  35 1  56 1 3
11 95 0  40 1  76 1 3
12 70 1  92 1  57 1 4
13 40 1  86 0  42 1 1
14 58 1  46 1  74 1 2
15 56 1  29 1  53 1 2
16 89 0  93 0  39 1 2
17 45 1  57 1  55 1 1
18 105 0  60 1  43 1 4
19 80 0  97 0  35 1 3
20 79 1  46 1  61 1 3
21 51 1  97 1  56 1 7
22 104 0  61 1  48 1 4
23 74 1  40 1  45 1 6
24 63 0  66 0  26 1 2
25 101 0  46 1  30 1 1
26 70 0  88 0  20 1 3
27 57 1  50 1  77 1 5
28 34 1  98 0  49 1 4
29 83 1  62 1  55 1 3
30 46 1  78 1  57 1 5
31 82 1  61 1  44 1 5
32 118 0  66 1  34 1 4
33 36 1  36 1  22 1 4
34 87 0  52 1  40 1 5
35 31 1  85 0  46 1 4
36 93 0  80 0  20 1 3
37 86 0  75 0  32 1 7
38 75 1  42 1  68 1 2
39 112 0  29 1  37 1 4
40 36 1  52 1  67 1 7
(62,165,217) ; (0,0,0)
(95,228,168) ; (492,0,0)
(95,67,168) ; (0,166,0)
(57,156,219) ; (62,0,0)
(141,230,74) ; (351,0,0)
(256,56,144) ; (95,177,0)
(89,177,136) ; (119,0,0)
(75,172,96) ; (208,0,0)
(68,170,84) ; (283,0,0)
(105,120,142) ; (387,0,74)
(61,104,144) ; (431,120,74)
(80,97,145) ; (351,127,74)
(36,104,134) ; (351,0,74)
(36,22,144) ; (351,104,74)
(66,118,136) ; (284,0,84)
(67,52,36) ; (283,118,84)
(74,116,83) ; (208,0,96)
(45,55,57) ; (208,117,96)
(29,56,53) ; (253,116,96)
(56,51,97) ; (294,119,120)
(80,93,81) ; (119,0,136)
(87,80,52) ; (119,93,136)
(196,49,68) ; (95,184,144)
(47,56,64) ; (303,177,144)
(29,56,53) ; (253,116,149)
(45,52,30) ; (208,120,153)
(63,66,52) ; (0,167,168)
(87,120,52) ; (497,0,168)
(61,104,48) ; (523,124,168)
(31,64,48) ; (63,169,168)
(30,101,46) ; (493,127,168)
(70,88,40) ; (208,0,179)
(69,24,41) ; (208,88,179)
(45,52,30) ; (208,120,183)
(86,75,32) ; (119,98,188)
