0.0578
75 7501
587 233 220
40
1 59 1  81 1  60 1 1
2 105 0  33 1  64 1 3
3 30 1  58 1  35 1 2
4 30 1  27 1  73 0 3
5 37 1  75 0  64 1 7
6 89 0  43 1  30 1 6
7 84 0  43 1  34 1 2
8 112 1  57 1  63 1 8
9 49 1  50 1  27 1 4
10 76 1  89 1  67 1 2
11 118 0  29 1  74 0 2
12 92 1  47 1  73 1 4
13 72 0  57 0  23 1 4
14 53 1  54 1  37 1 5
15 94 0  26 1  77 0 2
16 50 1  41 1  29 1 3
17 107 0  77 0  29 1 7
18 71 0  74 0  22 1 5
19 83 0  30 1  74 0 6
20 60 0  25 1  32 1 3
21 112 0  97 1  53 1 2
22 69 1  70 1  72 1 5
23 51 0  47 0  23 1 3
24 50 1  52 1  27 1 2
25 51 1  94 1  60 1 2
26 82 1  54 1  60 1 2
27 120 0  41 1  22 1 2
28 69 1  77 1  44 1 6
29 97 1  62 1  50 1 5
30 102 0  75 0  36 1 7
31 112 0  79 0  22 1 3
32 64 1  71 1  46 1 7
33 87 0  75 0  32 1 4
34 92 0  31 1  60 1 3
35 95 1  67 1  57 1 1
36 49 1  80 1  73 1 3
37 69 1  89 1  59 1 2
38 43 1  52 1  28 1 3
39 36 1  93 0  28 1 2
40 85 0  25 1  64 0 3
(111,75,220) ; (0,0,0)
(228,126,162) ; (359,0,0)
(356,74,147) ; (0,159,0)
(75,102,216) ; (512,131,0)
(113,82,60) ; (0,77,0)
(154,107,87) ; (358,126,0)
(77,69,213) ; (111,0,0)
(152,89,110) ; (113,69,0)
(89,69,220) ; (188,0,0)
(82,94,120) ; (277,0,0)
(92,64,167) ; (266,95,0)
(112,79,66) ; (0,79,60)
(112,106,97) ; (400,127,87)
(33,105,128) ; (367,128,87)
(150,87,64) ; (113,69,110)
(31,92,60) ; (328,0,120)
(50,62,97) ; (278,0,120)
(50,27,98) ; (278,62,120)
(110,74,60) ; (0,84,126)
(148,71,44) ; (0,160,147)
(69,70,72) ; (148,161,147)
(93,72,28) ; (217,159,147)
(46,64,71) ; (310,167,147)
(148,53,54) ; (434,0,162)
(95,67,57) ; (487,53,162)
(74,118,58) ; (360,0,162)
(52,43,56) ; (435,53,162)
(52,27,50) ; (435,96,162)
(27,50,52) ; (324,109,167)
(54,37,53) ; (270,122,167)
(50,27,49) ; (274,95,167)
(144,57,46) ; (113,69,174)
(52,28,43) ; (113,128,174)
(89,30,43) ; (165,126,174)
(84,68,43) ; (217,163,175)
(30,58,35) ; (329,0,180)
(75,102,36) ; (437,131,184)
(30,58,35) ; (407,175,184)
(105,64,33) ; (0,93,186)
(145,64,25) ; (0,167,191)
