0.0674
2 201
587 233 220
40
1 84 1  48 1  66 1 1
2 107 1  67 1  55 1 2
3 78 1  65 1  78 1 4
4 118 1  70 1  61 1 4
5 47 1  53 1  73 1 2
6 74 1  81 1  57 1 2
7 65 1  43 1  59 1 3
8 100 1  72 1  73 1 3
9 82 0  76 0  33 1 1
10 101 1  74 1  59 1 5
11 62 1  59 1  38 1 3
12 81 1  57 1  65 1 2
13 91 1  91 1  64 1 5
14 58 0  84 0  24 1 2
15 37 1  93 0  23 1 3
16 64 1  63 1  52 1 3
17 68 1  99 1  78 1 2
18 66 1  54 1  38 1 2
19 107 0  44 1  31 1 3
20 43 1  57 1  43 1 2
21 84 0  46 1  28 1 1
22 84 1  76 1  67 1 2
23 108 1  97 1  79 1 3
24 58 0  38 1  21 1 3
25 46 1  30 1  76 0 4
26 37 1  70 1  45 1 1
27 36 1  79 0  59 1 2
28 40 1  88 0  30 1 3
29 112 0  36 1  32 1 4
30 38 1  32 1  40 1 2
31 71 1  89 1  51 1 2
32 85 1  48 1  49 1 2
33 120 1  73 1  73 1 2
34 97 0  38 1  59 1 3
35 103 0  96 1  51 1 3
36 83 0  30 1  41 1 2
37 64 1  65 1  65 1 2
38 99 0  99 0  46 1 3
39 75 0  29 1  32 1 1
40 120 0  57 1  41 1 3
(237,108,97) ; (0,0,0)
(64,182,220) ; (523,0,0)
(118,122,140) ; (0,111,0)
(309,51,96) ; (278,182,0)
(73,146,220) ; (450,0,0)
(79,36,118) ; (444,146,0)
(156,65,219) ; (118,168,0)
(112,101,213) ; (338,0,0)
(148,59,182) ; (118,109,0)
(136,78,183) ; (308,104,0)
(99,99,138) ; (237,0,0)
(30,83,82) ; (274,99,0)
(30,76,138) ; (274,106,82)
(142,51,89) ; (445,182,96)
(85,49,124) ; (360,184,96)
(73,47,106) ; (287,186,96)
(130,65,123) ; (0,0,97)
(114,43,43) ; (0,65,97)
(107,67,55) ; (130,0,97)
(120,41,57) ; (114,67,97)
(76,30,78) ; (447,152,118)
(65,57,81) ; (237,0,138)
(30,88,80) ; (306,0,138)
(66,38,54) ; (237,57,138)
(73,100,72) ; (0,133,140)
(112,36,32) ; (0,65,140)
(41,120,57) ; (73,113,140)
(58,21,38) ; (0,112,140)
(107,55,67) ; (130,0,152)
(120,41,57) ; (114,67,154)
(107,31,44) ; (0,65,172)
(58,21,38) ; (0,112,178)
(66,54,38) ; (118,112,182)
(70,45,37) ; (184,121,182)
(82,76,33) ; (360,104,183)
(40,76,32) ; (320,104,183)
(107,44,31) ; (480,189,185)
(58,38,21) ; (237,57,192)
(37,93,23) ; (73,140,197)
