0.0727
88 8801
587 233 220
40
1 73 1  39 1  41 1 2
2 79 0  59 0  29 1 2
3 107 1  74 1  54 1 2
4 44 1  42 1  69 1 1
5 111 0  79 0  28 1 4
6 55 1  57 1  41 1 2
7 117 0  25 1  33 1 1
8 80 0  42 0  20 1 4
9 59 1  47 1  69 1 2
10 101 0  70 0  33 1 2
11 74 0  67 0  27 1 1
12 46 1  80 1  56 1 1
13 97 1  84 1  76 1 4
14 117 0  48 1  78 1 1
15 66 1  56 1  62 1 4
16 99 0  60 1  44 1 3
17 84 0  29 1  25 1 4
18 72 1  59 1  42 1 2
19 73 1  76 1  52 1 3
20 112 1  77 1  75 1 5
21 63 0  30 1  61 0 4
22 87 0  34 1  77 0 5
23 82 0  66 0  24 1 2
24 83 1  63 1  52 1 3
25 61 1  91 0  32 1 5
26 96 1  83 1  60 1 2
27 63 1  67 1  45 1 2
28 67 1  37 1  62 1 2
29 76 1  82 1  48 1 5
30 104 0  36 1  64 1 5
31 95 0  76 1  40 1 2
32 92 1  95 1  57 1 3
33 54 1  96 1  64 1 4
34 111 0  100 0  36 1 3
35 97 0  48 0  24 1 4
36 93 0  72 0  34 1 4
37 86 0  50 1  32 1 5
38 74 0  92 0  33 1 5
39 105 0  46 1  33 1 3
40 119 0  42 1  25 1 2
(64,96,216) ; (0,0,0)
(336,77,220) ; (251,0,0)
(99,60,215) ; (488,173,0)
(62,132,112) ; (0,101,0)
(92,95,114) ; (495,78,0)
(261,79,146) ; (62,154,0)
(180,154,64) ; (64,0,0)
(74,54,214) ; (414,179,0)
(76,95,80) ; (419,78,0)
(91,64,189) ; (323,169,0)
(74,92,165) ; (345,77,0)
(48,76,82) ; (297,77,0)
(52,76,73) ; (244,77,0)
(111,100,154) ; (64,0,64)
(126,52,83) ; (64,102,64)
(60,96,152) ; (175,0,64)
(46,56,80) ; (190,98,64)
(52,76,146) ; (244,77,73)
(72,93,136) ; (423,80,80)
(42,72,59) ; (303,77,82)
(62,67,74) ; (0,166,112)
(61,63,60) ; (0,103,112)
(92,95,57) ; (495,78,114)
(42,69,44) ; (303,77,141)
(41,55,57) ; (190,99,144)
(174,77,34) ; (62,154,146)
(83,52,63) ; (236,179,146)
(84,25,58) ; (236,154,146)
(119,50,42) ; (64,104,147)
(42,80,20) ; (377,89,165)
(32,86,50) ; (345,83,165)
(82,66,48) ; (505,107,171)
(84,29,25) ; (503,78,171)
(61,63,30) ; (0,103,172)
(82,73,39) ; (62,158,180)
(80,42,40) ; (144,189,180)
(84,29,25) ; (144,160,180)
(42,80,20) ; (377,89,185)
(61,63,30) ; (0,170,186)
(97,48,24) ; (64,106,189)
(79,59,29) ; (334,173,189)
