0.0599
91 9101
587 233 220
40
1 56 0  95 0  24 1 3
2 85 0  67 1  36 1 4
3 44 0  78 0  22 1 4
4 89 0  77 0  20 1 5
5 55 1  48 1  73 1 7
6 69 0  40 1  25 1 4
7 75 1  39 1  61 1 7
8 87 1  92 1  54 1 2
9 53 1  56 1  50 1 7
10 64 1  96 1  77 1 5
11 52 1  63 1  61 1 4
12 66 1  35 1  73 0 3
13 81 0  37 1  80 0 6
14 86 0  67 0  25 1 5
15 70 0  58 0  28 1 1
16 76 1  58 1  48 1 3
17 42 1  63 1  54 1 3
18 75 1  78 0  39 1 6
19 40 1  70 1  71 1 1
20 68 0  27 1  37 1 1
21 80 1  92 0  44 1 4
22 112 0  97 0  24 1 3
23 111 1  100 1  63 1 2
24 110 0  91 0  43 1 4
25 31 1  52 1  69 0 2
26 87 0  100 0  24 1 4
27 106 1  56 1  74 1 2
28 109 0  28 1  78 0 3
29 68 1  78 1  41 1 3
30 61 1  85 1  68 1 2
31 80 0  51 1  30 1 4
32 96 0  47 1  52 1 3
33 74 0  39 1  33 1 2
34 99 0  80 0  34 1 3
35 31 1  27 1  60 0 2
36 40 1  55 1  41 1 2
37 74 1  58 1  47 1 4
38 50 1  36 1  56 1 4
39 43 1  71 1  45 1 4
40 59 1  42 1  45 1 7
(110,91,196) ; (0,0,0)
(225,78,219) ; (362,0,0)
(162,80,213) ; (0,153,0)
(128,154,96) ; (459,79,0)
(136,61,169) ; (0,92,0)
(88,92,214) ; (110,0,0)
(200,56,219) ; (259,177,0)
(96,55,193) ; (162,178,0)
(224,97,82) ; (235,80,0)
(109,78,84) ; (198,0,0)
(63,61,156) ; (136,92,0)
(69,25,40) ; (162,153,0)
(55,80,41) ; (307,0,0)
(35,73,66) ; (199,78,0)
(69,25,40) ; (162,153,40)
(55,73,175) ; (307,0,41)
(35,73,66) ; (199,78,66)
(69,25,40) ; (162,153,80)
(67,86,133) ; (392,88,82)
(67,86,136) ; (325,88,82)
(87,92,54) ; (235,82,82)
(44,78,66) ; (198,0,84)
(64,77,96) ; (242,0,84)
(126,111,100) ; (461,122,96)
(126,42,54) ; (461,79,96)
(69,25,40) ; (162,153,120)
(35,73,66) ; (199,78,132)
(86,90,71) ; (235,84,136)
(71,40,70) ; (516,79,150)
(54,42,63) ; (462,79,150)
(41,78,68) ; (198,0,150)
(63,61,52) ; (136,92,156)
(53,56,50) ; (0,95,169)
(76,58,48) ; (53,93,169)
(58,70,28) ; (242,0,180)
(78,44,22) ; (162,186,193)
(112,97,24) ; (475,136,196)
(100,87,24) ; (0,0,196)
