0.0545
48 4801
587 233 220
40
1 76 1  91 1  74 1 4
2 40 1  91 0  26 1 6
3 68 1  35 1  76 0 1
4 65 1  90 1  56 1 4
5 87 0  34 1  69 0 4
6 67 0  73 0  25 1 2
7 62 1  98 1  52 1 3
8 78 0  89 0  22 1 2
9 104 0  48 1  59 1 6
10 112 1  62 1  77 1 7
11 45 1  98 0  26 1 1
12 52 1  77 1  57 1 2
13 97 0  58 1  40 1 1
14 42 1  41 1  56 1 5
15 115 0  66 0  26 1 2
16 67 1  65 1  50 1 5
17 92 0  33 1  48 1 6
18 89 0  47 1  27 1 3
19 39 1  62 1  35 1 4
20 86 1  47 1  54 1 4
21 37 1  39 1  54 1 2
22 114 0  69 0  21 1 2
23 57 1  38 1  61 1 8
24 31 1  49 0  20 1 5
25 70 0  26 1  34 1 2
26 83 1  82 1  49 1 2
27 81 1  78 1  54 1 7
28 58 1  44 1  60 1 8
29 105 1  90 1  71 1 3
30 68 0  29 1  45 1 4
31 47 1  50 1  27 1 2
32 90 0  36 1  77 0 2
33 42 1  41 1  76 1 3
34 106 0  43 1  23 1 4
35 98 1  63 1  76 1 1
36 93 0  34 1  39 1 2
37 56 1  97 0  41 1 3
38 53 1  36 1  57 1 1
39 117 0  67 0  27 1 2
40 64 1  46 1  54 1 7
(186,154,112) ; (0,0,0)
(181,56,212) ; (406,0,0)
(104,177,156) ; (483,56,0)
(162,78,162) ; (0,155,0)
(105,90,213) ; (378,143,0)
(92,87,214) ; (391,56,0)
(148,76,182) ; (162,157,0)
(94,54,212) ; (312,0,0)
(123,156,76) ; (186,0,0)
(67,50,215) ; (311,183,0)
(82,83,98) ; (309,54,0)
(68,45,116) ; (310,138,0)
(98,156,62) ; (186,0,76)
(23,106,129) ; (285,0,76)
(20,49,93) ; (288,107,76)
(78,81,54) ; (313,54,98)
(117,67,106) ; (0,0,112)
(138,87,68) ; (0,67,112)
(67,65,100) ; (117,0,112)
(47,89,54) ; (138,65,112)
(60,44,58) ; (318,139,116)
(97,41,56) ; (186,0,138)
(98,63,76) ; (186,41,138)
(98,26,45) ; (186,130,138)
(91,26,80) ; (186,104,138)
(76,35,68) ; (315,54,152)
(54,46,64) ; (337,89,152)
(78,147,62) ; (507,83,156)
(89,27,47) ; (496,56,156)
(23,106,43) ; (484,124,156)
(67,73,50) ; (0,160,162)
(93,78,56) ; (67,155,162)
(47,50,54) ; (138,65,166)
(37,39,54) ; (138,115,166)
(56,42,41) ; (322,141,174)
(97,84,40) ; (0,67,180)
(37,54,39) ; (97,67,180)
(92,48,33) ; (162,185,182)
(70,26,34) ; (162,159,182)
(53,57,36) ; (254,176,182)
(70,26,34) ; (186,130,183)
(91,40,26) ; (186,0,194)
