0.0653
80 8001
587 233 220
40
1 89 1  71 1  68 1 2
2 117 0  26 1  76 0 4
3 77 1  40 1  69 1 5
4 54 0  26 1  79 0 3
5 91 1  56 1  75 1 3
6 63 1  99 1  57 1 3
7 119 1  90 1  65 1 2
8 110 0  29 1  57 1 5
9 95 0  98 0  42 1 2
10 46 1  95 0  27 1 4
11 80 0  75 0  32 1 2
12 64 1  80 1  63 1 3
13 118 0  41 1  48 1 3
14 98 0  30 1  31 1 2
15 69 0  55 1  30 1 3
16 79 0  69 0  20 1 4
17 88 1  70 1  55 1 4
18 62 1  73 1  80 1 4
19 87 0  84 0  28 1 3
20 63 0  78 0  21 1 5
21 40 1  83 0  37 1 5
22 42 1  33 1  67 0 3
23 38 1  30 1  67 0 9
24 89 0  58 1  33 1 2
25 117 1  75 1  69 1 3
26 101 0  40 1  70 1 4
27 93 0  65 1  42 1 1
28 35 1  33 1  46 1 3
29 39 1  54 1  78 0 2
30 84 1  64 1  69 1 2
31 115 0  85 0  37 1 5
32 119 0  71 1  36 1 2
33 73 1  55 1  57 1 4
34 80 0  37 1  32 1 2
35 36 1  33 1  80 0 4
36 57 1  59 1  76 1 5
37 30 1  53 1  55 1 1
38 63 1  81 1  68 1 1
39 54 0  87 0  27 1 6
40 69 1  67 1  78 1 4
(69,156,217) ; (0,0,0)
(209,57,219) ; (378,0,0)
(155,85,217) ; (432,148,0)
(118,76,218) ; (0,157,0)
(70,88,220) ; (517,57,0)
(69,156,217) ; (69,0,0)
(210,63,160) ; (118,170,0)
(130,90,119) ; (387,57,0)
(91,168,103) ; (138,0,0)
(101,80,176) ; (331,153,0)
(81,63,216) ; (297,0,0)
(68,71,220) ; (229,0,0)
(54,87,161) ; (333,63,0)
(98,95,84) ; (229,75,0)
(95,92,27) ; (229,78,84)
(75,69,117) ; (138,0,103)
(73,55,114) ; (138,113,103)
(78,39,108) ; (138,69,103)
(93,65,42) ; (229,105,111)
(95,27,46) ; (229,78,111)
(128,84,69) ; (389,57,119)
(89,58,66) ; (229,112,153)
(95,27,46) ; (229,78,157)
(110,29,57) ; (118,203,160)
(35,33,46) ; (118,170,160)
(98,31,60) ; (153,172,160)
(76,57,59) ; (251,175,160)
(54,79,26) ; (333,63,161)
(67,33,42) ; (363,200,176)
(66,46,35) ; (364,154,176)
(32,80,37) ; (331,153,176)
(54,79,26) ; (333,63,187)
(37,80,32) ; (480,57,188)
(87,84,28) ; (393,57,188)
