0.0613
74 7401
587 233 220
40
1 117 0  39 1  64 1 6
2 34 1  56 1  68 0 5
3 108 0  54 1  64 1 3
4 43 1  28 1  31 1 5
5 59 1  50 1  60 1 3
6 56 1  80 1  73 1 4
7 114 0  97 0  43 1 5
8 104 1  95 1  53 1 3
9 37 1  32 1  37 1 3
10 40 1  65 0  23 1 2
11 36 1  55 1  75 0 5
12 88 1  49 1  75 1 4
13 97 0  57 1  30 1 4
14 71 0  25 1  47 1 4
15 60 0  32 1  28 1 3
16 63 0  54 1  28 1 5
17 97 0  79 0  38 1 5
18 63 0  99 0  22 1 2
19 76 0  40 1  35 1 3
20 114 0  31 1  46 1 5
21 98 0  39 1  38 1 4
22 109 0  45 1  64 1 1
23 68 1  36 1  66 1 4
24 92 1  84 1  50 1 2
25 117 0  65 0  29 1 3
26 73 1  82 1  72 1 3
27 104 0  38 1  40 1 8
28 107 0  53 1  52 1 2
29 78 0  70 1  36 1 3
30 54 1  40 1  29 1 3
31 116 0  83 1  47 1 4
32 78 1  47 1  73 1 1
33 90 0  85 0  36 1 4
34 101 0  29 1  41 1 1
35 72 1  50 1  41 1 6
36 49 1  82 1  77 1 2
37 57 0  76 0  23 1 7
38 91 0  87 0  20 1 5
39 59 1  33 1  45 1 2
40 59 1  31 1  54 1 4
(98,118,182) ; (0,0,0)
(123,82,216) ; (464,0,0)
(114,97,215) ; (473,136,0)
(107,114,166) ; (0,119,0)
(108,54,128) ; (479,82,0)
(94,116,212) ; (98,0,0)
(78,117,215) ; (107,116,0)
(112,80,216) ; (361,153,0)
(106,95,157) ; (358,0,0)
(171,92,100) ; (185,141,0)
(109,64,186) ; (192,0,0)
(68,56,213) ; (405,97,0)
(55,75,180) ; (303,0,0)
(98,77,170) ; (192,64,0)
(40,54,87) ; (365,99,0)
(68,66,144) ; (290,75,0)
(33,45,118) ; (372,108,87)
(170,90,72) ; (185,142,100)
(75,49,88) ; (512,82,128)
(32,37,74) ; (480,82,128)
(40,65,23) ; (318,75,144)
(28,63,54) ; (290,75,144)
(97,30,57) ; (365,0,157)
(100,60,59) ; (362,30,157)
(104,107,53) ; (0,126,166)
(40,65,23) ; (318,75,167)
(88,75,49) ; (192,64,170)
(99,63,44) ; (185,169,172)
(71,50,47) ; (284,182,172)
(142,25,47) ; (185,144,172)
(28,31,43) ; (327,151,172)
(54,63,28) ; (304,0,180)
(97,79,38) ; (0,0,182)
(37,32,37) ; (0,79,182)
(60,32,28) ; (37,79,182)
(97,57,30) ; (192,0,186)
(32,60,28) ; (326,75,190)
